seed,step,dataset,muh_fun,method,coverage,width,muh_test,y_test
0,1,Florescent,ridge,full_ex,1.0,0.8,0.24336815441663787,0.15217007416336323
0,1,Florescent,ridge,full_1fcs,1.0,0.66,0.24336815441663787,0.15217007416336323
0,1,Florescent,ridge,full_mfcs,1.0,0.66,0.24336815441663787,0.15217007416336323
0,2,Florescent,ridge,full_ex,1.0,0.84,0.3846118932160607,0.20722734000200188
0,2,Florescent,ridge,full_1fcs,1.0,0.76,0.3846118932160607,0.20722734000200188
0,2,Florescent,ridge,full_mfcs,1.0,1.16,0.3846118932160607,0.20722734000200188
0,3,Florescent,ridge,full_ex,1.0,0.64,0.20729365925359128,0.19853423944312276
0,3,Florescent,ridge,full_1fcs,1.0,0.64,0.20729365925359128,0.19853423944312276
0,3,Florescent,ridge,full_mfcs,1.0,0.64,0.20729365925359128,0.19853423944312276
0,4,Florescent,ridge,full_ex,1.0,0.66,0.20291476822729151,0.1815801765632226
0,4,Florescent,ridge,full_1fcs,1.0,0.66,0.20291476822729151,0.1815801765632226
0,4,Florescent,ridge,full_mfcs,1.0,0.66,0.20291476822729151,0.1815801765632226
0,5,Florescent,ridge,full_ex,1.0,0.66,0.19580412416282533,0.17996614202322686
0,5,Florescent,ridge,full_1fcs,1.0,0.66,0.19580412416282533,0.17996614202322686
0,5,Florescent,ridge,full_mfcs,1.0,0.66,0.19580412416282533,0.17996614202322686
1,1,Florescent,ridge,full_ex,1.0,0.36,0.127909573968192,0.027168707136259688
1,1,Florescent,ridge,full_1fcs,1.0,1.08,0.127909573968192,0.027168707136259688
1,1,Florescent,ridge,full_mfcs,1.0,1.08,0.127909573968192,0.027168707136259688
1,2,Florescent,ridge,full_ex,1.0,0.4,0.14034304558545532,0.27530285797090737
1,2,Florescent,ridge,full_1fcs,1.0,0.48,0.14034304558545532,0.27530285797090737
1,2,Florescent,ridge,full_mfcs,1.0,0.5,0.14034304558545532,0.27530285797090737
1,3,Florescent,ridge,full_ex,1.0,0.54,0.2752479621248789,0.23900045950059934
1,3,Florescent,ridge,full_1fcs,1.0,0.62,0.2752479621248789,0.23900045950059934
1,3,Florescent,ridge,full_mfcs,1.0,0.62,0.2752479621248789,0.23900045950059934
1,4,Florescent,ridge,full_ex,1.0,0.38,0.2571278975444308,0.25030816082552976
1,4,Florescent,ridge,full_1fcs,1.0,0.6,0.2571278975444308,0.25030816082552976
1,4,Florescent,ridge,full_mfcs,1.0,0.6,0.2571278975444308,0.25030816082552976
1,5,Florescent,ridge,full_ex,1.0,0.38,0.254854960273857,0.25251191409384544
1,5,Florescent,ridge,full_1fcs,1.0,0.6,0.254854960273857,0.25251191409384544
1,5,Florescent,ridge,full_mfcs,1.0,0.62,0.254854960273857,0.25251191409384544
2,1,Florescent,ridge,full_ex,1.0,1.3800000000000001,0.5923269100699583,0.23285771425640883
2,1,Florescent,ridge,full_1fcs,1.0,1.48,0.5923269100699583,0.23285771425640883
2,1,Florescent,ridge,full_mfcs,1.0,1.48,0.5923269100699583,0.23285771425640883
2,2,Florescent,ridge,full_ex,1.0,0.96,0.22926693682736993,0.08762077182361354
2,2,Florescent,ridge,full_1fcs,1.0,1.16,0.22926693682736993,0.08762077182361354
2,2,Florescent,ridge,full_mfcs,1.0,1.16,0.22926693682736993,0.08762077182361354
2,3,Florescent,ridge,full_ex,1.0,0.8200000000000001,0.08764846719731485,0.10719473940622401
2,3,Florescent,ridge,full_1fcs,1.0,0.96,0.08764846719731485,0.10719473940622401
2,3,Florescent,ridge,full_mfcs,1.0,0.96,0.08764846719731485,0.10719473940622401
2,4,Florescent,ridge,full_ex,1.0,0.8200000000000001,0.0974206477615171,0.1542535167105721
2,4,Florescent,ridge,full_1fcs,1.0,0.98,0.0974206477615171,0.1542535167105721
2,4,Florescent,ridge,full_mfcs,1.0,0.98,0.0974206477615171,0.1542535167105721
2,5,Florescent,ridge,full_ex,1.0,0.84,0.1163637025582405,0.13601607558653267
2,5,Florescent,ridge,full_1fcs,1.0,0.98,0.1163637025582405,0.13601607558653267
2,5,Florescent,ridge,full_mfcs,1.0,0.98,0.1163637025582405,0.13601607558653267
3,1,Florescent,ridge,full_ex,1.0,0.78,0.4533179600614057,0.07142881317137012
3,1,Florescent,ridge,full_1fcs,0.0,0.98,0.4533179600614057,0.07142881317137012
3,1,Florescent,ridge,full_mfcs,0.0,0.98,0.4533179600614057,0.07142881317137012
3,2,Florescent,ridge,full_ex,1.0,0.92,0.4797013445814746,0.6194470319232122
3,2,Florescent,ridge,full_1fcs,1.0,1.32,0.4797013445814746,0.6194470319232122
3,2,Florescent,ridge,full_mfcs,1.0,1.44,0.4797013445814746,0.6194470319232122
3,3,Florescent,ridge,full_ex,1.0,0.78,0.6193630731022665,0.6840516536564089
3,3,Florescent,ridge,full_1fcs,1.0,0.78,0.6193630731022665,0.6840516536564089
3,3,Florescent,ridge,full_mfcs,1.0,0.86,0.6193630731022665,0.6840516536564089
3,4,Florescent,ridge,full_ex,1.0,0.78,0.6516976442776997,0.7922987373746655
3,4,Florescent,ridge,full_1fcs,1.0,0.92,0.6516976442776997,0.7922987373746655
3,4,Florescent,ridge,full_mfcs,1.0,1.04,0.6516976442776997,0.7922987373746655
3,5,Florescent,ridge,full_ex,1.0,0.76,0.6985552856910645,0.7147479625306
3,5,Florescent,ridge,full_1fcs,1.0,1.02,0.6985552856910645,0.7147479625306
3,5,Florescent,ridge,full_mfcs,1.0,1.02,0.6985552856910645,0.7147479625306
4,1,Florescent,ridge,full_ex,1.0,0.58,0.1836730301053351,0.1686761902972114
4,1,Florescent,ridge,full_1fcs,1.0,0.62,0.1836730301053351,0.1686761902972114
4,1,Florescent,ridge,full_mfcs,1.0,0.62,0.1836730301053351,0.1686761902972114
4,2,Florescent,ridge,full_ex,1.0,0.42,0.022592352589700153,0.13325414886850137
4,2,Florescent,ridge,full_1fcs,1.0,0.38,0.022592352589700153,0.13325414886850137
4,2,Florescent,ridge,full_mfcs,1.0,0.78,0.022592352589700153,0.13325414886850137
4,3,Florescent,ridge,full_ex,1.0,0.52,0.13323597732882023,0.13810545273661595
4,3,Florescent,ridge,full_1fcs,1.0,0.5,0.13323597732882023,0.13810545273661595
4,3,Florescent,ridge,full_mfcs,1.0,0.5,0.13323597732882023,0.13810545273661595
4,4,Florescent,ridge,full_ex,1.0,0.52,0.13567051511493305,0.13859915007826923
4,4,Florescent,ridge,full_1fcs,1.0,0.48,0.13567051511493305,0.13859915007826923
4,4,Florescent,ridge,full_mfcs,1.0,0.52,0.13567051511493305,0.13859915007826923
4,5,Florescent,ridge,full_ex,1.0,0.52,0.13664667332964314,0.13802219499154314
4,5,Florescent,ridge,full_1fcs,1.0,0.52,0.13664667332964314,0.13802219499154314
4,5,Florescent,ridge,full_mfcs,1.0,0.52,0.13664667332964314,0.13802219499154314
5,1,Florescent,ridge,full_ex,0.0,1.18,0.7212967035010552,1.5532767834816574
5,1,Florescent,ridge,full_1fcs,1.0,2.22,0.7212967035010552,1.5532767834816574
5,1,Florescent,ridge,full_mfcs,1.0,2.22,0.7212967035010552,1.5532767834816574
5,2,Florescent,ridge,full_ex,1.0,1.1,1.1205114336779767,0.7868532169204187
5,2,Florescent,ridge,full_1fcs,1.0,1.46,1.1205114336779767,0.7868532169204187
5,2,Florescent,ridge,full_mfcs,1.0,1.6400000000000001,1.1205114336779767,0.7868532169204187
5,3,Florescent,ridge,full_ex,1.0,1.08,0.7869647223047598,0.8599097336968561
5,3,Florescent,ridge,full_1fcs,1.0,1.46,0.7869647223047598,0.8599097336968561
5,3,Florescent,ridge,full_mfcs,1.0,1.46,0.7869647223047598,0.8599097336968561
5,4,Florescent,ridge,full_ex,1.0,1.06,0.8234311326010777,0.7008622731898854
5,4,Florescent,ridge,full_1fcs,1.0,1.34,0.8234311326010777,0.7008622731898854
5,4,Florescent,ridge,full_mfcs,1.0,1.34,0.8234311326010777,0.7008622731898854
5,5,Florescent,ridge,full_ex,1.0,1.08,0.7825793984038261,0.8718932976146042
5,5,Florescent,ridge,full_1fcs,1.0,1.36,0.7825793984038261,0.8718932976146042
5,5,Florescent,ridge,full_mfcs,1.0,1.36,0.7825793984038261,0.8718932976146042
6,1,Florescent,ridge,full_ex,1.0,1.28,0.7119240952417872,0.9828488278706067
6,1,Florescent,ridge,full_1fcs,1.0,2.22,0.7119240952417872,0.9828488278706067
6,1,Florescent,ridge,full_mfcs,1.0,2.22,0.7119240952417872,0.9828488278706067
6,2,Florescent,ridge,full_ex,0.0,0.92,0.41625023834933206,0.9973935499512651
6,2,Florescent,ridge,full_1fcs,0.0,1.18,0.41625023834933206,0.9973935499512651
6,2,Florescent,ridge,full_mfcs,0.0,1.3800000000000001,0.41625023834933206,0.9973935499512651
6,3,Florescent,ridge,full_ex,1.0,1.22,0.9972830033805735,0.9884260889656336
6,3,Florescent,ridge,full_1fcs,1.0,1.36,0.9972830033805735,0.9884260889656336
6,3,Florescent,ridge,full_mfcs,1.0,1.6,0.9972830033805735,0.9884260889656336
6,4,Florescent,ridge,full_ex,1.0,1.02,0.9928549674082683,0.9885984809613227
6,4,Florescent,ridge,full_1fcs,1.0,1.48,0.9928549674082683,0.9885984809613227
6,4,Florescent,ridge,full_mfcs,1.0,1.28,0.9928549674082683,0.9885984809613227
6,5,Florescent,ridge,full_ex,1.0,1.02,0.9914362285708681,0.9920998682814067
6,5,Florescent,ridge,full_1fcs,1.0,1.52,0.9914362285708681,0.9920998682814067
6,5,Florescent,ridge,full_mfcs,1.0,1.32,0.9914362285708681,0.9920998682814067
7,1,Florescent,ridge,full_ex,1.0,0.5,0.17359839280287265,0.08624876505052612
7,1,Florescent,ridge,full_1fcs,1.0,0.7000000000000001,0.17359839280287265,0.08624876505052612
7,1,Florescent,ridge,full_mfcs,1.0,0.7000000000000001,0.17359839280287265,0.08624876505052612
7,2,Florescent,ridge,full_ex,1.0,0.5,0.17580662178941803,0.060253943149367384
7,2,Florescent,ridge,full_1fcs,1.0,0.98,0.17580662178941803,0.060253943149367384
7,2,Florescent,ridge,full_mfcs,1.0,1.3,0.17580662178941803,0.060253943149367384
7,3,Florescent,ridge,full_ex,1.0,0.38,0.06028784158653761,0.09798518662774972
7,3,Florescent,ridge,full_1fcs,1.0,0.66,0.06028784158653761,0.09798518662774972
7,3,Florescent,ridge,full_mfcs,1.0,0.76,0.06028784158653761,0.09798518662774972
7,4,Florescent,ridge,full_ex,1.0,0.4,0.07913374898629826,0.08867007356119347
7,4,Florescent,ridge,full_1fcs,1.0,0.8200000000000001,0.07913374898629826,0.08867007356119347
7,4,Florescent,ridge,full_mfcs,1.0,0.8200000000000001,0.07913374898629826,0.08867007356119347
7,5,Florescent,ridge,full_ex,1.0,0.4,0.08231221294284588,0.07253517908003267
7,5,Florescent,ridge,full_1fcs,1.0,0.84,0.08231221294284588,0.07253517908003267
7,5,Florescent,ridge,full_mfcs,1.0,0.84,0.08231221294284588,0.07253517908003267
8,1,Florescent,ridge,full_ex,1.0,0.42,-0.015003573662418935,0.14962295548261623
8,1,Florescent,ridge,full_1fcs,1.0,0.78,-0.015003573662418935,0.14962295548261623
8,1,Florescent,ridge,full_mfcs,1.0,0.78,-0.015003573662418935,0.14962295548261623
8,2,Florescent,ridge,full_ex,1.0,0.52,0.011368772655085502,0.13591582642009542
8,2,Florescent,ridge,full_1fcs,1.0,0.76,0.011368772655085502,0.13591582642009542
8,2,Florescent,ridge,full_mfcs,1.0,1.1400000000000001,0.011368772655085502,0.13591582642009542
8,3,Florescent,ridge,full_ex,1.0,0.62,0.1358964589158904,0.12197937364263689
8,3,Florescent,ridge,full_1fcs,1.0,0.74,0.1358964589158904,0.12197937364263689
8,3,Florescent,ridge,full_mfcs,1.0,0.74,0.1358964589158904,0.12197937364263689
8,4,Florescent,ridge,full_ex,1.0,0.6,0.12893845736050955,0.1271665754601178
8,4,Florescent,ridge,full_1fcs,1.0,0.72,0.12893845736050955,0.1271665754601178
8,4,Florescent,ridge,full_mfcs,1.0,0.72,0.12893845736050955,0.1271665754601178
8,5,Florescent,ridge,full_ex,1.0,0.6,0.12834786067824738,0.12031291601091276
8,5,Florescent,ridge,full_1fcs,1.0,0.72,0.12834786067824738,0.12031291601091276
8,5,Florescent,ridge,full_mfcs,1.0,0.72,0.12834786067824738,0.12031291601091276
9,1,Florescent,ridge,full_ex,1.0,1.1400000000000001,0.46457170516478136,0.7795807620173811
9,1,Florescent,ridge,full_1fcs,1.0,1.6400000000000001,0.46457170516478136,0.7795807620173811
9,1,Florescent,ridge,full_mfcs,1.0,1.6400000000000001,0.46457170516478136,0.7795807620173811
9,2,Florescent,ridge,full_ex,1.0,0.9400000000000001,0.335703060109368,0.17843881834829384
9,2,Florescent,ridge,full_1fcs,1.0,0.92,0.335703060109368,0.17843881834829384
9,2,Florescent,ridge,full_mfcs,1.0,1.28,0.335703060109368,0.17843881834829384
9,3,Florescent,ridge,full_ex,1.0,0.86,0.17846917828516626,0.18409059498907504
9,3,Florescent,ridge,full_1fcs,1.0,0.8,0.17846917828516626,0.18409059498907504
9,3,Florescent,ridge,full_mfcs,1.0,0.8,0.17846917828516626,0.18409059498907504
9,4,Florescent,ridge,full_ex,1.0,0.88,0.18127961530756212,0.18869763611563492
9,4,Florescent,ridge,full_1fcs,1.0,0.8200000000000001,0.18127961530756212,0.18869763611563492
9,4,Florescent,ridge,full_mfcs,1.0,0.8200000000000001,0.18127961530756212,0.18869763611563492
9,5,Florescent,ridge,full_ex,1.0,0.88,0.18375212977185756,0.20684505278996926
9,5,Florescent,ridge,full_1fcs,1.0,0.8200000000000001,0.18375212977185756,0.20684505278996926
9,5,Florescent,ridge,full_mfcs,1.0,0.8200000000000001,0.18375212977185756,0.20684505278996926
10,1,Florescent,ridge,full_ex,1.0,0.56,0.27637484732707107,0.14445737681820334
10,1,Florescent,ridge,full_1fcs,1.0,1.48,0.27637484732707107,0.14445737681820334
10,1,Florescent,ridge,full_mfcs,1.0,1.48,0.27637484732707107,0.14445737681820334
10,2,Florescent,ridge,full_ex,1.0,0.48,0.2047358349743842,0.0015263348930813214
10,2,Florescent,ridge,full_1fcs,1.0,0.76,0.2047358349743842,0.0015263348930813214
10,2,Florescent,ridge,full_mfcs,1.0,1.06,0.2047358349743842,0.0015263348930813214
10,3,Florescent,ridge,full_ex,1.0,0.42,0.0015737997679634947,0.0
10,3,Florescent,ridge,full_1fcs,1.0,0.52,0.0015737997679634947,0.0
10,3,Florescent,ridge,full_mfcs,1.0,0.72,0.0015737997679634947,0.0
10,4,Florescent,ridge,full_ex,1.0,0.32,0.0007869917951311891,0.14219922464406742
10,4,Florescent,ridge,full_1fcs,1.0,0.72,0.0007869917951311891,0.14219922464406742
10,4,Florescent,ridge,full_mfcs,1.0,0.72,0.0007869917951311891,0.14219922464406742
10,5,Florescent,ridge,full_ex,1.0,0.36,0.04792073211624902,0.23668970762730193
10,5,Florescent,ridge,full_1fcs,1.0,0.76,0.04792073211624902,0.23668970762730193
10,5,Florescent,ridge,full_mfcs,1.0,0.76,0.04792073211624902,0.23668970762730193
11,1,Florescent,ridge,full_ex,1.0,0.72,0.5347615886833519,0.14574626844971791
11,1,Florescent,ridge,full_1fcs,1.0,2.22,0.5347615886833519,0.14574626844971791
11,1,Florescent,ridge,full_mfcs,1.0,2.22,0.5347615886833519,0.14574626844971791
11,2,Florescent,ridge,full_ex,1.0,0.64,0.09183494137961977,0.08174067066605245
11,2,Florescent,ridge,full_1fcs,1.0,0.64,0.09183494137961977,0.08174067066605245
11,2,Florescent,ridge,full_mfcs,1.0,0.64,0.09183494137961977,0.08174067066605245
11,3,Florescent,ridge,full_ex,1.0,0.52,0.08174340505535599,0.0940023115812014
11,3,Florescent,ridge,full_1fcs,1.0,0.34,0.08174340505535599,0.0940023115812014
11,3,Florescent,ridge,full_mfcs,1.0,0.44,0.08174340505535599,0.0940023115812014
11,4,Florescent,ridge,full_ex,1.0,0.52,0.08787202801589995,0.14732230088712828
11,4,Florescent,ridge,full_1fcs,1.0,0.32,0.08787202801589995,0.14732230088712828
11,4,Florescent,ridge,full_mfcs,1.0,0.5,0.08787202801589995,0.14732230088712828
11,5,Florescent,ridge,full_ex,1.0,0.54,0.10768699596026148,0.1707247998399259
11,5,Florescent,ridge,full_1fcs,1.0,0.34,0.10768699596026148,0.1707247998399259
11,5,Florescent,ridge,full_mfcs,1.0,0.52,0.10768699596026148,0.1707247998399259
12,1,Florescent,ridge,full_ex,0.0,0.5,0.5551750818575435,0.07431294615467486
12,1,Florescent,ridge,full_1fcs,1.0,2.22,0.5551750818575435,0.07431294615467486
12,1,Florescent,ridge,full_mfcs,1.0,2.22,0.5551750818575435,0.07431294615467486
12,2,Florescent,ridge,full_ex,1.0,0.4,0.06387730837483556,0.09984545336899098
12,2,Florescent,ridge,full_1fcs,1.0,0.74,0.06387730837483556,0.09984545336899098
12,2,Florescent,ridge,full_mfcs,1.0,1.1,0.06387730837483556,0.09984545336899098
12,3,Florescent,ridge,full_ex,1.0,0.42,0.0998388255830388,0.09061195431612996
12,3,Florescent,ridge,full_1fcs,1.0,0.68,0.0998388255830388,0.09061195431612996
12,3,Florescent,ridge,full_mfcs,1.0,0.96,0.0998388255830388,0.09061195431612996
12,4,Florescent,ridge,full_ex,1.0,0.4,0.09522581504324423,0.08671622268488227
12,4,Florescent,ridge,full_1fcs,1.0,0.96,0.09522581504324423,0.08671622268488227
12,4,Florescent,ridge,full_mfcs,1.0,0.96,0.09522581504324423,0.08671622268488227
12,5,Florescent,ridge,full_ex,1.0,0.4,0.09238945850682041,0.08895434209638692
12,5,Florescent,ridge,full_1fcs,1.0,0.96,0.09238945850682041,0.08895434209638692
12,5,Florescent,ridge,full_mfcs,1.0,0.96,0.09238945850682041,0.08895434209638692
13,1,Florescent,ridge,full_ex,1.0,0.74,0.3427433612243126,0.07344480193466897
13,1,Florescent,ridge,full_1fcs,1.0,1.86,0.3427433612243126,0.07344480193466897
13,1,Florescent,ridge,full_mfcs,1.0,1.86,0.3427433612243126,0.07344480193466897
13,2,Florescent,ridge,full_ex,1.0,0.5,0.06601016692502479,0.1071609624937161
13,2,Florescent,ridge,full_1fcs,1.0,0.66,0.06601016692502479,0.1071609624937161
13,2,Florescent,ridge,full_mfcs,1.0,0.98,0.06601016692502479,0.1071609624937161
13,3,Florescent,ridge,full_ex,1.0,0.54,0.10715345787995521,0.11629158374493072
13,3,Florescent,ridge,full_1fcs,1.0,0.7000000000000001,0.10715345787995521,0.11629158374493072
13,3,Florescent,ridge,full_mfcs,1.0,1.24,0.10715345787995521,0.11629158374493072
13,4,Florescent,ridge,full_ex,1.0,0.54,0.11172210414835246,0.08370156795774948
13,4,Florescent,ridge,full_1fcs,1.0,1.02,0.11172210414835246,0.08370156795774948
13,4,Florescent,ridge,full_mfcs,1.0,1.06,0.11172210414835246,0.08370156795774948
13,5,Florescent,ridge,full_ex,1.0,0.52,0.10238249327162785,0.08698846544175325
13,5,Florescent,ridge,full_1fcs,1.0,1.02,0.10238249327162785,0.08698846544175325
13,5,Florescent,ridge,full_mfcs,1.0,1.36,0.10238249327162785,0.08698846544175325
14,1,Florescent,ridge,full_ex,1.0,0.72,0.28450211834598915,0.08191747432213883
14,1,Florescent,ridge,full_1fcs,1.0,1.02,0.28450211834598915,0.08191747432213883
14,1,Florescent,ridge,full_mfcs,1.0,1.02,0.28450211834598915,0.08191747432213883
14,2,Florescent,ridge,full_ex,1.0,0.64,0.009426739125390063,0.08059860225467852
14,2,Florescent,ridge,full_1fcs,1.0,1.1400000000000001,0.009426739125390063,0.08059860225467852
14,2,Florescent,ridge,full_mfcs,1.0,1.52,0.009426739125390063,0.08059860225467852
14,3,Florescent,ridge,full_ex,1.0,0.7000000000000001,0.08058839821830524,0.1683935107461347
14,3,Florescent,ridge,full_1fcs,1.0,0.8,0.08058839821830524,0.1683935107461347
14,3,Florescent,ridge,full_mfcs,1.0,1.1,0.08058839821830524,0.1683935107461347
14,4,Florescent,ridge,full_ex,1.0,0.74,0.12448780706379597,0.27189251354161975
14,4,Florescent,ridge,full_1fcs,1.0,1.06,0.12448780706379597,0.27189251354161975
14,4,Florescent,ridge,full_mfcs,1.0,1.06,0.12448780706379597,0.27189251354161975
14,5,Florescent,ridge,full_ex,1.0,0.8,0.17362036081142723,0.2278422715624265
14,5,Florescent,ridge,full_1fcs,1.0,1.18,0.17362036081142723,0.2278422715624265
14,5,Florescent,ridge,full_mfcs,1.0,1.18,0.17362036081142723,0.2278422715624265
15,1,Florescent,ridge,full_ex,1.0,0.48,0.3750801773654564,0.462372067089989
15,1,Florescent,ridge,full_1fcs,1.0,1.08,0.3750801773654564,0.462372067089989
15,1,Florescent,ridge,full_mfcs,1.0,1.08,0.3750801773654564,0.462372067089989
15,2,Florescent,ridge,full_ex,1.0,0.32,0.02682057165857829,0.16505322355304997
15,2,Florescent,ridge,full_1fcs,1.0,0.28,0.02682057165857829,0.16505322355304997
15,2,Florescent,ridge,full_mfcs,1.0,0.98,0.02682057165857829,0.16505322355304997
15,3,Florescent,ridge,full_ex,1.0,0.46,0.16502580351060625,0.0
15,3,Florescent,ridge,full_1fcs,1.0,0.38,0.16502580351060625,0.0
15,3,Florescent,ridge,full_mfcs,1.0,0.5,0.16502580351060625,0.0
15,4,Florescent,ridge,full_ex,1.0,0.34,0.08252108626032408,0.1935075285980521
15,4,Florescent,ridge,full_1fcs,1.0,0.3,0.08252108626032408,0.1935075285980521
15,4,Florescent,ridge,full_mfcs,1.0,0.4,0.08252108626032408,0.1935075285980521
15,5,Florescent,ridge,full_ex,1.0,0.38,0.11951412055526613,0.15348623502720246
15,5,Florescent,ridge,full_1fcs,1.0,0.34,0.11951412055526613,0.15348623502720246
15,5,Florescent,ridge,full_mfcs,1.0,0.44,0.11951412055526613,0.15348623502720246
16,1,Florescent,ridge,full_ex,1.0,0.7000000000000001,0.2855798668149245,0.11753664139372404
16,1,Florescent,ridge,full_1fcs,1.0,1.24,0.2855798668149245,0.11753664139372404
16,1,Florescent,ridge,full_mfcs,1.0,1.24,0.2855798668149245,0.11753664139372404
16,2,Florescent,ridge,full_ex,1.0,0.6,0.18539103673311036,0.20187502168821803
16,2,Florescent,ridge,full_1fcs,1.0,0.96,0.18539103673311036,0.20187502168821803
16,2,Florescent,ridge,full_mfcs,1.0,1.28,0.18539103673311036,0.20187502168821803
16,3,Florescent,ridge,full_ex,1.0,0.64,0.20187249719579872,0.13220662364461094
16,3,Florescent,ridge,full_1fcs,1.0,0.64,0.20187249719579872,0.13220662364461094
16,3,Florescent,ridge,full_mfcs,1.0,0.64,0.20187249719579872,0.13220662364461094
16,4,Florescent,ridge,full_ex,1.0,0.58,0.167042227923686,0.1556882573235432
16,4,Florescent,ridge,full_1fcs,1.0,0.62,0.167042227923686,0.1556882573235432
16,4,Florescent,ridge,full_mfcs,1.0,0.62,0.167042227923686,0.1556882573235432
16,5,Florescent,ridge,full_ex,1.0,0.58,0.1632577642816978,0.23174716658879965
16,5,Florescent,ridge,full_1fcs,1.0,0.62,0.1632577642816978,0.23174716658879965
16,5,Florescent,ridge,full_mfcs,1.0,0.62,0.1632577642816978,0.23174716658879965
17,1,Florescent,ridge,full_ex,1.0,0.52,0.143639405827136,0.08494850018984032
17,1,Florescent,ridge,full_1fcs,1.0,1.1400000000000001,0.143639405827136,0.08494850018984032
17,1,Florescent,ridge,full_mfcs,1.0,1.1400000000000001,0.143639405827136,0.08494850018984032
17,2,Florescent,ridge,full_ex,1.0,0.5,0.18847722588007615,0.14899964168385804
17,2,Florescent,ridge,full_1fcs,1.0,0.72,0.18847722588007615,0.14899964168385804
17,2,Florescent,ridge,full_mfcs,1.0,0.96,0.18847722588007615,0.14899964168385804
17,3,Florescent,ridge,full_ex,1.0,0.48,0.1687397998796222,0.21093027232947448
17,3,Florescent,ridge,full_1fcs,1.0,0.9400000000000001,0.1687397998796222,0.21093027232947448
17,3,Florescent,ridge,full_mfcs,1.0,0.9400000000000001,0.1687397998796222,0.21093027232947448
17,4,Florescent,ridge,full_ex,1.0,0.5,0.18280264180369912,0.18297768023476052
17,4,Florescent,ridge,full_1fcs,1.0,0.96,0.18280264180369912,0.18297768023476052
17,4,Florescent,ridge,full_mfcs,1.0,0.96,0.18280264180369912,0.18297768023476052
17,5,Florescent,ridge,full_ex,1.0,0.5,0.18284639989660145,0.21634013133607877
17,5,Florescent,ridge,full_1fcs,1.0,0.96,0.18284639989660145,0.21634013133607877
17,5,Florescent,ridge,full_mfcs,1.0,0.96,0.18284639989660145,0.21634013133607877
18,1,Florescent,ridge,full_ex,1.0,0.9,0.41189767058802584,0.45556974625582897
18,1,Florescent,ridge,full_1fcs,1.0,1.04,0.41189767058802584,0.45556974625582897
18,1,Florescent,ridge,full_mfcs,1.0,1.04,0.41189767058802584,0.45556974625582897
18,2,Florescent,ridge,full_ex,1.0,0.78,0.36990696872527756,0.307513771961533
18,2,Florescent,ridge,full_1fcs,1.0,0.76,0.36990696872527756,0.307513771961533
18,2,Florescent,ridge,full_mfcs,1.0,0.76,0.36990696872527756,0.307513771961533
18,3,Florescent,ridge,full_ex,1.0,0.74,0.30755053907303864,0.3162300938259198
18,3,Florescent,ridge,full_1fcs,1.0,0.62,0.30755053907303864,0.3162300938259198
18,3,Florescent,ridge,full_mfcs,1.0,0.7000000000000001,0.30755053907303864,0.3162300938259198
18,4,Florescent,ridge,full_ex,1.0,0.78,0.3118890373994909,0.3127676895354046
18,4,Florescent,ridge,full_1fcs,1.0,0.7000000000000001,0.3118890373994909,0.3127676895354046
18,4,Florescent,ridge,full_mfcs,1.0,0.7000000000000001,0.3118890373994909,0.3127676895354046
18,5,Florescent,ridge,full_ex,1.0,0.78,0.3121818638917285,0.3183333000424071
18,5,Florescent,ridge,full_1fcs,1.0,0.7000000000000001,0.3121818638917285,0.3183333000424071
18,5,Florescent,ridge,full_mfcs,1.0,0.7000000000000001,0.3121818638917285,0.3183333000424071
19,1,Florescent,ridge,full_ex,1.0,0.58,0.2800684822991996,0.050351385823792394
19,1,Florescent,ridge,full_1fcs,1.0,0.66,0.2800684822991996,0.050351385823792394
19,1,Florescent,ridge,full_mfcs,1.0,0.66,0.2800684822991996,0.050351385823792394
19,2,Florescent,ridge,full_ex,1.0,0.56,0.005493911035780261,0.0689749529195306
19,2,Florescent,ridge,full_1fcs,1.0,0.58,0.005493911035780261,0.0689749529195306
19,2,Florescent,ridge,full_mfcs,1.0,1.1400000000000001,0.005493911035780261,0.0689749529195306
19,3,Florescent,ridge,full_ex,1.0,0.6,0.06895689706818194,0.052332322418670474
19,3,Florescent,ridge,full_1fcs,1.0,0.6,0.06895689706818194,0.052332322418670474
19,3,Florescent,ridge,full_mfcs,1.0,0.6,0.06895689706818194,0.052332322418670474
19,4,Florescent,ridge,full_ex,1.0,0.58,0.06064579204050129,0.04638331169175362
19,4,Florescent,ridge,full_1fcs,1.0,0.58,0.06064579204050129,0.04638331169175362
19,4,Florescent,ridge,full_mfcs,1.0,0.58,0.06064579204050129,0.04638331169175362
19,5,Florescent,ridge,full_ex,1.0,0.56,0.05589208274989665,0.07998723517658349
19,5,Florescent,ridge,full_1fcs,1.0,0.56,0.05589208274989665,0.07998723517658349
19,5,Florescent,ridge,full_mfcs,1.0,0.56,0.05589208274989665,0.07998723517658349
20,1,Florescent,ridge,full_ex,1.0,0.66,0.38489935180565404,0.6410178223338023
20,1,Florescent,ridge,full_1fcs,0.0,0.98,0.38489935180565404,0.6410178223338023
20,1,Florescent,ridge,full_mfcs,0.0,0.98,0.38489935180565404,0.6410178223338023
20,2,Florescent,ridge,full_ex,1.0,0.72,0.43653316505077594,0.10518296226858721
20,2,Florescent,ridge,full_1fcs,0.0,0.76,0.43653316505077594,0.10518296226858721
20,2,Florescent,ridge,full_mfcs,1.0,1.44,0.43653316505077594,0.10518296226858721
20,3,Florescent,ridge,full_ex,1.0,0.52,0.10525659731551093,0.10431260351300867
20,3,Florescent,ridge,full_1fcs,1.0,0.42,0.10525659731551093,0.10431260351300867
20,3,Florescent,ridge,full_mfcs,1.0,0.7000000000000001,0.10525659731551093,0.10431260351300867
20,4,Florescent,ridge,full_ex,1.0,0.42,0.10478465286597424,0.10412889886523179
20,4,Florescent,ridge,full_1fcs,1.0,0.34,0.10478465286597424,0.10412889886523179
20,4,Florescent,ridge,full_mfcs,1.0,0.34,0.10478465286597424,0.10412889886523179
20,5,Florescent,ridge,full_ex,1.0,0.44,0.1045660843924083,0.10506848457285226
20,5,Florescent,ridge,full_1fcs,1.0,0.36,0.1045660843924083,0.10506848457285226
20,5,Florescent,ridge,full_mfcs,1.0,0.36,0.1045660843924083,0.10506848457285226
21,1,Florescent,ridge,full_ex,1.0,0.28,0.07851700986376484,0.06933065456329701
21,1,Florescent,ridge,full_1fcs,1.0,0.9400000000000001,0.07851700986376484,0.06933065456329701
21,1,Florescent,ridge,full_mfcs,1.0,0.9400000000000001,0.07851700986376484,0.06933065456329701
21,2,Florescent,ridge,full_ex,1.0,0.24,0.08606853882100149,0.07987704900276205
21,2,Florescent,ridge,full_1fcs,1.0,0.34,0.08606853882100149,0.07987704900276205
21,2,Florescent,ridge,full_mfcs,1.0,0.34,0.08606853882100149,0.07987704900276205
21,3,Florescent,ridge,full_ex,1.0,0.24,0.07987918073144595,0.07624413644816215
21,3,Florescent,ridge,full_1fcs,1.0,0.34,0.07987918073144595,0.07624413644816215
21,3,Florescent,ridge,full_mfcs,1.0,0.34,0.07987918073144595,0.07624413644816215
21,4,Florescent,ridge,full_ex,1.0,0.24,0.07806197153036032,0.07493633752855078
21,4,Florescent,ridge,full_1fcs,1.0,0.34,0.07806197153036032,0.07493633752855078
21,4,Florescent,ridge,full_mfcs,1.0,0.34,0.07806197153036032,0.07493633752855078
21,5,Florescent,ridge,full_ex,1.0,0.24,0.07702021312968814,0.0796336643179182
21,5,Florescent,ridge,full_1fcs,1.0,0.34,0.07702021312968814,0.0796336643179182
21,5,Florescent,ridge,full_mfcs,1.0,0.34,0.07702021312968814,0.0796336643179182
22,1,Florescent,ridge,full_ex,1.0,0.7000000000000001,0.22324721214665955,0.14210952364128177
22,1,Florescent,ridge,full_1fcs,1.0,1.0,0.22324721214665955,0.14210952364128177
22,1,Florescent,ridge,full_mfcs,1.0,1.0,0.22324721214665955,0.14210952364128177
22,2,Florescent,ridge,full_ex,1.0,0.46,0.14453613501996276,0.09926107287884237
22,2,Florescent,ridge,full_1fcs,1.0,0.74,0.14453613501996276,0.09926107287884237
22,2,Florescent,ridge,full_mfcs,1.0,0.9,0.14453613501996276,0.09926107287884237
22,3,Florescent,ridge,full_ex,1.0,0.44,0.09927477505326658,0.09795715475794044
22,3,Florescent,ridge,full_1fcs,1.0,0.64,0.09927477505326658,0.09795715475794044
22,3,Florescent,ridge,full_mfcs,1.0,0.9400000000000001,0.09927477505326658,0.09795715475794044
22,4,Florescent,ridge,full_ex,1.0,0.44,0.09861606461332699,0.09914159291653898
22,4,Florescent,ridge,full_1fcs,1.0,0.78,0.09861606461332699,0.09914159291653898
22,4,Florescent,ridge,full_mfcs,1.0,0.92,0.09861606461332699,0.09914159291653898
22,5,Florescent,ridge,full_ex,1.0,0.44,0.09879122303782298,0.09979869413217587
22,5,Florescent,ridge,full_1fcs,1.0,0.78,0.09879122303782298,0.09979869413217587
22,5,Florescent,ridge,full_mfcs,1.0,1.2,0.09879122303782298,0.09979869413217587
23,1,Florescent,ridge,full_ex,1.0,0.62,0.16506827565519971,0.0832281567255453
23,1,Florescent,ridge,full_1fcs,1.0,0.62,0.16506827565519971,0.0832281567255453
23,1,Florescent,ridge,full_mfcs,1.0,0.62,0.16506827565519971,0.0832281567255453
23,2,Florescent,ridge,full_ex,1.0,0.72,0.27204093327760076,0.10607603276576918
23,2,Florescent,ridge,full_1fcs,1.0,1.18,0.27204093327760076,0.10607603276576918
23,2,Florescent,ridge,full_mfcs,1.0,1.48,0.27204093327760076,0.10607603276576918
23,3,Florescent,ridge,full_ex,1.0,0.56,0.10612411470145026,0.105956172595685
23,3,Florescent,ridge,full_1fcs,1.0,0.56,0.10612411470145026,0.105956172595685
23,3,Florescent,ridge,full_mfcs,1.0,1.16,0.10612411470145026,0.105956172595685
23,4,Florescent,ridge,full_ex,1.0,0.56,0.106040155813372,0.10608199405213234
23,4,Florescent,ridge,full_1fcs,1.0,0.56,0.106040155813372,0.10608199405213234
23,4,Florescent,ridge,full_mfcs,1.0,1.04,0.106040155813372,0.10608199405213234
23,5,Florescent,ridge,full_ex,1.0,0.58,0.10605410054617748,0.10633708465270784
23,5,Florescent,ridge,full_1fcs,1.0,0.58,0.10605410054617748,0.10633708465270784
23,5,Florescent,ridge,full_mfcs,1.0,1.22,0.10605410054617748,0.10633708465270784
24,1,Florescent,ridge,full_ex,1.0,0.3,-0.023654845466455788,0.16781615149697757
24,1,Florescent,ridge,full_1fcs,1.0,0.58,-0.023654845466455788,0.16781615149697757
24,1,Florescent,ridge,full_mfcs,1.0,0.58,-0.023654845466455788,0.16781615149697757
24,2,Florescent,ridge,full_ex,1.0,0.44,0.1147541346710445,0.11366090895583342
24,2,Florescent,ridge,full_1fcs,1.0,0.6,0.1147541346710445,0.11366090895583342
24,2,Florescent,ridge,full_mfcs,1.0,1.1400000000000001,0.1147541346710445,0.11366090895583342
24,3,Florescent,ridge,full_ex,1.0,0.42,0.11366115116878864,0.1724566851685719
24,3,Florescent,ridge,full_1fcs,1.0,0.44,0.11366115116878864,0.1724566851685719
24,3,Florescent,ridge,full_mfcs,1.0,0.44,0.11366115116878864,0.1724566851685719
24,4,Florescent,ridge,full_ex,1.0,0.46,0.14305566116196483,0.0
24,4,Florescent,ridge,full_1fcs,1.0,0.46,0.14305566116196483,0.0
24,4,Florescent,ridge,full_mfcs,1.0,0.46,0.14305566116196483,0.0
24,5,Florescent,ridge,full_ex,1.0,0.38,0.0953739629643404,0.04037448117586885
24,5,Florescent,ridge,full_1fcs,1.0,0.38,0.0953739629643404,0.04037448117586885
24,5,Florescent,ridge,full_mfcs,1.0,0.38,0.0953739629643404,0.04037448117586885
25,1,Florescent,ridge,full_ex,1.0,0.88,0.308566749668376,0.14519640977055787
25,1,Florescent,ridge,full_1fcs,1.0,1.3,0.308566749668376,0.14519640977055787
25,1,Florescent,ridge,full_mfcs,1.0,1.3,0.308566749668376,0.14519640977055787
25,2,Florescent,ridge,full_ex,1.0,0.92,0.3489916247580361,0.1338823977629875
25,2,Florescent,ridge,full_1fcs,1.0,0.9400000000000001,0.3489916247580361,0.1338823977629875
25,2,Florescent,ridge,full_mfcs,1.0,0.9400000000000001,0.3489916247580361,0.1338823977629875
25,3,Florescent,ridge,full_ex,1.0,0.68,0.13395569576523775,0.1948848460818974
25,3,Florescent,ridge,full_1fcs,1.0,0.9,0.13395569576523775,0.1948848460818974
25,3,Florescent,ridge,full_mfcs,1.0,0.9,0.13395569576523775,0.1948848460818974
25,4,Florescent,ridge,full_ex,1.0,0.72,0.1644150796707602,0.10938083953708636
25,4,Florescent,ridge,full_1fcs,1.0,0.96,0.1644150796707602,0.10938083953708636
25,4,Florescent,ridge,full_mfcs,1.0,0.96,0.1644150796707602,0.10938083953708636
25,5,Florescent,ridge,full_ex,1.0,0.72,0.14607241707729696,0.16744736941891042
25,5,Florescent,ridge,full_1fcs,1.0,0.98,0.14607241707729696,0.16744736941891042
25,5,Florescent,ridge,full_mfcs,1.0,0.98,0.14607241707729696,0.16744736941891042
26,1,Florescent,ridge,full_ex,1.0,1.1,0.2930785171909213,0.18080254896477765
26,1,Florescent,ridge,full_1fcs,1.0,1.1,0.2930785171909213,0.18080254896477765
26,1,Florescent,ridge,full_mfcs,1.0,1.1,0.2930785171909213,0.18080254896477765
26,2,Florescent,ridge,full_ex,1.0,0.84,0.14745596999292215,0.18283096977630303
26,2,Florescent,ridge,full_1fcs,1.0,0.84,0.14745596999292215,0.18283096977630303
26,2,Florescent,ridge,full_mfcs,1.0,0.9,0.14745596999292215,0.18283096977630303
26,3,Florescent,ridge,full_ex,1.0,0.86,0.18282299458674756,0.11144074756158047
26,3,Florescent,ridge,full_1fcs,1.0,0.86,0.18282299458674756,0.11144074756158047
26,3,Florescent,ridge,full_mfcs,1.0,0.86,0.18282299458674756,0.11144074756158047
26,4,Florescent,ridge,full_ex,1.0,0.84,0.14713589475676334,0.15900380772179018
26,4,Florescent,ridge,full_1fcs,1.0,0.84,0.14713589475676334,0.15900380772179018
26,4,Florescent,ridge,full_mfcs,1.0,0.84,0.14713589475676334,0.15900380772179018
26,5,Florescent,ridge,full_ex,1.0,0.84,0.15109156841407437,0.13076108619884358
26,5,Florescent,ridge,full_1fcs,1.0,0.84,0.15109156841407437,0.13076108619884358
26,5,Florescent,ridge,full_mfcs,1.0,0.84,0.15109156841407437,0.13076108619884358
27,1,Florescent,ridge,full_ex,1.0,0.64,0.0021987403663420316,0.07907823562892903
27,1,Florescent,ridge,full_1fcs,1.0,0.62,0.0021987403663420316,0.07907823562892903
27,1,Florescent,ridge,full_mfcs,1.0,0.62,0.0021987403663420316,0.07907823562892903
27,2,Florescent,ridge,full_ex,1.0,0.54,-0.041207697050256925,0.1346868903882165
27,2,Florescent,ridge,full_1fcs,1.0,0.54,-0.041207697050256925,0.1346868903882165
27,2,Florescent,ridge,full_mfcs,1.0,0.54,-0.041207697050256925,0.1346868903882165
27,3,Florescent,ridge,full_ex,1.0,0.72,0.13463582003613853,0.20018275588079143
27,3,Florescent,ridge,full_1fcs,1.0,0.7000000000000001,0.13463582003613853,0.20018275588079143
27,3,Florescent,ridge,full_mfcs,1.0,0.7000000000000001,0.13463582003613853,0.20018275588079143
27,4,Florescent,ridge,full_ex,1.0,0.76,0.1674045294394619,0.15316098535738296
27,4,Florescent,ridge,full_1fcs,1.0,0.72,0.1674045294394619,0.15316098535738296
27,4,Florescent,ridge,full_mfcs,1.0,0.72,0.1674045294394619,0.15316098535738296
27,5,Florescent,ridge,full_ex,1.0,0.76,0.162657141007557,0.133451793721273
27,5,Florescent,ridge,full_1fcs,1.0,0.7000000000000001,0.162657141007557,0.133451793721273
27,5,Florescent,ridge,full_mfcs,1.0,0.76,0.162657141007557,0.133451793721273
28,1,Florescent,ridge,full_ex,1.0,0.36,0.1240492741619447,0.08674276296538289
28,1,Florescent,ridge,full_1fcs,1.0,0.9400000000000001,0.1240492741619447,0.08674276296538289
28,1,Florescent,ridge,full_mfcs,1.0,0.9400000000000001,0.1240492741619447,0.08674276296538289
28,2,Florescent,ridge,full_ex,1.0,0.34,0.10408512781407223,0.09592202977517948
28,2,Florescent,ridge,full_1fcs,1.0,0.34,0.10408512781407223,0.09592202977517948
28,2,Florescent,ridge,full_mfcs,1.0,0.44,0.10408512781407223,0.09592202977517948
28,3,Florescent,ridge,full_ex,1.0,0.34,0.09592472215176916,0.07756514074871317
28,3,Florescent,ridge,full_1fcs,1.0,0.32,0.09592472215176916,0.07756514074871317
28,3,Florescent,ridge,full_mfcs,1.0,0.32,0.09592472215176916,0.07756514074871317
28,4,Florescent,ridge,full_ex,1.0,0.34,0.08674644555158335,0.09783255951403334
28,4,Florescent,ridge,full_1fcs,1.0,0.32,0.08674644555158335,0.09783255951403334
28,4,Florescent,ridge,full_mfcs,1.0,0.32,0.08674644555158335,0.09783255951403334
28,5,Florescent,ridge,full_ex,1.0,0.34,0.09044141051081794,0.08522646612956714
28,5,Florescent,ridge,full_1fcs,1.0,0.32,0.09044141051081794,0.08522646612956714
28,5,Florescent,ridge,full_mfcs,1.0,0.32,0.09044141051081794,0.08522646612956714
29,1,Florescent,ridge,full_ex,1.0,0.76,0.30849283492587526,0.054869120927811196
29,1,Florescent,ridge,full_1fcs,1.0,1.52,0.30849283492587526,0.054869120927811196
29,1,Florescent,ridge,full_mfcs,1.0,1.52,0.30849283492587526,0.054869120927811196
29,2,Florescent,ridge,full_ex,1.0,0.7000000000000001,0.22382244622020742,0.05056512168044126
29,2,Florescent,ridge,full_1fcs,1.0,1.12,0.22382244622020742,0.05056512168044126
29,2,Florescent,ridge,full_mfcs,1.0,1.5,0.22382244622020742,0.05056512168044126
29,3,Florescent,ridge,full_ex,1.0,0.52,0.050591863130687184,0.03185682986166849
29,3,Florescent,ridge,full_1fcs,1.0,0.8200000000000001,0.050591863130687184,0.03185682986166849
29,3,Florescent,ridge,full_mfcs,1.0,0.8200000000000001,0.050591863130687184,0.03185682986166849
29,4,Florescent,ridge,full_ex,1.0,0.52,0.04122506946863953,0.043553370817099396
29,4,Florescent,ridge,full_1fcs,1.0,0.8,0.04122506946863953,0.043553370817099396
29,4,Florescent,ridge,full_mfcs,1.0,0.8,0.04122506946863953,0.043553370817099396
29,5,Florescent,ridge,full_ex,1.0,0.52,0.04200112998455157,0.3368789286507693
29,5,Florescent,ridge,full_1fcs,1.0,0.8,0.04200112998455157,0.3368789286507693
29,5,Florescent,ridge,full_mfcs,1.0,0.8,0.04200112998455157,0.3368789286507693
30,1,Florescent,ridge,full_ex,1.0,0.66,0.11690695761796133,0.05367119699806933
30,1,Florescent,ridge,full_1fcs,1.0,0.9,0.11690695761796133,0.05367119699806933
30,1,Florescent,ridge,full_mfcs,1.0,0.9,0.11690695761796133,0.05367119699806933
30,2,Florescent,ridge,full_ex,1.0,0.56,0.08036844786593558,0.17721713731695607
30,2,Florescent,ridge,full_1fcs,1.0,0.56,0.08036844786593558,0.17721713731695607
30,2,Florescent,ridge,full_mfcs,1.0,0.56,0.08036844786593558,0.17721713731695607
30,3,Florescent,ridge,full_ex,1.0,0.66,0.17718907368493658,0.14887109139167423
30,3,Florescent,ridge,full_1fcs,1.0,0.66,0.17718907368493658,0.14887109139167423
30,3,Florescent,ridge,full_mfcs,1.0,0.66,0.17718907368493658,0.14887109139167423
30,4,Florescent,ridge,full_ex,1.0,0.66,0.16303213424495963,0.19304781500470364
30,4,Florescent,ridge,full_1fcs,1.0,0.66,0.16303213424495963,0.19304781500470364
30,4,Florescent,ridge,full_mfcs,1.0,0.72,0.16303213424495963,0.19304781500470364
30,5,Florescent,ridge,full_ex,1.0,0.68,0.17303639458044734,0.14445481992078088
30,5,Florescent,ridge,full_1fcs,1.0,0.68,0.17303639458044734,0.14445481992078088
30,5,Florescent,ridge,full_mfcs,1.0,0.84,0.17303639458044734,0.14445481992078088
31,1,Florescent,ridge,full_ex,1.0,0.66,0.07491226314564768,0.07593712143283526
31,1,Florescent,ridge,full_1fcs,1.0,0.5,0.07491226314564768,0.07593712143283526
31,1,Florescent,ridge,full_mfcs,1.0,0.5,0.07491226314564768,0.07593712143283526
31,2,Florescent,ridge,full_ex,1.0,0.78,0.01240781388958063,0.10665753214549767
31,2,Florescent,ridge,full_1fcs,1.0,0.32,0.01240781388958063,0.10665753214549767
31,2,Florescent,ridge,full_mfcs,1.0,0.42,0.01240781388958063,0.10665753214549767
31,3,Florescent,ridge,full_ex,1.0,0.72,0.1066133915046297,0.10408542894993307
31,3,Florescent,ridge,full_1fcs,1.0,0.46,0.1066133915046297,0.10408542894993307
31,3,Florescent,ridge,full_mfcs,1.0,0.5,0.1066133915046297,0.10408542894993307
31,4,Florescent,ridge,full_ex,1.0,0.68,0.1053497062800431,0.10356965021852348
31,4,Florescent,ridge,full_1fcs,1.0,0.48,0.1053497062800431,0.10356965021852348
31,4,Florescent,ridge,full_mfcs,1.0,0.48,0.1053497062800431,0.10356965021852348
31,5,Florescent,ridge,full_ex,1.0,0.66,0.10475644691719203,0.10172244299832342
31,5,Florescent,ridge,full_1fcs,1.0,0.48,0.10475644691719203,0.10172244299832342
31,5,Florescent,ridge,full_mfcs,1.0,0.5,0.10475644691719203,0.10172244299832342
32,1,Florescent,ridge,full_ex,1.0,0.78,0.15299685918113387,0.048472947177452735
32,1,Florescent,ridge,full_1fcs,1.0,0.88,0.15299685918113387,0.048472947177452735
32,1,Florescent,ridge,full_mfcs,1.0,0.88,0.15299685918113387,0.048472947177452735
32,2,Florescent,ridge,full_ex,1.0,0.78,-0.061780061503972875,0.09281751562470032
32,2,Florescent,ridge,full_1fcs,1.0,0.9,-0.061780061503972875,0.09281751562470032
32,2,Florescent,ridge,full_mfcs,1.0,0.9,-0.061780061503972875,0.09281751562470032
32,3,Florescent,ridge,full_ex,1.0,0.86,0.09275535609069444,0.11891840072928578
32,3,Florescent,ridge,full_1fcs,1.0,0.86,0.09275535609069444,0.11891840072928578
32,3,Florescent,ridge,full_mfcs,1.0,0.86,0.09275535609069444,0.11891840072928578
32,4,Florescent,ridge,full_ex,1.0,0.8200000000000001,0.10583424801628283,0.12075763878767976
32,4,Florescent,ridge,full_1fcs,1.0,0.8200000000000001,0.10583424801628283,0.12075763878767976
32,4,Florescent,ridge,full_mfcs,1.0,0.8200000000000001,0.10583424801628283,0.12075763878767976
32,5,Florescent,ridge,full_ex,1.0,0.78,0.11080804472941497,0.09346040784103003
32,5,Florescent,ridge,full_1fcs,1.0,0.78,0.11080804472941497,0.09346040784103003
32,5,Florescent,ridge,full_mfcs,1.0,0.78,0.11080804472941497,0.09346040784103003
33,1,Florescent,ridge,full_ex,1.0,0.42,0.03589806344354496,0.24514065267653273
33,1,Florescent,ridge,full_1fcs,1.0,0.74,0.03589806344354496,0.24514065267653273
33,1,Florescent,ridge,full_mfcs,1.0,0.74,0.03589806344354496,0.24514065267653273
33,2,Florescent,ridge,full_ex,1.0,0.52,0.13532145057209058,0.07289162763925734
33,2,Florescent,ridge,full_1fcs,1.0,0.52,0.13532145057209058,0.07289162763925734
33,2,Florescent,ridge,full_mfcs,1.0,1.18,0.13532145057209058,0.07289162763925734
33,3,Florescent,ridge,full_ex,1.0,0.46,0.07290219901616,0.08267056758163997
33,3,Florescent,ridge,full_1fcs,1.0,0.46,0.07290219901616,0.08267056758163997
33,3,Florescent,ridge,full_mfcs,1.0,0.68,0.07290219901616,0.08267056758163997
33,4,Florescent,ridge,full_ex,1.0,0.46,0.07778596973897683,0.1045594039098948
33,4,Florescent,ridge,full_1fcs,1.0,0.46,0.07778596973897683,0.1045594039098948
33,4,Florescent,ridge,full_mfcs,1.0,0.76,0.07778596973897683,0.1045594039098948
33,5,Florescent,ridge,full_ex,1.0,0.48,0.08670994400558334,0.10192489611271227
33,5,Florescent,ridge,full_1fcs,1.0,0.48,0.08670994400558334,0.10192489611271227
33,5,Florescent,ridge,full_mfcs,1.0,0.84,0.08670994400558334,0.10192489611271227
34,1,Florescent,ridge,full_ex,1.0,0.66,0.172358176241135,0.05902167459662026
34,1,Florescent,ridge,full_1fcs,1.0,0.64,0.172358176241135,0.05902167459662026
34,1,Florescent,ridge,full_mfcs,1.0,0.64,0.172358176241135,0.05902167459662026
34,2,Florescent,ridge,full_ex,1.0,0.7000000000000001,0.1923305612962817,0.1387605054619767
34,2,Florescent,ridge,full_1fcs,1.0,0.96,0.1923305612962817,0.1387605054619767
34,2,Florescent,ridge,full_mfcs,1.0,1.36,0.1923305612962817,0.1387605054619767
34,3,Florescent,ridge,full_ex,1.0,0.66,0.13876859497645352,0.1478549651772956
34,3,Florescent,ridge,full_1fcs,1.0,0.6,0.13876859497645352,0.1478549651772956
34,3,Florescent,ridge,full_mfcs,1.0,0.66,0.13876859497645352,0.1478549651772956
34,4,Florescent,ridge,full_ex,1.0,0.68,0.14331143702204507,0.18252957533546726
34,4,Florescent,ridge,full_1fcs,1.0,0.6,0.14331143702204507,0.18252957533546726
34,4,Florescent,ridge,full_mfcs,1.0,0.68,0.14331143702204507,0.18252957533546726
34,5,Florescent,ridge,full_ex,1.0,0.68,0.1563834916979171,0.16164033391882512
34,5,Florescent,ridge,full_1fcs,1.0,0.62,0.1563834916979171,0.16164033391882512
34,5,Florescent,ridge,full_mfcs,1.0,0.68,0.1563834916979171,0.16164033391882512
35,1,Florescent,ridge,full_ex,1.0,0.68,0.2756108621106056,0.0864754688067724
35,1,Florescent,ridge,full_1fcs,1.0,0.76,0.2756108621106056,0.0864754688067724
35,1,Florescent,ridge,full_mfcs,1.0,0.76,0.2756108621106056,0.0864754688067724
35,2,Florescent,ridge,full_ex,1.0,0.64,0.2539957869572379,0.0929215900521952
35,2,Florescent,ridge,full_1fcs,1.0,0.64,0.2539957869572379,0.0929215900521952
35,2,Florescent,ridge,full_mfcs,1.0,0.84,0.2539957869572379,0.0929215900521952
35,3,Florescent,ridge,full_ex,1.0,0.6,0.09296429580842114,0.12667485644149454
35,3,Florescent,ridge,full_1fcs,1.0,0.62,0.09296429580842114,0.12667485644149454
35,3,Florescent,ridge,full_mfcs,1.0,0.98,0.09296429580842114,0.12667485644149454
35,4,Florescent,ridge,full_ex,1.0,0.62,0.10981734140153288,0.05335394062136183
35,4,Florescent,ridge,full_1fcs,1.0,0.64,0.10981734140153288,0.05335394062136183
35,4,Florescent,ridge,full_mfcs,1.0,1.1,0.10981734140153288,0.05335394062136183
35,5,Florescent,ridge,full_ex,1.0,0.6,0.09099787145607813,0.08271313676985123
35,5,Florescent,ridge,full_1fcs,1.0,0.64,0.09099787145607813,0.08271313676985123
35,5,Florescent,ridge,full_mfcs,1.0,1.12,0.09099787145607813,0.08271313676985123
36,1,Florescent,ridge,full_ex,1.0,0.84,0.25878534565815847,0.2031138808417704
36,1,Florescent,ridge,full_1fcs,1.0,1.12,0.25878534565815847,0.2031138808417704
36,1,Florescent,ridge,full_mfcs,1.0,1.12,0.25878534565815847,0.2031138808417704
36,2,Florescent,ridge,full_ex,1.0,0.58,-0.06367155353742157,0.21640115426724454
36,2,Florescent,ridge,full_1fcs,1.0,0.58,-0.06367155353742157,0.21640115426724454
36,2,Florescent,ridge,full_mfcs,1.0,0.58,-0.06367155353742157,0.21640115426724454
36,3,Florescent,ridge,full_ex,1.0,0.84,0.21632069476983354,0.14721210580721877
36,3,Florescent,ridge,full_1fcs,1.0,0.84,0.21632069476983354,0.14721210580721877
36,3,Florescent,ridge,full_mfcs,1.0,0.84,0.21632069476983354,0.14721210580721877
36,4,Florescent,ridge,full_ex,1.0,0.76,0.18177136439395053,0.21954141129082322
36,4,Florescent,ridge,full_1fcs,1.0,0.76,0.18177136439395053,0.21954141129082322
36,4,Florescent,ridge,full_mfcs,1.0,0.76,0.18177136439395053,0.21954141129082322
36,5,Florescent,ridge,full_ex,1.0,0.78,0.19436017417182752,0.23346353218275692
36,5,Florescent,ridge,full_1fcs,1.0,0.78,0.19436017417182752,0.23346353218275692
36,5,Florescent,ridge,full_mfcs,1.0,0.78,0.19436017417182752,0.23346353218275692
37,1,Florescent,ridge,full_ex,1.0,0.92,0.19482314976221562,0.07218897668387138
37,1,Florescent,ridge,full_1fcs,1.0,1.22,0.19482314976221562,0.07218897668387138
37,1,Florescent,ridge,full_mfcs,1.0,1.22,0.19482314976221562,0.07218897668387138
37,2,Florescent,ridge,full_ex,1.0,0.9400000000000001,0.21093782075779216,0.0007587126361668778
37,2,Florescent,ridge,full_1fcs,1.0,1.02,0.21093782075779216,0.0007587126361668778
37,2,Florescent,ridge,full_mfcs,1.0,1.22,0.21093782075779216,0.0007587126361668778
37,3,Florescent,ridge,full_ex,1.0,0.78,0.0008259974059649268,0.11262714703625472
37,3,Florescent,ridge,full_1fcs,1.0,0.78,0.0008259974059649268,0.11262714703625472
37,3,Florescent,ridge,full_mfcs,1.0,0.78,0.0008259974059649268,0.11262714703625472
37,4,Florescent,ridge,full_ex,1.0,0.84,0.05671762304459345,0.01959583324244931
37,4,Florescent,ridge,full_1fcs,1.0,0.84,0.05671762304459345,0.01959583324244931
37,4,Florescent,ridge,full_mfcs,1.0,0.84,0.05671762304459345,0.01959583324244931
37,5,Florescent,ridge,full_ex,1.0,0.8200000000000001,0.044345013817879114,0.11820126647281702
37,5,Florescent,ridge,full_1fcs,1.0,0.8200000000000001,0.044345013817879114,0.11820126647281702
37,5,Florescent,ridge,full_mfcs,1.0,0.8200000000000001,0.044345013817879114,0.11820126647281702
38,1,Florescent,ridge,full_ex,1.0,0.9400000000000001,0.4880811848938362,0.06426240209314844
38,1,Florescent,ridge,full_1fcs,1.0,1.2,0.4880811848938362,0.06426240209314844
38,1,Florescent,ridge,full_mfcs,1.0,1.2,0.4880811848938362,0.06426240209314844
38,2,Florescent,ridge,full_ex,1.0,0.86,0.3382837533891875,0.07235145687347838
38,2,Florescent,ridge,full_1fcs,1.0,0.84,0.3382837533891875,0.07235145687347838
38,2,Florescent,ridge,full_mfcs,1.0,0.84,0.3382837533891875,0.07235145687347838
38,3,Florescent,ridge,full_ex,1.0,0.62,0.07241970426162689,0.14167906874542055
38,3,Florescent,ridge,full_1fcs,1.0,0.66,0.07241970426162689,0.14167906874542055
38,3,Florescent,ridge,full_mfcs,1.0,0.66,0.07241970426162689,0.14167906874542055
38,4,Florescent,ridge,full_ex,1.0,0.66,0.10704494234880893,0.11407143469005646
38,4,Florescent,ridge,full_1fcs,1.0,0.7000000000000001,0.10704494234880893,0.11407143469005646
38,4,Florescent,ridge,full_mfcs,1.0,0.7000000000000001,0.10704494234880893,0.11407143469005646
38,5,Florescent,ridge,full_ex,1.0,0.66,0.10938690606645511,0.12225785726737196
38,5,Florescent,ridge,full_1fcs,1.0,0.7000000000000001,0.10938690606645511,0.12225785726737196
38,5,Florescent,ridge,full_mfcs,1.0,0.7000000000000001,0.10938690606645511,0.12225785726737196
39,1,Florescent,ridge,full_ex,1.0,0.96,0.2029489631162785,0.17327602064507536
39,1,Florescent,ridge,full_1fcs,1.0,0.9400000000000001,0.2029489631162785,0.17327602064507536
39,1,Florescent,ridge,full_mfcs,1.0,0.9400000000000001,0.2029489631162785,0.17327602064507536
39,2,Florescent,ridge,full_ex,1.0,1.2,0.5574546854210696,0.10031297801850542
39,2,Florescent,ridge,full_1fcs,1.0,1.22,0.5574546854210696,0.10031297801850542
39,2,Florescent,ridge,full_mfcs,1.0,2.12,0.5574546854210696,0.10031297801850542
39,3,Florescent,ridge,full_ex,1.0,0.9,0.10040094024452206,0.09747802052550657
39,3,Florescent,ridge,full_1fcs,1.0,0.98,0.10040094024452206,0.09747802052550657
39,3,Florescent,ridge,full_mfcs,1.0,1.02,0.10040094024452206,0.09747802052550657
39,4,Florescent,ridge,full_ex,1.0,0.88,0.09893962100169122,0.11735076689565399
39,4,Florescent,ridge,full_1fcs,1.0,0.86,0.09893962100169122,0.11735076689565399
39,4,Florescent,ridge,full_mfcs,1.0,0.86,0.09893962100169122,0.11735076689565399
39,5,Florescent,ridge,full_ex,1.0,0.9,0.10507627595811718,0.11896316246026051
39,5,Florescent,ridge,full_1fcs,1.0,0.88,0.10507627595811718,0.11896316246026051
39,5,Florescent,ridge,full_mfcs,1.0,0.88,0.10507627595811718,0.11896316246026051
40,1,Florescent,ridge,full_ex,1.0,0.92,0.5320791243347813,0.08645750211468467
40,1,Florescent,ridge,full_1fcs,1.0,2.22,0.5320791243347813,0.08645750211468467
40,1,Florescent,ridge,full_mfcs,1.0,2.22,0.5320791243347813,0.08645750211468467
40,2,Florescent,ridge,full_ex,1.0,0.78,0.24445309631893158,0.11568644532809892
40,2,Florescent,ridge,full_1fcs,1.0,1.3,0.24445309631893158,0.11568644532809892
40,2,Florescent,ridge,full_mfcs,1.0,2.2,0.24445309631893158,0.11568644532809892
40,3,Florescent,ridge,full_ex,1.0,0.6,0.11570264409970879,0.09957040829091665
40,3,Florescent,ridge,full_1fcs,1.0,0.64,0.11570264409970879,0.09957040829091665
40,3,Florescent,ridge,full_mfcs,1.0,1.2,0.11570264409970879,0.09957040829091665
40,4,Florescent,ridge,full_ex,1.0,0.6,0.10763703358345761,0.09189564273831946
40,4,Florescent,ridge,full_1fcs,1.0,0.64,0.10763703358345761,0.09189564273831946
40,4,Florescent,ridge,full_mfcs,1.0,1.12,0.10763703358345761,0.09189564273831946
40,5,Florescent,ridge,full_ex,1.0,0.6,0.10239012334959377,0.10533859678497674
40,5,Florescent,ridge,full_1fcs,1.0,0.64,0.10239012334959377,0.10533859678497674
40,5,Florescent,ridge,full_mfcs,1.0,1.18,0.10239012334959377,0.10533859678497674
41,1,Florescent,ridge,full_ex,1.0,1.06,0.4949819421219177,0.3759970244592054
41,1,Florescent,ridge,full_1fcs,1.0,1.08,0.4949819421219177,0.3759970244592054
41,1,Florescent,ridge,full_mfcs,1.0,1.08,0.4949819421219177,0.3759970244592054
41,2,Florescent,ridge,full_ex,0.0,0.66,0.16977229536031452,0.9925146331787432
41,2,Florescent,ridge,full_1fcs,0.0,0.86,0.16977229536031452,0.9925146331787432
41,2,Florescent,ridge,full_mfcs,1.0,1.84,0.16977229536031452,0.9925146331787432
41,3,Florescent,ridge,full_ex,1.0,0.9400000000000001,0.9923768062118066,0.9115518438910868
41,3,Florescent,ridge,full_1fcs,1.0,1.44,0.9923768062118066,0.9115518438910868
41,3,Florescent,ridge,full_mfcs,1.0,1.44,0.9923768062118066,0.9115518438910868
41,4,Florescent,ridge,full_ex,1.0,0.9,0.9519677103128379,0.7780116666000518
41,4,Florescent,ridge,full_1fcs,1.0,1.5,0.9519677103128379,0.7780116666000518
41,4,Florescent,ridge,full_mfcs,1.0,1.28,0.9519677103128379,0.7780116666000518
41,5,Florescent,ridge,full_ex,1.0,0.92,0.8939856007000261,0.7174251896130599
41,5,Florescent,ridge,full_1fcs,1.0,1.42,0.8939856007000261,0.7174251896130599
41,5,Florescent,ridge,full_mfcs,1.0,1.22,0.8939856007000261,0.7174251896130599
42,1,Florescent,ridge,full_ex,0.0,0.92,0.568008955291798,1.0907392891708785
42,1,Florescent,ridge,full_1fcs,1.0,2.22,0.568008955291798,1.0907392891708785
42,1,Florescent,ridge,full_mfcs,1.0,2.22,0.568008955291798,1.0907392891708785
42,2,Florescent,ridge,full_ex,1.0,0.9400000000000001,0.9128377357235653,0.8126155650332427
42,2,Florescent,ridge,full_1fcs,1.0,2.22,0.9128377357235653,0.8126155650332427
42,2,Florescent,ridge,full_mfcs,1.0,2.22,0.9128377357235653,0.8126155650332427
42,3,Florescent,ridge,full_ex,1.0,1.04,0.8126469547277194,0.8157556076644853
42,3,Florescent,ridge,full_1fcs,1.0,1.1400000000000001,0.8126469547277194,0.8157556076644853
42,3,Florescent,ridge,full_mfcs,1.0,1.16,0.8126469547277194,0.8157556076644853
42,4,Florescent,ridge,full_ex,1.0,1.04,0.8142010377493893,0.8113030884434927
42,4,Florescent,ridge,full_1fcs,1.0,1.22,0.8142010377493893,0.8113030884434927
42,4,Florescent,ridge,full_mfcs,1.0,1.12,0.8142010377493893,0.8113030884434927
42,5,Florescent,ridge,full_ex,1.0,1.04,0.8132351555186085,0.798976339701367
42,5,Florescent,ridge,full_1fcs,1.0,1.24,0.8132351555186085,0.798976339701367
42,5,Florescent,ridge,full_mfcs,1.0,1.18,0.8132351555186085,0.798976339701367
43,1,Florescent,ridge,full_ex,1.0,0.18,0.09588792223902072,0.06484653450269919
43,1,Florescent,ridge,full_1fcs,1.0,1.0,0.09588792223902072,0.06484653450269919
43,1,Florescent,ridge,full_mfcs,1.0,1.0,0.09588792223902072,0.06484653450269919
43,2,Florescent,ridge,full_ex,1.0,0.14,0.04176369072561825,0.07102164025875993
43,2,Florescent,ridge,full_1fcs,1.0,0.86,0.04176369072561825,0.07102164025875993
43,2,Florescent,ridge,full_mfcs,1.0,1.1400000000000001,0.04176369072561825,0.07102164025875993
43,3,Florescent,ridge,full_ex,1.0,0.18,0.07101768202699534,0.05706288404114939
43,3,Florescent,ridge,full_1fcs,1.0,0.18,0.07101768202699534,0.05706288404114939
43,3,Florescent,ridge,full_mfcs,1.0,0.18,0.07101768202699534,0.05706288404114939
43,4,Florescent,ridge,full_ex,1.0,0.16,0.06404075504283203,0.06226829638926884
43,4,Florescent,ridge,full_1fcs,1.0,0.16,0.06404075504283203,0.06226829638926884
43,4,Florescent,ridge,full_mfcs,1.0,0.16,0.06404075504283203,0.06226829638926884
43,5,Florescent,ridge,full_ex,1.0,0.16,0.06344996213749232,0.08167845106092497
43,5,Florescent,ridge,full_1fcs,1.0,0.16,0.06344996213749232,0.08167845106092497
43,5,Florescent,ridge,full_mfcs,1.0,0.16,0.06344996213749232,0.08167845106092497
44,1,Florescent,ridge,full_ex,1.0,0.96,0.3411719705829544,0.12647096714401795
44,1,Florescent,ridge,full_1fcs,1.0,1.26,0.3411719705829544,0.12647096714401795
44,1,Florescent,ridge,full_mfcs,1.0,1.26,0.3411719705829544,0.12647096714401795
44,2,Florescent,ridge,full_ex,1.0,0.92,0.01401889398428967,0.19825004709276794
44,2,Florescent,ridge,full_1fcs,1.0,0.92,0.01401889398428967,0.19825004709276794
44,2,Florescent,ridge,full_mfcs,1.0,0.92,0.01401889398428967,0.19825004709276794
44,3,Florescent,ridge,full_ex,1.0,1.04,0.198181818976739,0.0
44,3,Florescent,ridge,full_1fcs,1.0,1.04,0.198181818976739,0.0
44,3,Florescent,ridge,full_mfcs,1.0,1.04,0.198181818976739,0.0
44,4,Florescent,ridge,full_ex,1.0,0.9,0.09910926153718211,0.0712410979351497
44,4,Florescent,ridge,full_1fcs,1.0,0.9,0.09910926153718211,0.0712410979351497
44,4,Florescent,ridge,full_mfcs,1.0,0.9,0.09910926153718211,0.0712410979351497
44,5,Florescent,ridge,full_ex,1.0,0.88,0.08982102069693292,0.12516893298183346
44,5,Florescent,ridge,full_1fcs,1.0,0.88,0.08982102069693292,0.12516893298183346
44,5,Florescent,ridge,full_mfcs,1.0,0.88,0.08982102069693292,0.12516893298183346
45,1,Florescent,ridge,full_ex,1.0,0.9,0.2906988082833804,0.11843711214908043
45,1,Florescent,ridge,full_1fcs,1.0,0.88,0.2906988082833804,0.11843711214908043
45,1,Florescent,ridge,full_mfcs,1.0,0.88,0.2906988082833804,0.11843711214908043
45,2,Florescent,ridge,full_ex,1.0,0.76,0.13571018424959774,0.1962323219525805
45,2,Florescent,ridge,full_1fcs,1.0,0.76,0.13571018424959774,0.1962323219525805
45,2,Florescent,ridge,full_mfcs,1.0,1.44,0.13571018424959774,0.1962323219525805
45,3,Florescent,ridge,full_ex,1.0,0.8,0.1962148934170148,0.19613253882457723
45,3,Florescent,ridge,full_1fcs,1.0,0.8,0.1962148934170148,0.19613253882457723
45,3,Florescent,ridge,full_mfcs,1.0,1.56,0.1962148934170148,0.19613253882457723
45,4,Florescent,ridge,full_ex,1.0,0.8,0.19617372204938724,0.35096005807924685
45,4,Florescent,ridge,full_1fcs,1.0,0.8,0.19617372204938724,0.35096005807924685
45,4,Florescent,ridge,full_mfcs,1.0,1.56,0.19617372204938724,0.35096005807924685
45,5,Florescent,ridge,full_ex,1.0,0.86,0.24776421380129168,0.24304731353780226
45,5,Florescent,ridge,full_1fcs,1.0,0.86,0.24776421380129168,0.24304731353780226
45,5,Florescent,ridge,full_mfcs,1.0,1.6,0.24776421380129168,0.24304731353780226
46,1,Florescent,ridge,full_ex,1.0,0.98,0.1800500453677495,0.135578344370525
46,1,Florescent,ridge,full_1fcs,1.0,1.22,0.1800500453677495,0.135578344370525
46,1,Florescent,ridge,full_mfcs,1.0,1.22,0.1800500453677495,0.135578344370525
46,2,Florescent,ridge,full_ex,1.0,0.9,0.08431674601539307,0.08225757889279482
46,2,Florescent,ridge,full_1fcs,1.0,0.56,0.08431674601539307,0.08225757889279482
46,2,Florescent,ridge,full_mfcs,1.0,1.0,0.08431674601539307,0.08225757889279482
46,3,Florescent,ridge,full_ex,1.0,0.88,0.08225789651109863,0.059455684967460475
46,3,Florescent,ridge,full_1fcs,1.0,0.56,0.08225789651109863,0.059455684967460475
46,3,Florescent,ridge,full_mfcs,1.0,0.84,0.08225789651109863,0.059455684967460475
46,4,Florescent,ridge,full_ex,1.0,0.86,0.07085767009281241,0.065720437153046
46,4,Florescent,ridge,full_1fcs,1.0,0.62,0.07085767009281241,0.065720437153046
46,4,Florescent,ridge,full_mfcs,1.0,0.86,0.07085767009281241,0.065720437153046
46,5,Florescent,ridge,full_ex,1.0,0.86,0.06914534716518016,0.08314187837158662
46,5,Florescent,ridge,full_1fcs,1.0,0.76,0.06914534716518016,0.08314187837158662
46,5,Florescent,ridge,full_mfcs,1.0,0.86,0.06914534716518016,0.08314187837158662
47,1,Florescent,ridge,full_ex,1.0,0.7000000000000001,0.3257537298556141,0.6515926064693268
47,1,Florescent,ridge,full_1fcs,1.0,1.36,0.3257537298556141,0.6515926064693268
47,1,Florescent,ridge,full_mfcs,1.0,1.36,0.3257537298556141,0.6515926064693268
47,2,Florescent,ridge,full_ex,0.0,0.74,0.45748090034156863,0.0
47,2,Florescent,ridge,full_1fcs,1.0,2.02,0.45748090034156863,0.0
47,2,Florescent,ridge,full_mfcs,1.0,2.16,0.45748090034156863,0.0
47,3,Florescent,ridge,full_ex,1.0,0.38,6.462852750719825e-05,0.08569523859041836
47,3,Florescent,ridge,full_1fcs,1.0,0.84,6.462852750719825e-05,0.08569523859041836
47,3,Florescent,ridge,full_mfcs,1.0,0.92,6.462852750719825e-05,0.08569523859041836
47,4,Florescent,ridge,full_ex,1.0,0.42,0.04287690907698008,0.0
47,4,Florescent,ridge,full_1fcs,1.0,0.42,0.04287690907698008,0.0
47,4,Florescent,ridge,full_mfcs,1.0,0.42,0.04287690907698008,0.0
47,5,Florescent,ridge,full_ex,1.0,0.4,0.028585279141810718,0.057775083702979416
47,5,Florescent,ridge,full_1fcs,1.0,0.4,0.028585279141810718,0.057775083702979416
47,5,Florescent,ridge,full_mfcs,1.0,0.4,0.028585279141810718,0.057775083702979416
48,1,Florescent,ridge,full_ex,1.0,0.64,0.2673324639725768,0.17020554719999412
48,1,Florescent,ridge,full_1fcs,1.0,1.34,0.2673324639725768,0.17020554719999412
48,1,Florescent,ridge,full_mfcs,1.0,1.34,0.2673324639725768,0.17020554719999412
48,2,Florescent,ridge,full_ex,1.0,0.54,0.1818905450668659,0.10983503329425656
48,2,Florescent,ridge,full_1fcs,1.0,0.76,0.1818905450668659,0.10983503329425656
48,2,Florescent,ridge,full_mfcs,1.0,0.76,0.1818905450668659,0.10983503329425656
48,3,Florescent,ridge,full_ex,1.0,0.46,0.1098606243060391,0.10938371342523416
48,3,Florescent,ridge,full_1fcs,1.0,0.68,0.1098606243060391,0.10938371342523416
48,3,Florescent,ridge,full_mfcs,1.0,0.68,0.1098606243060391,0.10938371342523416
48,4,Florescent,ridge,full_ex,1.0,0.46,0.1096222112172306,0.10656004063255531
48,4,Florescent,ridge,full_1fcs,1.0,0.68,0.1096222112172306,0.10656004063255531
48,4,Florescent,ridge,full_mfcs,1.0,0.68,0.1096222112172306,0.10656004063255531
48,5,Florescent,ridge,full_ex,1.0,0.46,0.10860160855697322,0.11472262035736049
48,5,Florescent,ridge,full_1fcs,1.0,0.68,0.10860160855697322,0.11472262035736049
48,5,Florescent,ridge,full_mfcs,1.0,0.9,0.10860160855697322,0.11472262035736049
49,1,Florescent,ridge,full_ex,1.0,0.6,0.17429849986813292,0.10317179189991556
49,1,Florescent,ridge,full_1fcs,1.0,0.86,0.17429849986813292,0.10317179189991556
49,1,Florescent,ridge,full_mfcs,1.0,0.86,0.17429849986813292,0.10317179189991556
49,2,Florescent,ridge,full_ex,1.0,0.56,0.1705892040474306,0.07705287235407128
49,2,Florescent,ridge,full_1fcs,1.0,1.08,0.1705892040474306,0.07705287235407128
49,2,Florescent,ridge,full_mfcs,1.0,1.44,0.1705892040474306,0.07705287235407128
49,3,Florescent,ridge,full_ex,1.0,0.48,0.07706582030270277,0.07327383302977784
49,3,Florescent,ridge,full_1fcs,1.0,0.46,0.07706582030270277,0.07327383302977784
49,3,Florescent,ridge,full_mfcs,1.0,0.46,0.07706582030270277,0.07327383302977784
49,4,Florescent,ridge,full_ex,1.0,0.48,0.07516995790388052,0.086628229455773
49,4,Florescent,ridge,full_1fcs,1.0,0.46,0.07516995790388052,0.086628229455773
49,4,Florescent,ridge,full_mfcs,1.0,0.46,0.07516995790388052,0.086628229455773
49,5,Florescent,ridge,full_ex,1.0,0.48,0.07898920550163725,0.07539147473394273
49,5,Florescent,ridge,full_1fcs,1.0,0.46,0.07898920550163725,0.07539147473394273
49,5,Florescent,ridge,full_mfcs,1.0,0.46,0.07898920550163725,0.07539147473394273
50,1,Florescent,ridge,full_ex,1.0,0.54,0.16416024855544126,0.12512141095945412
50,1,Florescent,ridge,full_1fcs,1.0,0.8,0.16416024855544126,0.12512141095945412
50,1,Florescent,ridge,full_mfcs,1.0,0.8,0.16416024855544126,0.12512141095945412
50,2,Florescent,ridge,full_ex,0.0,0.64,0.2940145932627677,0.7010789439323454
50,2,Florescent,ridge,full_1fcs,0.0,0.68,0.2940145932627677,0.7010789439323454
50,2,Florescent,ridge,full_mfcs,0.0,1.04,0.2940145932627677,0.7010789439323454
50,3,Florescent,ridge,full_ex,1.0,0.68,0.7009489134091499,0.6168192707579176
50,3,Florescent,ridge,full_1fcs,1.0,1.12,0.7009489134091499,0.6168192707579176
50,3,Florescent,ridge,full_mfcs,1.0,1.2,0.7009489134091499,0.6168192707579176
50,4,Florescent,ridge,full_ex,1.0,0.68,0.6588908116408315,0.5929476096415237
50,4,Florescent,ridge,full_1fcs,1.0,1.1,0.6588908116408315,0.5929476096415237
50,4,Florescent,ridge,full_mfcs,1.0,1.0,0.6588908116408315,0.5929476096415237
50,5,Florescent,ridge,full_ex,1.0,0.68,0.6369120853124597,0.6262270110522501
50,5,Florescent,ridge,full_1fcs,1.0,1.08,0.6369120853124597,0.6262270110522501
50,5,Florescent,ridge,full_mfcs,1.0,0.98,0.6369120853124597,0.6262270110522501
51,1,Florescent,ridge,full_ex,1.0,1.04,0.3731999571639481,0.8920896911255825
51,1,Florescent,ridge,full_1fcs,1.0,0.9400000000000001,0.3731999571639481,0.8920896911255825
51,1,Florescent,ridge,full_mfcs,1.0,0.9400000000000001,0.3731999571639481,0.8920896911255825
51,2,Florescent,ridge,full_ex,1.0,1.78,0.7473039514881483,0.943003608912149
51,2,Florescent,ridge,full_1fcs,1.0,1.36,0.7473039514881483,0.943003608912149
51,2,Florescent,ridge,full_mfcs,1.0,1.48,0.7473039514881483,0.943003608912149
51,3,Florescent,ridge,full_ex,1.0,1.44,0.9428664119213096,0.8828496123376769
51,3,Florescent,ridge,full_1fcs,1.0,1.4000000000000001,0.9428664119213096,0.8828496123376769
51,3,Florescent,ridge,full_mfcs,1.0,1.4000000000000001,0.9428664119213096,0.8828496123376769
51,4,Florescent,ridge,full_ex,1.0,1.3800000000000001,0.9128685346452228,0.8818207361290659
51,4,Florescent,ridge,full_1fcs,1.0,1.32,0.9128685346452228,0.8818207361290659
51,4,Florescent,ridge,full_mfcs,1.0,1.26,0.9128685346452228,0.8818207361290659
51,5,Florescent,ridge,full_ex,1.0,1.3800000000000001,0.9025216880870984,0.9158819135576142
51,5,Florescent,ridge,full_1fcs,1.0,1.3800000000000001,0.9025216880870984,0.9158819135576142
51,5,Florescent,ridge,full_mfcs,1.0,1.32,0.9025216880870984,0.9158819135576142
52,1,Florescent,ridge,full_ex,1.0,0.5,-0.01341305483750606,0.1887325830385408
52,1,Florescent,ridge,full_1fcs,0.0,0.14,-0.01341305483750606,0.1887325830385408
52,1,Florescent,ridge,full_mfcs,0.0,0.14,-0.01341305483750606,0.1887325830385408
52,2,Florescent,ridge,full_ex,1.0,0.6,-0.034258396180157254,0.08609321471519582
52,2,Florescent,ridge,full_1fcs,1.0,0.14,-0.034258396180157254,0.08609321471519582
52,2,Florescent,ridge,full_mfcs,1.0,0.68,-0.034258396180157254,0.08609321471519582
52,3,Florescent,ridge,full_ex,1.0,0.64,0.08604609098385568,0.15530978861705652
52,3,Florescent,ridge,full_1fcs,1.0,0.26,0.08604609098385568,0.15530978861705652
52,3,Florescent,ridge,full_mfcs,1.0,0.8,0.08604609098385568,0.15530978861705652
52,4,Florescent,ridge,full_ex,1.0,0.66,0.12067115841456905,0.13037881199434864
52,4,Florescent,ridge,full_1fcs,1.0,0.28,0.12067115841456905,0.13037881199434864
52,4,Florescent,ridge,full_mfcs,1.0,0.84,0.12067115841456905,0.13037881199434864
52,5,Florescent,ridge,full_ex,1.0,0.66,0.1239066204944349,0.14934259991335536
52,5,Florescent,ridge,full_1fcs,1.0,0.28,0.1239066204944349,0.14934259991335536
52,5,Florescent,ridge,full_mfcs,1.0,0.84,0.1239066204944349,0.14934259991335536
53,1,Florescent,ridge,full_ex,1.0,0.62,0.0057681539577423,0.1323724617900661
53,1,Florescent,ridge,full_1fcs,1.0,0.72,0.0057681539577423,0.1323724617900661
53,1,Florescent,ridge,full_mfcs,1.0,0.72,0.0057681539577423,0.1323724617900661
53,2,Florescent,ridge,full_ex,1.0,0.68,0.06760413500779328,0.14884038314277398
53,2,Florescent,ridge,full_1fcs,1.0,0.58,0.06760413500779328,0.14884038314277398
53,2,Florescent,ridge,full_mfcs,1.0,0.58,0.06760413500779328,0.14884038314277398
53,3,Florescent,ridge,full_ex,1.0,0.78,0.1488120402247059,0.11526973374519556
53,3,Florescent,ridge,full_1fcs,1.0,0.66,0.1488120402247059,0.11526973374519556
53,3,Florescent,ridge,full_mfcs,1.0,0.78,0.1488120402247059,0.11526973374519556
53,4,Florescent,ridge,full_ex,1.0,0.76,0.1320438131802889,0.13467615060251628
53,4,Florescent,ridge,full_1fcs,1.0,0.76,0.1320438131802889,0.13467615060251628
53,4,Florescent,ridge,full_mfcs,1.0,0.92,0.1320438131802889,0.13467615060251628
53,5,Florescent,ridge,full_ex,1.0,0.76,0.13292115691935302,0.12930003046101304
53,5,Florescent,ridge,full_1fcs,1.0,0.9,0.13292115691935302,0.12930003046101304
53,5,Florescent,ridge,full_mfcs,1.0,0.9,0.13292115691935302,0.12930003046101304
54,1,Florescent,ridge,full_ex,1.0,0.54,0.01819118621844272,0.20793639138825754
54,1,Florescent,ridge,full_1fcs,1.0,0.7000000000000001,0.01819118621844272,0.20793639138825754
54,1,Florescent,ridge,full_mfcs,1.0,0.7000000000000001,0.01819118621844272,0.20793639138825754
54,2,Florescent,ridge,full_ex,1.0,0.86,0.2562338814580618,0.12437910258336728
54,2,Florescent,ridge,full_1fcs,1.0,0.9,0.2562338814580618,0.12437910258336728
54,2,Florescent,ridge,full_mfcs,1.0,0.9,0.2562338814580618,0.12437910258336728
54,3,Florescent,ridge,full_ex,1.0,0.7000000000000001,0.12442012116976009,0.0987037916991618
54,3,Florescent,ridge,full_1fcs,1.0,0.7000000000000001,0.12442012116976009,0.0987037916991618
54,3,Florescent,ridge,full_mfcs,1.0,0.92,0.12442012116976009,0.0987037916991618
54,4,Florescent,ridge,full_ex,1.0,0.68,0.11156395676298177,0.1229470210389936
54,4,Florescent,ridge,full_1fcs,1.0,0.72,0.11156395676298177,0.1229470210389936
54,4,Florescent,ridge,full_mfcs,1.0,1.0,0.11156395676298177,0.1229470210389936
54,5,Florescent,ridge,full_ex,1.0,0.68,0.11535791797906636,0.16903484903636173
54,5,Florescent,ridge,full_1fcs,1.0,0.72,0.11535791797906636,0.16903484903636173
54,5,Florescent,ridge,full_mfcs,1.0,1.1,0.11535791797906636,0.16903484903636173
55,1,Florescent,ridge,full_ex,1.0,0.8200000000000001,0.3883505517057562,0.6016711274502873
55,1,Florescent,ridge,full_1fcs,1.0,1.6600000000000001,0.3883505517057562,0.6016711274502873
55,1,Florescent,ridge,full_mfcs,1.0,1.6600000000000001,0.3883505517057562,0.6016711274502873
55,2,Florescent,ridge,full_ex,0.0,0.86,0.37908226193422806,1.149944249607053
55,2,Florescent,ridge,full_1fcs,0.0,1.0,0.37908226193422806,1.149944249607053
55,2,Florescent,ridge,full_mfcs,0.0,1.32,0.37908226193422806,1.149944249607053
55,3,Florescent,ridge,full_ex,1.0,1.12,1.1498100576914279,1.0512758112093314
55,3,Florescent,ridge,full_1fcs,1.0,1.68,1.1498100576914279,1.0512758112093314
55,3,Florescent,ridge,full_mfcs,1.0,1.72,1.1498100576914279,1.0512758112093314
55,4,Florescent,ridge,full_ex,1.0,1.06,1.1005472230423787,1.0856437053656216
55,4,Florescent,ridge,full_1fcs,1.0,1.68,1.1005472230423787,1.0856437053656216
55,4,Florescent,ridge,full_mfcs,1.0,1.52,1.1005472230423787,1.0856437053656216
55,5,Florescent,ridge,full_ex,1.0,1.06,1.095579672119545,1.0738091040433888
55,5,Florescent,ridge,full_1fcs,1.0,1.68,1.095579672119545,1.0738091040433888
55,5,Florescent,ridge,full_mfcs,1.0,1.62,1.095579672119545,1.0738091040433888
56,1,Florescent,ridge,full_ex,0.0,0.86,0.3770707072567008,1.2945933342560418
56,1,Florescent,ridge,full_1fcs,0.0,1.3800000000000001,0.3770707072567008,1.2945933342560418
56,1,Florescent,ridge,full_mfcs,0.0,1.3800000000000001,0.3770707072567008,1.2945933342560418
56,2,Florescent,ridge,full_ex,1.0,1.26,1.0395525583751546,1.2561494587162412
56,2,Florescent,ridge,full_1fcs,1.0,2.22,1.0395525583751546,1.2561494587162412
56,2,Florescent,ridge,full_mfcs,1.0,2.22,1.0395525583751546,1.2561494587162412
56,3,Florescent,ridge,full_ex,1.0,1.22,1.2560911285979506,1.4062354288950605
56,3,Florescent,ridge,full_1fcs,1.0,1.6400000000000001,1.2560911285979506,1.4062354288950605
56,3,Florescent,ridge,full_mfcs,1.0,1.62,1.2560911285979506,1.4062354288950605
56,4,Florescent,ridge,full_ex,1.0,1.04,1.331153168819853,1.3262331555396378
56,4,Florescent,ridge,full_1fcs,1.0,1.84,1.331153168819853,1.3262331555396378
56,4,Florescent,ridge,full_mfcs,1.0,1.58,1.331153168819853,1.3262331555396378
56,5,Florescent,ridge,full_ex,1.0,1.0,1.3295133116390419,1.6482506098792078
56,5,Florescent,ridge,full_1fcs,1.0,1.86,1.3295133116390419,1.6482506098792078
56,5,Florescent,ridge,full_mfcs,0.0,1.6,1.3295133116390419,1.6482506098792078
57,1,Florescent,ridge,full_ex,1.0,0.56,0.16668403393182551,0.05312153861551906
57,1,Florescent,ridge,full_1fcs,1.0,1.1,0.16668403393182551,0.05312153861551906
57,1,Florescent,ridge,full_mfcs,1.0,1.1,0.16668403393182551,0.05312153861551906
57,2,Florescent,ridge,full_ex,1.0,0.4,0.08209847191636341,0.0915706867482156
57,2,Florescent,ridge,full_1fcs,1.0,0.4,0.08209847191636341,0.0915706867482156
57,2,Florescent,ridge,full_mfcs,1.0,0.72,0.08209847191636341,0.0915706867482156
57,3,Florescent,ridge,full_ex,1.0,0.42,0.0915689155064052,0.11263269227098781
57,3,Florescent,ridge,full_1fcs,1.0,0.42,0.0915689155064052,0.11263269227098781
57,3,Florescent,ridge,full_mfcs,1.0,0.46,0.0915689155064052,0.11263269227098781
57,4,Florescent,ridge,full_ex,1.0,0.44,0.10209981910004906,0.12071834038157392
57,4,Florescent,ridge,full_1fcs,1.0,0.44,0.10209981910004906,0.12071834038157392
57,4,Florescent,ridge,full_mfcs,1.0,0.58,0.10209981910004906,0.12071834038157392
57,5,Florescent,ridge,full_ex,1.0,0.44,0.10830560597429274,0.08782872973556044
57,5,Florescent,ridge,full_1fcs,1.0,0.44,0.10830560597429274,0.08782872973556044
57,5,Florescent,ridge,full_mfcs,1.0,0.7000000000000001,0.10830560597429274,0.08782872973556044
58,1,Florescent,ridge,full_ex,1.0,0.78,0.5423965238186128,0.12322760790149691
58,1,Florescent,ridge,full_1fcs,1.0,1.18,0.5423965238186128,0.12322760790149691
58,1,Florescent,ridge,full_mfcs,1.0,1.18,0.5423965238186128,0.12322760790149691
58,2,Florescent,ridge,full_ex,1.0,0.64,0.07548241927580848,0.0611044874532653
58,2,Florescent,ridge,full_1fcs,1.0,0.64,0.07548241927580848,0.0611044874532653
58,2,Florescent,ridge,full_mfcs,1.0,1.12,0.07548241927580848,0.0611044874532653
58,3,Florescent,ridge,full_ex,1.0,0.5,0.06110903922657544,0.058194839423093454
58,3,Florescent,ridge,full_1fcs,1.0,0.5,0.06110903922657544,0.058194839423093454
58,3,Florescent,ridge,full_mfcs,1.0,1.1,0.06110903922657544,0.058194839423093454
58,4,Florescent,ridge,full_ex,1.0,0.5,0.05965217000582364,0.07485303909317653
58,4,Florescent,ridge,full_1fcs,1.0,0.5,0.05965217000582364,0.07485303909317653
58,4,Florescent,ridge,full_mfcs,1.0,1.1400000000000001,0.05965217000582364,0.07485303909317653
58,5,Florescent,ridge,full_ex,1.0,0.5,0.0647185915554842,0.056646156166941075
58,5,Florescent,ridge,full_1fcs,1.0,0.5,0.0647185915554842,0.056646156166941075
58,5,Florescent,ridge,full_mfcs,1.0,1.16,0.0647185915554842,0.056646156166941075
59,1,Florescent,ridge,full_ex,1.0,0.28,0.061404098498776684,0.1010588161433129
59,1,Florescent,ridge,full_1fcs,1.0,0.78,0.061404098498776684,0.1010588161433129
59,1,Florescent,ridge,full_mfcs,1.0,0.78,0.061404098498776684,0.1010588161433129
59,2,Florescent,ridge,full_ex,1.0,0.32,0.11247562442270671,0.09658896587873692
59,2,Florescent,ridge,full_1fcs,1.0,0.34,0.11247562442270671,0.09658896587873692
59,2,Florescent,ridge,full_mfcs,1.0,0.5,0.11247562442270671,0.09658896587873692
59,3,Florescent,ridge,full_ex,1.0,0.3,0.09659366418071717,0.09086357725060135
59,3,Florescent,ridge,full_1fcs,1.0,0.32,0.09659366418071717,0.09086357725060135
59,3,Florescent,ridge,full_mfcs,1.0,0.32,0.09659366418071717,0.09086357725060135
59,4,Florescent,ridge,full_ex,1.0,0.3,0.09372904443032747,0.09843844173925716
59,4,Florescent,ridge,full_1fcs,1.0,0.32,0.09372904443032747,0.09843844173925716
59,4,Florescent,ridge,full_mfcs,1.0,0.32,0.09372904443032747,0.09843844173925716
59,5,Florescent,ridge,full_ex,1.0,0.3,0.09529868875273045,0.09710196850301013
59,5,Florescent,ridge,full_1fcs,1.0,0.32,0.09529868875273045,0.09710196850301013
59,5,Florescent,ridge,full_mfcs,1.0,0.32,0.09529868875273045,0.09710196850301013
60,1,Florescent,ridge,full_ex,1.0,0.76,0.24067277615235616,0.1126167918020413
60,1,Florescent,ridge,full_1fcs,1.0,1.3,0.24067277615235616,0.1126167918020413
60,1,Florescent,ridge,full_mfcs,1.0,1.3,0.24067277615235616,0.1126167918020413
60,2,Florescent,ridge,full_ex,1.0,0.72,0.18640268960486003,0.24777930971629814
60,2,Florescent,ridge,full_1fcs,1.0,0.78,0.18640268960486003,0.24777930971629814
60,2,Florescent,ridge,full_mfcs,1.0,0.76,0.18640268960486003,0.24777930971629814
60,3,Florescent,ridge,full_ex,1.0,0.78,0.24775494154563896,0.19884683724015084
60,3,Florescent,ridge,full_1fcs,1.0,0.8200000000000001,0.24775494154563896,0.19884683724015084
60,3,Florescent,ridge,full_mfcs,1.0,0.84,0.24775494154563896,0.19884683724015084
60,4,Florescent,ridge,full_ex,1.0,0.76,0.22330574481564675,0.29177727208878074
60,4,Florescent,ridge,full_1fcs,1.0,0.8200000000000001,0.22330574481564675,0.29177727208878074
60,4,Florescent,ridge,full_mfcs,1.0,0.8200000000000001,0.22330574481564675,0.29177727208878074
60,5,Florescent,ridge,full_ex,1.0,0.78,0.2461265658792004,0.15044982206090393
60,5,Florescent,ridge,full_1fcs,1.0,0.84,0.2461265658792004,0.15044982206090393
60,5,Florescent,ridge,full_mfcs,1.0,0.84,0.2461265658792004,0.15044982206090393
61,1,Florescent,ridge,full_ex,1.0,0.8200000000000001,0.23598938742505354,0.060548065764811074
61,1,Florescent,ridge,full_1fcs,1.0,0.9,0.23598938742505354,0.060548065764811074
61,1,Florescent,ridge,full_mfcs,1.0,0.9,0.23598938742505354,0.060548065764811074
61,2,Florescent,ridge,full_ex,1.0,0.72,0.1592275119158193,0.03928957011814942
61,2,Florescent,ridge,full_1fcs,1.0,0.66,0.1592275119158193,0.03928957011814942
61,2,Florescent,ridge,full_mfcs,1.0,1.16,0.1592275119158193,0.03928957011814942
61,3,Florescent,ridge,full_ex,1.0,0.58,0.039307548844492925,0.009953317535116392
61,3,Florescent,ridge,full_1fcs,1.0,0.56,0.039307548844492925,0.009953317535116392
61,3,Florescent,ridge,full_mfcs,1.0,0.58,0.039307548844492925,0.009953317535116392
61,4,Florescent,ridge,full_ex,1.0,0.56,0.02463153332528311,0.0
61,4,Florescent,ridge,full_1fcs,1.0,0.54,0.02463153332528311,0.0
61,4,Florescent,ridge,full_mfcs,1.0,0.56,0.02463153332528311,0.0
61,5,Florescent,ridge,full_ex,1.0,0.56,0.016421432509145312,0.12383935438762558
61,5,Florescent,ridge,full_1fcs,1.0,0.56,0.016421432509145312,0.12383935438762558
61,5,Florescent,ridge,full_mfcs,1.0,0.56,0.016421432509145312,0.12383935438762558
62,1,Florescent,ridge,full_ex,1.0,0.88,0.3380057519164562,0.1787193995235976
62,1,Florescent,ridge,full_1fcs,1.0,1.12,0.3380057519164562,0.1787193995235976
62,1,Florescent,ridge,full_mfcs,1.0,1.12,0.3380057519164562,0.1787193995235976
62,2,Florescent,ridge,full_ex,1.0,0.88,0.10461871476082275,0.168725783633936
62,2,Florescent,ridge,full_1fcs,1.0,0.88,0.10461871476082275,0.168725783633936
62,2,Florescent,ridge,full_mfcs,1.0,0.88,0.10461871476082275,0.168725783633936
62,3,Florescent,ridge,full_ex,1.0,0.86,0.16870744350222744,0.18188407490507963
62,3,Florescent,ridge,full_1fcs,1.0,0.86,0.16870744350222744,0.18188407490507963
62,3,Florescent,ridge,full_mfcs,1.0,0.86,0.16870744350222744,0.18188407490507963
62,4,Florescent,ridge,full_ex,1.0,0.84,0.1752948166564873,0.19101500316058617
62,4,Florescent,ridge,full_1fcs,1.0,0.84,0.1752948166564873,0.19101500316058617
62,4,Florescent,ridge,full_mfcs,1.0,0.84,0.1752948166564873,0.19101500316058617
62,5,Florescent,ridge,full_ex,1.0,0.8200000000000001,0.18053437902694774,0.18801671019895336
62,5,Florescent,ridge,full_1fcs,1.0,0.84,0.18053437902694774,0.18801671019895336
62,5,Florescent,ridge,full_mfcs,1.0,0.84,0.18053437902694774,0.18801671019895336
63,1,Florescent,ridge,full_ex,1.0,0.84,0.08337671460620408,0.06408171323844278
63,1,Florescent,ridge,full_1fcs,1.0,0.86,0.08337671460620408,0.06408171323844278
63,1,Florescent,ridge,full_mfcs,1.0,0.86,0.08337671460620408,0.06408171323844278
63,2,Florescent,ridge,full_ex,1.0,0.9400000000000001,0.28779388494864155,0.09976576438819705
63,2,Florescent,ridge,full_1fcs,1.0,1.1400000000000001,0.28779388494864155,0.09976576438819705
63,2,Florescent,ridge,full_mfcs,1.0,1.58,0.28779388494864155,0.09976576438819705
63,3,Florescent,ridge,full_ex,1.0,0.78,0.0998043087693966,0.07914868349730796
63,3,Florescent,ridge,full_1fcs,1.0,0.88,0.0998043087693966,0.07914868349730796
63,3,Florescent,ridge,full_mfcs,1.0,0.88,0.0998043087693966,0.07914868349730796
63,4,Florescent,ridge,full_ex,1.0,0.78,0.08947755480391811,0.11326266505522806
63,4,Florescent,ridge,full_1fcs,1.0,0.88,0.08947755480391811,0.11326266505522806
63,4,Florescent,ridge,full_mfcs,1.0,0.88,0.08947755480391811,0.11326266505522806
63,5,Florescent,ridge,full_ex,1.0,0.8,0.09740538306201638,0.11190069229015041
63,5,Florescent,ridge,full_1fcs,1.0,0.88,0.09740538306201638,0.11190069229015041
63,5,Florescent,ridge,full_mfcs,1.0,0.88,0.09740538306201638,0.11190069229015041
64,1,Florescent,ridge,full_ex,1.0,1.1,0.5200332647476759,0.17538453603725387
64,1,Florescent,ridge,full_1fcs,1.0,2.22,0.5200332647476759,0.17538453603725387
64,1,Florescent,ridge,full_mfcs,1.0,2.22,0.5200332647476759,0.17538453603725387
64,2,Florescent,ridge,full_ex,1.0,0.86,0.1788569786132611,0.12053455148345593
64,2,Florescent,ridge,full_1fcs,1.0,1.0,0.1788569786132611,0.12053455148345593
64,2,Florescent,ridge,full_mfcs,1.0,1.0,0.1788569786132611,0.12053455148345593
64,3,Florescent,ridge,full_ex,1.0,0.78,0.12055167056402877,0.16029252114717568
64,3,Florescent,ridge,full_1fcs,1.0,0.78,0.12055167056402877,0.16029252114717568
64,3,Florescent,ridge,full_mfcs,1.0,0.8200000000000001,0.12055167056402877,0.16029252114717568
64,4,Florescent,ridge,full_ex,1.0,0.8,0.1404191791955779,0.13693240278375265
64,4,Florescent,ridge,full_1fcs,1.0,0.76,0.1404191791955779,0.13693240278375265
64,4,Florescent,ridge,full_mfcs,1.0,0.84,0.1404191791955779,0.13693240278375265
64,5,Florescent,ridge,full_ex,1.0,0.8200000000000001,0.139257034131713,0.11999975609975774
64,5,Florescent,ridge,full_1fcs,1.0,0.76,0.139257034131713,0.11999975609975774
64,5,Florescent,ridge,full_mfcs,1.0,0.86,0.139257034131713,0.11999975609975774
65,1,Florescent,ridge,full_ex,1.0,0.7000000000000001,0.31957547856193064,0.16112660188860983
65,1,Florescent,ridge,full_1fcs,1.0,1.74,0.31957547856193064,0.16112660188860983
65,1,Florescent,ridge,full_mfcs,1.0,1.74,0.31957547856193064,0.16112660188860983
65,2,Florescent,ridge,full_ex,1.0,0.6,0.20894882399192236,0.2159223844147841
65,2,Florescent,ridge,full_1fcs,1.0,0.86,0.20894882399192236,0.2159223844147841
65,2,Florescent,ridge,full_mfcs,1.0,1.32,0.20894882399192236,0.2159223844147841
65,3,Florescent,ridge,full_ex,1.0,0.6,0.21592101149741078,0.1867629859213854
65,3,Florescent,ridge,full_1fcs,1.0,0.62,0.21592101149741078,0.1867629859213854
65,3,Florescent,ridge,full_mfcs,1.0,0.8,0.21592101149741078,0.1867629859213854
65,4,Florescent,ridge,full_ex,1.0,0.58,0.20134343396907906,0.17239550505692114
65,4,Florescent,ridge,full_1fcs,1.0,0.78,0.20134343396907906,0.17239550505692114
65,4,Florescent,ridge,full_mfcs,1.0,0.78,0.20134343396907906,0.17239550505692114
65,5,Florescent,ridge,full_ex,1.0,0.56,0.1916947576500254,0.19623749794367137
65,5,Florescent,ridge,full_1fcs,1.0,0.78,0.1916947576500254,0.19623749794367137
65,5,Florescent,ridge,full_mfcs,1.0,0.8200000000000001,0.1916947576500254,0.19623749794367137
66,1,Florescent,ridge,full_ex,1.0,0.74,-0.011987298597639239,0.18420781717166762
66,1,Florescent,ridge,full_1fcs,1.0,1.08,-0.011987298597639239,0.18420781717166762
66,1,Florescent,ridge,full_mfcs,1.0,1.08,-0.011987298597639239,0.18420781717166762
66,2,Florescent,ridge,full_ex,1.0,0.86,0.04920003176677304,0.004872074755685421
66,2,Florescent,ridge,full_1fcs,1.0,1.02,0.04920003176677304,0.004872074755685421
66,2,Florescent,ridge,full_mfcs,1.0,1.06,0.04920003176677304,0.004872074755685421
66,3,Florescent,ridge,full_ex,1.0,0.78,0.0048797720130480775,0.3013663187323348
66,3,Florescent,ridge,full_1fcs,1.0,1.0,0.0048797720130480775,0.3013663187323348
66,3,Florescent,ridge,full_mfcs,1.0,1.0,0.0048797720130480775,0.3013663187323348
66,4,Florescent,ridge,full_ex,1.0,0.9400000000000001,0.15311017352070505,0.08864703872424332
66,4,Florescent,ridge,full_1fcs,1.0,1.1400000000000001,0.15311017352070505,0.08864703872424332
66,4,Florescent,ridge,full_mfcs,1.0,1.1400000000000001,0.15311017352070505,0.08864703872424332
66,5,Florescent,ridge,full_ex,1.0,0.92,0.13162370580018318,0.18668524857956895
66,5,Florescent,ridge,full_1fcs,1.0,1.12,0.13162370580018318,0.18668524857956895
66,5,Florescent,ridge,full_mfcs,1.0,1.12,0.13162370580018318,0.18668524857956895
67,1,Florescent,ridge,full_ex,1.0,0.66,-0.04261653337466948,0.056462405910298524
67,1,Florescent,ridge,full_1fcs,1.0,0.62,-0.04261653337466948,0.056462405910298524
67,1,Florescent,ridge,full_mfcs,1.0,0.62,-0.04261653337466948,0.056462405910298524
67,2,Florescent,ridge,full_ex,1.0,0.56,0.005332532741118774,0.10844282916472095
67,2,Florescent,ridge,full_1fcs,1.0,0.48,0.005332532741118774,0.10844282916472095
67,2,Florescent,ridge,full_mfcs,1.0,0.56,0.005332532741118774,0.10844282916472095
67,3,Florescent,ridge,full_ex,1.0,0.68,0.10842020001461027,0.10225230967791235
67,3,Florescent,ridge,full_1fcs,1.0,0.56,0.10842020001461027,0.10225230967791235
67,3,Florescent,ridge,full_mfcs,1.0,0.7000000000000001,0.10842020001461027,0.10225230967791235
67,4,Florescent,ridge,full_ex,1.0,0.7000000000000001,0.105336593291767,0.11201127315687148
67,4,Florescent,ridge,full_1fcs,1.0,0.54,0.105336593291767,0.11201127315687148
67,4,Florescent,ridge,full_mfcs,1.0,0.8,0.105336593291767,0.11201127315687148
67,5,Florescent,ridge,full_ex,1.0,0.7000000000000001,0.10756132379561553,0.10583253506276102
67,5,Florescent,ridge,full_1fcs,1.0,0.64,0.10756132379561553,0.10583253506276102
67,5,Florescent,ridge,full_mfcs,1.0,0.8,0.10756132379561553,0.10583253506276102
68,1,Florescent,ridge,full_ex,1.0,0.96,0.32646331662534556,0.0969411540678938
68,1,Florescent,ridge,full_1fcs,1.0,0.8200000000000001,0.32646331662534556,0.0969411540678938
68,1,Florescent,ridge,full_mfcs,1.0,0.8200000000000001,0.32646331662534556,0.0969411540678938
68,2,Florescent,ridge,full_ex,1.0,0.86,0.3057650168402817,0.10110097675744995
68,2,Florescent,ridge,full_1fcs,1.0,0.9,0.3057650168402817,0.10110097675744995
68,2,Florescent,ridge,full_mfcs,1.0,1.34,0.3057650168402817,0.10110097675744995
68,3,Florescent,ridge,full_ex,1.0,0.66,0.10113158831247865,0.09999908954717074
68,3,Florescent,ridge,full_1fcs,1.0,0.66,0.10113158831247865,0.09999908954717074
68,3,Florescent,ridge,full_mfcs,1.0,0.72,0.10113158831247865,0.09999908954717074
68,4,Florescent,ridge,full_ex,1.0,0.68,0.10056538127971325,0.10478059363584756
68,4,Florescent,ridge,full_1fcs,1.0,0.68,0.10056538127971325,0.10478059363584756
68,4,Florescent,ridge,full_mfcs,1.0,0.72,0.10056538127971325,0.10478059363584756
68,5,Florescent,ridge,full_ex,1.0,0.68,0.10197038200722117,0.10267462407910019
68,5,Florescent,ridge,full_1fcs,1.0,0.68,0.10197038200722117,0.10267462407910019
68,5,Florescent,ridge,full_mfcs,1.0,0.72,0.10197038200722117,0.10267462407910019
69,1,Florescent,ridge,full_ex,1.0,0.74,0.24380248930875875,0.25245166511442585
69,1,Florescent,ridge,full_1fcs,1.0,0.88,0.24380248930875875,0.25245166511442585
69,1,Florescent,ridge,full_mfcs,1.0,0.88,0.24380248930875875,0.25245166511442585
69,2,Florescent,ridge,full_ex,1.0,0.5,0.014705356306745998,0.13004911919903678
69,2,Florescent,ridge,full_1fcs,1.0,0.5,0.014705356306745998,0.13004911919903678
69,2,Florescent,ridge,full_mfcs,1.0,0.5,0.014705356306745998,0.13004911919903678
69,3,Florescent,ridge,full_ex,1.0,0.62,0.13002304415436963,0.13161248419111665
69,3,Florescent,ridge,full_1fcs,1.0,0.62,0.13002304415436963,0.13161248419111665
69,3,Florescent,ridge,full_mfcs,1.0,0.62,0.13002304415436963,0.13161248419111665
69,4,Florescent,ridge,full_ex,1.0,0.6,0.1308176743346573,0.13035582032828347
69,4,Florescent,ridge,full_1fcs,1.0,0.6,0.1308176743346573,0.13035582032828347
69,4,Florescent,ridge,full_mfcs,1.0,0.6,0.1308176743346573,0.13035582032828347
69,5,Florescent,ridge,full_ex,1.0,0.6,0.13066373460044114,0.1309002935828915
69,5,Florescent,ridge,full_1fcs,1.0,0.6,0.13066373460044114,0.1309002935828915
69,5,Florescent,ridge,full_mfcs,1.0,0.6,0.13066373460044114,0.1309002935828915
70,1,Florescent,ridge,full_ex,0.0,0.66,0.18689693312768305,1.056894777976256
70,1,Florescent,ridge,full_1fcs,0.0,1.1,0.18689693312768305,1.056894777976256
70,1,Florescent,ridge,full_mfcs,0.0,1.1,0.18689693312768305,1.056894777976256
70,2,Florescent,ridge,full_ex,1.0,1.0,0.7448443333733739,0.8430945864926049
70,2,Florescent,ridge,full_1fcs,1.0,1.46,0.7448443333733739,0.8430945864926049
70,2,Florescent,ridge,full_mfcs,1.0,1.72,0.7448443333733739,0.8430945864926049
70,3,Florescent,ridge,full_ex,1.0,0.96,0.8430674514208851,0.8269930450661296
70,3,Florescent,ridge,full_1fcs,1.0,1.2,0.8430674514208851,0.8269930450661296
70,3,Florescent,ridge,full_mfcs,1.0,1.36,0.8430674514208851,0.8269930450661296
70,4,Florescent,ridge,full_ex,1.0,0.92,0.8350313582675383,0.8805610888571518
70,4,Florescent,ridge,full_1fcs,1.0,1.32,0.8350313582675383,0.8805610888571518
70,4,Florescent,ridge,full_mfcs,1.0,1.18,0.8350313582675383,0.8805610888571518
70,5,Florescent,ridge,full_ex,1.0,0.92,0.8502065377002161,0.8449537621540191
70,5,Florescent,ridge,full_1fcs,1.0,1.4000000000000001,0.8502065377002161,0.8449537621540191
70,5,Florescent,ridge,full_mfcs,1.0,1.28,0.8502065377002161,0.8449537621540191
71,1,Florescent,ridge,full_ex,1.0,0.66,0.1124292716961988,0.19105818820941517
71,1,Florescent,ridge,full_1fcs,1.0,0.66,0.1124292716961988,0.19105818820941517
71,1,Florescent,ridge,full_mfcs,1.0,0.66,0.1124292716961988,0.19105818820941517
71,2,Florescent,ridge,full_ex,1.0,1.06,0.28909654569758675,0.03996224141066357
71,2,Florescent,ridge,full_1fcs,1.0,1.7,0.28909654569758675,0.03996224141066357
71,2,Florescent,ridge,full_mfcs,1.0,1.7,0.28909654569758675,0.03996224141066357
71,3,Florescent,ridge,full_ex,1.0,0.62,0.04004802981909662,0.16419518689966192
71,3,Florescent,ridge,full_1fcs,1.0,0.62,0.04004802981909662,0.16419518689966192
71,3,Florescent,ridge,full_mfcs,1.0,1.1400000000000001,0.04004802981909662,0.16419518689966192
71,4,Florescent,ridge,full_ex,1.0,0.7000000000000001,0.10211091912383878,0.15363063428030166
71,4,Florescent,ridge,full_1fcs,1.0,0.7000000000000001,0.10211091912383878,0.15363063428030166
71,4,Florescent,ridge,full_mfcs,1.0,1.24,0.10211091912383878,0.15363063428030166
71,5,Florescent,ridge,full_ex,1.0,0.7000000000000001,0.11928218587818853,0.09736829292252927
71,5,Florescent,ridge,full_1fcs,1.0,0.7000000000000001,0.11928218587818853,0.09736829292252927
71,5,Florescent,ridge,full_mfcs,1.0,1.34,0.11928218587818853,0.09736829292252927
72,1,Florescent,ridge,full_ex,0.0,0.98,0.43323566905081595,0.10248573338587394
72,1,Florescent,ridge,full_1fcs,1.0,1.28,0.43323566905081595,0.10248573338587394
72,1,Florescent,ridge,full_mfcs,1.0,1.28,0.43323566905081595,0.10248573338587394
72,2,Florescent,ridge,full_ex,1.0,0.66,0.14271924527447577,0.1364206293693742
72,2,Florescent,ridge,full_1fcs,1.0,0.66,0.14271924527447577,0.1364206293693742
72,2,Florescent,ridge,full_mfcs,1.0,0.68,0.14271924527447577,0.1364206293693742
72,3,Florescent,ridge,full_ex,1.0,0.52,0.13642305210803898,0.13522197813003164
72,3,Florescent,ridge,full_1fcs,1.0,0.52,0.13642305210803898,0.13522197813003164
72,3,Florescent,ridge,full_mfcs,1.0,0.92,0.13642305210803898,0.13522197813003164
72,4,Florescent,ridge,full_ex,1.0,0.48,0.13582263063803546,0.13602618740181102
72,4,Florescent,ridge,full_1fcs,1.0,0.68,0.13582263063803546,0.13602618740181102
72,4,Florescent,ridge,full_mfcs,1.0,1.0,0.13582263063803546,0.13602618740181102
72,5,Florescent,ridge,full_ex,1.0,0.48,0.135890474190235,0.13757406614685375
72,5,Florescent,ridge,full_1fcs,1.0,0.8,0.135890474190235,0.13757406614685375
72,5,Florescent,ridge,full_mfcs,1.0,1.46,0.135890474190235,0.13757406614685375
73,1,Florescent,ridge,full_ex,1.0,0.72,0.26673026270154276,0.0899825774576184
73,1,Florescent,ridge,full_1fcs,1.0,1.32,0.26673026270154276,0.0899825774576184
73,1,Florescent,ridge,full_mfcs,1.0,1.32,0.26673026270154276,0.0899825774576184
73,2,Florescent,ridge,full_ex,1.0,0.9,0.4485573326825311,0.16336633146908103
73,2,Florescent,ridge,full_1fcs,1.0,2.22,0.4485573326825311,0.16336633146908103
73,2,Florescent,ridge,full_mfcs,1.0,2.22,0.4485573326825311,0.16336633146908103
73,3,Florescent,ridge,full_ex,1.0,0.74,0.16342637935786786,0.19413303708608845
73,3,Florescent,ridge,full_1fcs,1.0,0.74,0.16342637935786786,0.19413303708608845
73,3,Florescent,ridge,full_mfcs,1.0,1.18,0.16342637935786786,0.19413303708608845
73,4,Florescent,ridge,full_ex,1.0,0.62,0.17877809170430714,0.15500726509745247
73,4,Florescent,ridge,full_1fcs,1.0,0.62,0.17877809170430714,0.15500726509745247
73,4,Florescent,ridge,full_mfcs,1.0,0.92,0.17877809170430714,0.15500726509745247
73,5,Florescent,ridge,full_ex,1.0,0.62,0.17085503902765667,0.1649238324697898
73,5,Florescent,ridge,full_1fcs,1.0,0.62,0.17085503902765667,0.1649238324697898
73,5,Florescent,ridge,full_mfcs,1.0,1.28,0.17085503902765667,0.1649238324697898
74,1,Florescent,ridge,full_ex,1.0,0.72,-0.01816413439663864,0.08114520876910772
74,1,Florescent,ridge,full_1fcs,1.0,0.6,-0.01816413439663864,0.08114520876910772
74,1,Florescent,ridge,full_mfcs,1.0,0.6,-0.01816413439663864,0.08114520876910772
74,2,Florescent,ridge,full_ex,1.0,0.84,0.09825302059203551,0.058848198022640706
74,2,Florescent,ridge,full_1fcs,1.0,0.64,0.09825302059203551,0.058848198022640706
74,2,Florescent,ridge,full_mfcs,1.0,1.54,0.09825302059203551,0.058848198022640706
74,3,Florescent,ridge,full_ex,1.0,0.78,0.05885582184411968,0.051852983213091716
74,3,Florescent,ridge,full_1fcs,1.0,0.62,0.05885582184411968,0.051852983213091716
74,3,Florescent,ridge,full_mfcs,1.0,1.12,0.05885582184411968,0.051852983213091716
74,4,Florescent,ridge,full_ex,1.0,0.76,0.05535474127851567,0.05886247187710518
74,4,Florescent,ridge,full_1fcs,1.0,0.76,0.05535474127851567,0.05886247187710518
74,4,Florescent,ridge,full_mfcs,1.0,1.12,0.05535474127851567,0.05886247187710518
74,5,Florescent,ridge,full_ex,1.0,0.76,0.056523909395937516,0.05406285462338458
74,5,Florescent,ridge,full_1fcs,1.0,0.76,0.056523909395937516,0.05406285462338458
74,5,Florescent,ridge,full_mfcs,1.0,1.12,0.056523909395937516,0.05406285462338458
75,1,Florescent,ridge,full_ex,1.0,0.66,0.3013975008811512,0.06738014710615355
75,1,Florescent,ridge,full_1fcs,1.0,1.18,0.3013975008811512,0.06738014710615355
75,1,Florescent,ridge,full_mfcs,1.0,1.18,0.3013975008811512,0.06738014710615355
75,2,Florescent,ridge,full_ex,1.0,0.6,0.22542292806303868,0.08646383116003542
75,2,Florescent,ridge,full_1fcs,1.0,0.78,0.22542292806303868,0.08646383116003542
75,2,Florescent,ridge,full_mfcs,1.0,1.3,0.22542292806303868,0.08646383116003542
75,3,Florescent,ridge,full_ex,1.0,0.46,0.08648719707771976,0.08912825427098327
75,3,Florescent,ridge,full_1fcs,1.0,0.46,0.08648719707771976,0.08912825427098327
75,3,Florescent,ridge,full_mfcs,1.0,0.46,0.08648719707771976,0.08912825427098327
75,4,Florescent,ridge,full_ex,1.0,0.46,0.08780761464176838,0.08536166494542416
75,4,Florescent,ridge,full_1fcs,1.0,0.46,0.08780761464176838,0.08536166494542416
75,4,Florescent,ridge,full_mfcs,1.0,0.46,0.08780761464176838,0.08536166494542416
75,5,Florescent,ridge,full_ex,1.0,0.48,0.08699234378028961,0.09299583804074692
75,5,Florescent,ridge,full_1fcs,1.0,0.48,0.08699234378028961,0.09299583804074692
75,5,Florescent,ridge,full_mfcs,1.0,0.48,0.08699234378028961,0.09299583804074692
76,1,Florescent,ridge,full_ex,1.0,0.72,0.2684129092979446,0.07837019827633673
76,1,Florescent,ridge,full_1fcs,1.0,1.18,0.2684129092979446,0.07837019827633673
76,1,Florescent,ridge,full_mfcs,1.0,1.18,0.2684129092979446,0.07837019827633673
76,2,Florescent,ridge,full_ex,1.0,0.78,0.33132877753225876,0.09421085941957148
76,2,Florescent,ridge,full_1fcs,1.0,1.12,0.33132877753225876,0.09421085941957148
76,2,Florescent,ridge,full_mfcs,1.0,1.96,0.33132877753225876,0.09421085941957148
76,3,Florescent,ridge,full_ex,1.0,0.58,0.09425617703071454,0.10117566058807158
76,3,Florescent,ridge,full_1fcs,1.0,0.58,0.09425617703071454,0.10117566058807158
76,3,Florescent,ridge,full_mfcs,1.0,0.58,0.09425617703071454,0.10117566058807158
76,4,Florescent,ridge,full_ex,1.0,0.56,0.09771558816817515,0.08309513706292979
76,4,Florescent,ridge,full_1fcs,1.0,0.56,0.09771558816817515,0.08309513706292979
76,4,Florescent,ridge,full_mfcs,1.0,0.56,0.09771558816817515,0.08309513706292979
76,5,Florescent,ridge,full_ex,1.0,0.56,0.09284241497682198,0.09759508237246071
76,5,Florescent,ridge,full_1fcs,1.0,0.56,0.09284241497682198,0.09759508237246071
76,5,Florescent,ridge,full_mfcs,1.0,0.56,0.09284241497682198,0.09759508237246071
77,1,Florescent,ridge,full_ex,1.0,0.78,0.25657965714892633,0.1507598376905873
77,1,Florescent,ridge,full_1fcs,1.0,1.44,0.25657965714892633,0.1507598376905873
77,1,Florescent,ridge,full_mfcs,1.0,1.44,0.25657965714892633,0.1507598376905873
77,2,Florescent,ridge,full_ex,1.0,0.8200000000000001,0.16046824542517857,0.19132898398918127
77,2,Florescent,ridge,full_1fcs,1.0,0.78,0.16046824542517857,0.19132898398918127
77,2,Florescent,ridge,full_mfcs,1.0,0.9,0.16046824542517857,0.19132898398918127
77,3,Florescent,ridge,full_ex,1.0,0.78,0.19131715487705636,0.08038838230833026
77,3,Florescent,ridge,full_1fcs,1.0,0.88,0.19131715487705636,0.08038838230833026
77,3,Florescent,ridge,full_mfcs,1.0,0.88,0.19131715487705636,0.08038838230833026
77,4,Florescent,ridge,full_ex,1.0,0.68,0.13586340055072008,0.1319788739358407
77,4,Florescent,ridge,full_1fcs,1.0,0.8,0.13586340055072008,0.1319788739358407
77,4,Florescent,ridge,full_mfcs,1.0,0.9400000000000001,0.13586340055072008,0.1319788739358407
77,5,Florescent,ridge,full_ex,1.0,0.68,0.1345687238296178,0.16652369022461697
77,5,Florescent,ridge,full_1fcs,1.0,0.9400000000000001,0.1345687238296178,0.16652369022461697
77,5,Florescent,ridge,full_mfcs,1.0,0.9400000000000001,0.1345687238296178,0.16652369022461697
78,1,Florescent,ridge,full_ex,1.0,0.64,0.15598452897122322,0.0634908327161658
78,1,Florescent,ridge,full_1fcs,1.0,0.72,0.15598452897122322,0.0634908327161658
78,1,Florescent,ridge,full_mfcs,1.0,0.72,0.15598452897122322,0.0634908327161658
78,2,Florescent,ridge,full_ex,1.0,0.58,-0.0009189972603336049,0.17199501333367648
78,2,Florescent,ridge,full_1fcs,1.0,0.58,-0.0009189972603336049,0.17199501333367648
78,2,Florescent,ridge,full_mfcs,1.0,0.86,-0.0009189972603336049,0.17199501333367648
78,3,Florescent,ridge,full_ex,1.0,0.74,0.17196369444047463,0.14081837266300826
78,3,Florescent,ridge,full_1fcs,1.0,0.74,0.17196369444047463,0.14081837266300826
78,3,Florescent,ridge,full_mfcs,1.0,0.74,0.17196369444047463,0.14081837266300826
78,4,Florescent,ridge,full_ex,1.0,0.68,0.15639244397157542,0.08887462708296279
78,4,Florescent,ridge,full_1fcs,1.0,0.68,0.15639244397157542,0.08887462708296279
78,4,Florescent,ridge,full_mfcs,1.0,0.68,0.15639244397157542,0.08887462708296279
78,5,Florescent,ridge,full_ex,1.0,0.64,0.13388786396208557,0.1406108363598749
78,5,Florescent,ridge,full_1fcs,1.0,0.64,0.13388786396208557,0.1406108363598749
78,5,Florescent,ridge,full_mfcs,1.0,0.64,0.13388786396208557,0.1406108363598749
79,1,Florescent,ridge,full_ex,1.0,1.0,0.3820220893848767,0.09705460333812581
79,1,Florescent,ridge,full_1fcs,1.0,1.5,0.3820220893848767,0.09705460333812581
79,1,Florescent,ridge,full_mfcs,1.0,1.5,0.3820220893848767,0.09705460333812581
79,2,Florescent,ridge,full_ex,1.0,0.68,-0.026783944832254464,0.20885404787310727
79,2,Florescent,ridge,full_1fcs,1.0,0.84,-0.026783944832254464,0.20885404787310727
79,2,Florescent,ridge,full_mfcs,1.0,0.9,-0.026783944832254464,0.20885404787310727
79,3,Florescent,ridge,full_ex,1.0,0.92,0.2088210993608281,0.22392256898327184
79,3,Florescent,ridge,full_1fcs,1.0,0.92,0.2088210993608281,0.22392256898327184
79,3,Florescent,ridge,full_mfcs,1.0,1.02,0.2088210993608281,0.22392256898327184
79,4,Florescent,ridge,full_ex,1.0,0.9,0.21637130623842799,0.15491759317018508
79,4,Florescent,ridge,full_1fcs,1.0,0.9,0.21637130623842799,0.15491759317018508
79,4,Florescent,ridge,full_mfcs,1.0,0.98,0.21637130623842799,0.15491759317018508
79,5,Florescent,ridge,full_ex,1.0,0.88,0.1958876900695596,0.3037237164418067
79,5,Florescent,ridge,full_1fcs,1.0,0.88,0.1958876900695596,0.3037237164418067
79,5,Florescent,ridge,full_mfcs,1.0,0.9400000000000001,0.1958876900695596,0.3037237164418067
80,1,Florescent,ridge,full_ex,1.0,1.08,0.4747969614131968,0.6850976448631163
80,1,Florescent,ridge,full_1fcs,1.0,1.8,0.4747969614131968,0.6850976448631163
80,1,Florescent,ridge,full_mfcs,1.0,1.8,0.4747969614131968,0.6850976448631163
80,2,Florescent,ridge,full_ex,1.0,1.2,0.7447701128208719,1.267354306789059
80,2,Florescent,ridge,full_1fcs,1.0,2.22,0.7447701128208719,1.267354306789059
80,2,Florescent,ridge,full_mfcs,1.0,2.22,0.7447701128208719,1.267354306789059
80,3,Florescent,ridge,full_ex,1.0,1.24,1.267242691889256,1.1348343245758088
80,3,Florescent,ridge,full_1fcs,1.0,1.8,1.267242691889256,1.1348343245758088
80,3,Florescent,ridge,full_mfcs,1.0,1.82,1.267242691889256,1.1348343245758088
80,4,Florescent,ridge,full_ex,1.0,1.12,1.2010455790195755,1.2087595406713065
80,4,Florescent,ridge,full_1fcs,1.0,1.8,1.2010455790195755,1.2087595406713065
80,4,Florescent,ridge,full_mfcs,1.0,1.54,1.2010455790195755,1.2087595406713065
80,5,Florescent,ridge,full_ex,1.0,1.12,1.2036167164819234,1.25947507782334
80,5,Florescent,ridge,full_1fcs,1.0,1.84,1.2036167164819234,1.25947507782334
80,5,Florescent,ridge,full_mfcs,1.0,1.6,1.2036167164819234,1.25947507782334
81,1,Florescent,ridge,full_ex,1.0,0.68,0.02420402576264946,0.12268662510121335
81,1,Florescent,ridge,full_1fcs,1.0,0.8200000000000001,0.02420402576264946,0.12268662510121335
81,1,Florescent,ridge,full_mfcs,1.0,0.8200000000000001,0.02420402576264946,0.12268662510121335
81,2,Florescent,ridge,full_ex,1.0,0.78,0.2298762305374107,0.1324560622507659
81,2,Florescent,ridge,full_1fcs,1.0,1.34,0.2298762305374107,0.1324560622507659
81,2,Florescent,ridge,full_mfcs,1.0,1.6600000000000001,0.2298762305374107,0.1324560622507659
81,3,Florescent,ridge,full_ex,1.0,0.78,0.1324748586908051,0.11181379787594331
81,3,Florescent,ridge,full_1fcs,1.0,0.78,0.1324748586908051,0.11181379787594331
81,3,Florescent,ridge,full_mfcs,1.0,0.8200000000000001,0.1324748586908051,0.11181379787594331
81,4,Florescent,ridge,full_ex,1.0,0.74,0.12214532497629046,0.13581912833333273
81,4,Florescent,ridge,full_1fcs,1.0,0.8200000000000001,0.12214532497629046,0.13581912833333273
81,4,Florescent,ridge,full_mfcs,1.0,0.8200000000000001,0.12214532497629046,0.13581912833333273
81,5,Florescent,ridge,full_ex,1.0,0.74,0.12670296625078484,0.13427308561920062
81,5,Florescent,ridge,full_1fcs,1.0,0.8200000000000001,0.12670296625078484,0.13427308561920062
81,5,Florescent,ridge,full_mfcs,1.0,0.8200000000000001,0.12670296625078484,0.13427308561920062
82,1,Florescent,ridge,full_ex,1.0,0.7000000000000001,-0.04172174399197442,0.16116738021228877
82,1,Florescent,ridge,full_1fcs,1.0,0.7000000000000001,-0.04172174399197442,0.16116738021228877
82,1,Florescent,ridge,full_mfcs,1.0,0.7000000000000001,-0.04172174399197442,0.16116738021228877
82,2,Florescent,ridge,full_ex,1.0,1.3,0.7600347881555475,0.08277246091925386
82,2,Florescent,ridge,full_1fcs,1.0,2.22,0.7600347881555475,0.08277246091925386
82,2,Florescent,ridge,full_mfcs,1.0,2.22,0.7600347881555475,0.08277246091925386
82,3,Florescent,ridge,full_ex,1.0,0.8200000000000001,0.08289389354367938,0.1876978590467716
82,3,Florescent,ridge,full_1fcs,1.0,1.44,0.08289389354367938,0.1876978590467716
82,3,Florescent,ridge,full_mfcs,1.0,1.44,0.08289389354367938,0.1876978590467716
82,4,Florescent,ridge,full_ex,1.0,0.88,0.13529117805657104,0.14422236326889296
82,4,Florescent,ridge,full_1fcs,1.0,0.9,0.13529117805657104,0.14422236326889296
82,4,Florescent,ridge,full_mfcs,1.0,0.9,0.13529117805657104,0.14422236326889296
82,5,Florescent,ridge,full_ex,1.0,0.88,0.13826806184450427,0.08779581209517828
82,5,Florescent,ridge,full_1fcs,1.0,0.92,0.13826806184450427,0.08779581209517828
82,5,Florescent,ridge,full_mfcs,1.0,0.92,0.13826806184450427,0.08779581209517828
83,1,Florescent,ridge,full_ex,1.0,0.8200000000000001,0.34168961731730846,0.13300284318904373
83,1,Florescent,ridge,full_1fcs,1.0,1.46,0.34168961731730846,0.13300284318904373
83,1,Florescent,ridge,full_mfcs,1.0,1.46,0.34168961731730846,0.13300284318904373
83,2,Florescent,ridge,full_ex,1.0,0.66,0.12516409902013695,0.1893127651483923
83,2,Florescent,ridge,full_1fcs,1.0,0.54,0.12516409902013695,0.1893127651483923
83,2,Florescent,ridge,full_mfcs,1.0,0.54,0.12516409902013695,0.1893127651483923
83,3,Florescent,ridge,full_ex,1.0,0.7000000000000001,0.18929340317564386,0.18571794323620702
83,3,Florescent,ridge,full_1fcs,1.0,0.6,0.18929340317564386,0.18571794323620702
83,3,Florescent,ridge,full_mfcs,1.0,0.6,0.18929340317564386,0.18571794323620702
83,4,Florescent,ridge,full_ex,1.0,0.7000000000000001,0.18750594304149693,0.18700009743163237
83,4,Florescent,ridge,full_1fcs,1.0,0.62,0.18750594304149693,0.18700009743163237
83,4,Florescent,ridge,full_mfcs,1.0,0.68,0.18750594304149693,0.18700009743163237
83,5,Florescent,ridge,full_ex,1.0,0.68,0.18733734480608724,0.19183699090667974
83,5,Florescent,ridge,full_1fcs,1.0,0.62,0.18733734480608724,0.19183699090667974
83,5,Florescent,ridge,full_mfcs,1.0,0.76,0.18733734480608724,0.19183699090667974
84,1,Florescent,ridge,full_ex,1.0,0.8200000000000001,0.41236513462326063,0.17207450628751478
84,1,Florescent,ridge,full_1fcs,1.0,0.92,0.41236513462326063,0.17207450628751478
84,1,Florescent,ridge,full_mfcs,1.0,0.92,0.41236513462326063,0.17207450628751478
84,2,Florescent,ridge,full_ex,1.0,0.84,0.2907373069916908,0.19530267797264228
84,2,Florescent,ridge,full_1fcs,1.0,1.1,0.2907373069916908,0.19530267797264228
84,2,Florescent,ridge,full_mfcs,1.0,1.1,0.2907373069916908,0.19530267797264228
84,3,Florescent,ridge,full_ex,1.0,0.62,0.19532369247328657,0.1541335710782397
84,3,Florescent,ridge,full_1fcs,1.0,1.0,0.19532369247328657,0.1541335710782397
84,3,Florescent,ridge,full_mfcs,1.0,1.12,0.19532369247328657,0.1541335710782397
84,4,Florescent,ridge,full_ex,1.0,0.6,0.17473089951930296,0.17197007728672206
84,4,Florescent,ridge,full_1fcs,1.0,1.1400000000000001,0.17473089951930296,0.17197007728672206
84,4,Florescent,ridge,full_mfcs,1.0,1.1400000000000001,0.17473089951930296,0.17197007728672206
84,5,Florescent,ridge,full_ex,1.0,0.58,0.17381069299843427,0.17098774329167102
84,5,Florescent,ridge,full_1fcs,1.0,1.16,0.17381069299843427,0.17098774329167102
84,5,Florescent,ridge,full_mfcs,1.0,1.16,0.17381069299843427,0.17098774329167102
85,1,Florescent,ridge,full_ex,0.0,1.04,0.5460527702526289,1.1528507058077113
85,1,Florescent,ridge,full_1fcs,1.0,2.22,0.5460527702526289,1.1528507058077113
85,1,Florescent,ridge,full_mfcs,1.0,2.22,0.5460527702526289,1.1528507058077113
85,2,Florescent,ridge,full_ex,1.0,1.1400000000000001,0.9728042880431673,0.8514870449743152
85,2,Florescent,ridge,full_1fcs,1.0,1.68,0.9728042880431673,0.8514870449743152
85,2,Florescent,ridge,full_mfcs,1.0,2.22,0.9728042880431673,0.8514870449743152
85,3,Florescent,ridge,full_ex,1.0,1.04,0.8515283651472163,0.9414201425168036
85,3,Florescent,ridge,full_1fcs,1.0,1.18,0.8515283651472163,0.9414201425168036
85,3,Florescent,ridge,full_mfcs,1.0,1.18,0.8515283651472163,0.9414201425168036
85,4,Florescent,ridge,full_ex,1.0,0.9,0.8964665983328317,0.7713844898334873
85,4,Florescent,ridge,full_1fcs,1.0,1.32,0.8964665983328317,0.7713844898334873
85,4,Florescent,ridge,full_mfcs,1.0,1.16,0.8964665983328317,0.7713844898334873
85,5,Florescent,ridge,full_ex,1.0,0.9,0.8547772968488486,0.8917287876812576
85,5,Florescent,ridge,full_1fcs,1.0,1.32,0.8547772968488486,0.8917287876812576
85,5,Florescent,ridge,full_mfcs,1.0,1.2,0.8547772968488486,0.8917287876812576
86,1,Florescent,ridge,full_ex,1.0,0.32,0.1306974747567133,0.05024894286121452
86,1,Florescent,ridge,full_1fcs,1.0,1.12,0.1306974747567133,0.05024894286121452
86,1,Florescent,ridge,full_mfcs,1.0,1.12,0.1306974747567133,0.05024894286121452
86,2,Florescent,ridge,full_ex,1.0,0.18,0.009404293090640848,0.08894378004880288
86,2,Florescent,ridge,full_1fcs,1.0,0.76,0.009404293090640848,0.08894378004880288
86,2,Florescent,ridge,full_mfcs,1.0,1.1,0.009404293090640848,0.08894378004880288
86,3,Florescent,ridge,full_ex,1.0,0.26,0.08893131441625407,0.1367713311944572
86,3,Florescent,ridge,full_1fcs,1.0,0.42,0.08893131441625407,0.1367713311944572
86,3,Florescent,ridge,full_mfcs,1.0,0.42,0.08893131441625407,0.1367713311944572
86,4,Florescent,ridge,full_ex,1.0,0.28,0.11284944825552169,0.05352070619903079
86,4,Florescent,ridge,full_1fcs,1.0,0.44,0.11284944825552169,0.05352070619903079
86,4,Florescent,ridge,full_mfcs,1.0,0.44,0.11284944825552169,0.05352070619903079
86,5,Florescent,ridge,full_ex,1.0,0.26,0.09307423413977499,0.1390703939074252
86,5,Florescent,ridge,full_1fcs,1.0,0.42,0.09307423413977499,0.1390703939074252
86,5,Florescent,ridge,full_mfcs,1.0,0.42,0.09307423413977499,0.1390703939074252
87,1,Florescent,ridge,full_ex,1.0,0.6,0.1981748015790175,0.023355127563329373
87,1,Florescent,ridge,full_1fcs,1.0,0.64,0.1981748015790175,0.023355127563329373
87,1,Florescent,ridge,full_mfcs,1.0,0.64,0.1981748015790175,0.023355127563329373
87,2,Florescent,ridge,full_ex,1.0,0.38,0.03408686328407709,0.13628183453815942
87,2,Florescent,ridge,full_1fcs,1.0,0.38,0.03408686328407709,0.13628183453815942
87,2,Florescent,ridge,full_mfcs,1.0,0.38,0.03408686328407709,0.13628183453815942
87,3,Florescent,ridge,full_ex,1.0,0.48,0.13624754917509496,0.12507348598589685
87,3,Florescent,ridge,full_1fcs,1.0,0.48,0.13624754917509496,0.12507348598589685
87,3,Florescent,ridge,full_mfcs,1.0,0.48,0.13624754917509496,0.12507348598589685
87,4,Florescent,ridge,full_ex,1.0,0.5,0.13066145493363762,0.13112065986897875
87,4,Florescent,ridge,full_1fcs,1.0,0.5,0.13066145493363762,0.13112065986897875
87,4,Florescent,ridge,full_mfcs,1.0,0.5,0.13066145493363762,0.13112065986897875
87,5,Florescent,ridge,full_ex,1.0,0.5,0.13081450612394996,0.13783970385830774
87,5,Florescent,ridge,full_1fcs,1.0,0.5,0.13081450612394996,0.13783970385830774
87,5,Florescent,ridge,full_mfcs,1.0,0.5,0.13081450612394996,0.13783970385830774
88,1,Florescent,ridge,full_ex,1.0,0.46,0.16484445782950247,0.24415317209758947
88,1,Florescent,ridge,full_1fcs,1.0,1.1400000000000001,0.16484445782950247,0.24415317209758947
88,1,Florescent,ridge,full_mfcs,1.0,1.1400000000000001,0.16484445782950247,0.24415317209758947
88,2,Florescent,ridge,full_ex,1.0,0.58,0.295974578005008,0.1301834359178735
88,2,Florescent,ridge,full_1fcs,1.0,0.92,0.295974578005008,0.1301834359178735
88,2,Florescent,ridge,full_mfcs,1.0,1.68,0.295974578005008,0.1301834359178735
88,3,Florescent,ridge,full_ex,1.0,0.48,0.13022310211058874,0.1373478599558233
88,3,Florescent,ridge,full_1fcs,1.0,0.48,0.13022310211058874,0.1373478599558233
88,3,Florescent,ridge,full_mfcs,1.0,1.04,0.13022310211058874,0.1373478599558233
88,4,Florescent,ridge,full_ex,1.0,0.44,0.13378505482541536,0.13126277889380375
88,4,Florescent,ridge,full_1fcs,1.0,0.44,0.13378505482541536,0.13126277889380375
88,4,Florescent,ridge,full_mfcs,1.0,0.86,0.13378505482541536,0.13126277889380375
88,5,Florescent,ridge,full_ex,1.0,0.44,0.13294436324375683,0.1466771942643199
88,5,Florescent,ridge,full_1fcs,1.0,0.44,0.13294436324375683,0.1466771942643199
88,5,Florescent,ridge,full_mfcs,1.0,1.1400000000000001,0.13294436324375683,0.1466771942643199
89,1,Florescent,ridge,full_ex,1.0,1.0,0.49791756700362344,0.07020254006466359
89,1,Florescent,ridge,full_1fcs,1.0,2.22,0.49791756700362344,0.07020254006466359
89,1,Florescent,ridge,full_mfcs,1.0,2.22,0.49791756700362344,0.07020254006466359
89,2,Florescent,ridge,full_ex,1.0,0.76,0.07987836763450157,0.1029242493277645
89,2,Florescent,ridge,full_1fcs,1.0,1.0,0.07987836763450157,0.1029242493277645
89,2,Florescent,ridge,full_mfcs,1.0,1.0,0.07987836763450157,0.1029242493277645
89,3,Florescent,ridge,full_ex,1.0,0.78,0.10291471449520737,0.03561999826762199
89,3,Florescent,ridge,full_1fcs,1.0,0.66,0.10291471449520737,0.03561999826762199
89,3,Florescent,ridge,full_mfcs,1.0,0.68,0.10291471449520737,0.03561999826762199
89,4,Florescent,ridge,full_ex,1.0,0.72,0.06927431832656757,0.04544191857858489
89,4,Florescent,ridge,full_1fcs,1.0,0.72,0.06927431832656757,0.04544191857858489
89,4,Florescent,ridge,full_mfcs,1.0,0.72,0.06927431832656757,0.04544191857858489
89,5,Florescent,ridge,full_ex,1.0,0.7000000000000001,0.06133128096115397,0.061211507146854575
89,5,Florescent,ridge,full_1fcs,1.0,0.7000000000000001,0.06133128096115397,0.061211507146854575
89,5,Florescent,ridge,full_mfcs,1.0,0.7000000000000001,0.06133128096115397,0.061211507146854575
90,1,Florescent,ridge,full_ex,1.0,0.66,0.4843313949233004,0.14739939897630355
90,1,Florescent,ridge,full_1fcs,1.0,1.46,0.4843313949233004,0.14739939897630355
90,1,Florescent,ridge,full_mfcs,1.0,1.46,0.4843313949233004,0.14739939897630355
90,2,Florescent,ridge,full_ex,1.0,0.6,0.179573927822136,0.10937550173273491
90,2,Florescent,ridge,full_1fcs,1.0,1.24,0.179573927822136,0.10937550173273491
90,2,Florescent,ridge,full_mfcs,1.0,1.58,0.179573927822136,0.10937550173273491
90,3,Florescent,ridge,full_ex,1.0,0.46,0.10939034689830558,0.11748284614393212
90,3,Florescent,ridge,full_1fcs,1.0,0.74,0.10939034689830558,0.11748284614393212
90,3,Florescent,ridge,full_mfcs,1.0,0.9,0.10939034689830558,0.11748284614393212
90,4,Florescent,ridge,full_ex,1.0,0.48,0.11343616863740255,0.11009048853888873
90,4,Florescent,ridge,full_1fcs,1.0,0.9,0.11343616863740255,0.11009048853888873
90,4,Florescent,ridge,full_mfcs,1.0,0.9,0.11343616863740255,0.11009048853888873
90,5,Florescent,ridge,full_ex,1.0,0.48,0.1123210205618139,0.11194409809165558
90,5,Florescent,ridge,full_1fcs,1.0,0.9,0.1123210205618139,0.11194409809165558
90,5,Florescent,ridge,full_mfcs,1.0,0.9,0.1123210205618139,0.11194409809165558
91,1,Florescent,ridge,full_ex,1.0,0.66,0.23732285048870538,0.16485159021701584
91,1,Florescent,ridge,full_1fcs,1.0,1.5,0.23732285048870538,0.16485159021701584
91,1,Florescent,ridge,full_mfcs,1.0,1.5,0.23732285048870538,0.16485159021701584
91,2,Florescent,ridge,full_ex,1.0,0.62,0.11233149168254043,0.07546612233543257
91,2,Florescent,ridge,full_1fcs,1.0,0.88,0.11233149168254043,0.07546612233543257
91,2,Florescent,ridge,full_mfcs,1.0,0.88,0.11233149168254043,0.07546612233543257
91,3,Florescent,ridge,full_ex,1.0,0.5,0.07548411566688333,0.07775268642553226
91,3,Florescent,ridge,full_1fcs,1.0,0.52,0.07548411566688333,0.07775268642553226
91,3,Florescent,ridge,full_mfcs,1.0,0.52,0.07548411566688333,0.07775268642553226
91,4,Florescent,ridge,full_ex,1.0,0.52,0.07661812416694015,0.09128978861282812
91,4,Florescent,ridge,full_1fcs,1.0,0.52,0.07661812416694015,0.09128978861282812
91,4,Florescent,ridge,full_mfcs,1.0,0.52,0.07661812416694015,0.09128978861282812
91,5,Florescent,ridge,full_ex,1.0,0.52,0.08150788305861303,0.08784073792400343
91,5,Florescent,ridge,full_1fcs,1.0,0.54,0.08150788305861303,0.08784073792400343
91,5,Florescent,ridge,full_mfcs,1.0,0.54,0.08150788305861303,0.08784073792400343
92,1,Florescent,ridge,full_ex,1.0,0.3,0.10464464728724995,0.08458585166882582
92,1,Florescent,ridge,full_1fcs,1.0,0.96,0.10464464728724995,0.08458585166882582
92,1,Florescent,ridge,full_mfcs,1.0,0.96,0.10464464728724995,0.08458585166882582
92,2,Florescent,ridge,full_ex,1.0,0.3,0.09010995259484501,0.12289046147714286
92,2,Florescent,ridge,full_1fcs,1.0,0.32,0.09010995259484501,0.12289046147714286
92,2,Florescent,ridge,full_mfcs,1.0,0.9400000000000001,0.09010995259484501,0.12289046147714286
92,3,Florescent,ridge,full_ex,1.0,0.32,0.12288291557541099,0.12282821648697834
92,3,Florescent,ridge,full_1fcs,1.0,0.32,0.12288291557541099,0.12282821648697834
92,3,Florescent,ridge,full_mfcs,1.0,0.32,0.12288291557541099,0.12282821648697834
92,4,Florescent,ridge,full_ex,1.0,0.32,0.122855569179833,0.12282668644150947
92,4,Florescent,ridge,full_1fcs,1.0,0.32,0.122855569179833,0.12282668644150947
92,4,Florescent,ridge,full_mfcs,1.0,0.32,0.122855569179833,0.12282668644150947
92,5,Florescent,ridge,full_ex,1.0,0.32,0.12284594233851245,0.12253574683986827
92,5,Florescent,ridge,full_1fcs,1.0,0.3,0.12284594233851245,0.12253574683986827
92,5,Florescent,ridge,full_mfcs,1.0,0.3,0.12284594233851245,0.12253574683986827
93,1,Florescent,ridge,full_ex,1.0,0.54,0.21851895931100207,0.002715998752172308
93,1,Florescent,ridge,full_1fcs,1.0,0.52,0.21851895931100207,0.002715998752172308
93,1,Florescent,ridge,full_mfcs,1.0,0.52,0.21851895931100207,0.002715998752172308
93,2,Florescent,ridge,full_ex,1.0,0.54,0.18120606499634734,0.24101646543476674
93,2,Florescent,ridge,full_1fcs,1.0,0.48,0.18120606499634734,0.24101646543476674
93,2,Florescent,ridge,full_mfcs,1.0,0.52,0.18120606499634734,0.24101646543476674
93,3,Florescent,ridge,full_ex,1.0,0.56,0.24099656933521652,0.24288353920537104
93,3,Florescent,ridge,full_1fcs,1.0,0.54,0.24099656933521652,0.24288353920537104
93,3,Florescent,ridge,full_mfcs,1.0,0.58,0.24099656933521652,0.24288353920537104
93,4,Florescent,ridge,full_ex,1.0,0.56,0.24193989731831986,0.13856867053015376
93,4,Florescent,ridge,full_1fcs,1.0,0.54,0.24193989731831986,0.13856867053015376
93,4,Florescent,ridge,full_mfcs,1.0,0.58,0.24193989731831986,0.13856867053015376
93,5,Florescent,ridge,full_ex,1.0,0.52,0.2074866433176868,0.1886644710771178
93,5,Florescent,ridge,full_1fcs,1.0,0.52,0.2074866433176868,0.1886644710771178
93,5,Florescent,ridge,full_mfcs,1.0,0.52,0.2074866433176868,0.1886644710771178
94,1,Florescent,ridge,full_ex,0.0,0.74,0.37480312653541986,1.328949506938052
94,1,Florescent,ridge,full_1fcs,0.0,1.0,0.37480312653541986,1.328949506938052
94,1,Florescent,ridge,full_mfcs,0.0,1.0,0.37480312653541986,1.328949506938052
94,2,Florescent,ridge,full_ex,1.0,0.8200000000000001,1.1576251479826676,1.0860066875810126
94,2,Florescent,ridge,full_1fcs,1.0,2.22,1.1576251479826676,1.0860066875810126
94,2,Florescent,ridge,full_mfcs,1.0,2.22,1.1576251479826676,1.0860066875810126
94,3,Florescent,ridge,full_ex,1.0,0.84,1.086026778993671,1.0720079170353236
94,3,Florescent,ridge,full_1fcs,1.0,1.46,1.086026778993671,1.0720079170353236
94,3,Florescent,ridge,full_mfcs,1.0,1.46,1.086026778993671,1.0720079170353236
94,4,Florescent,ridge,full_ex,1.0,0.8200000000000001,1.0790183313441901,1.0904213368297164
94,4,Florescent,ridge,full_1fcs,1.0,1.5,1.0790183313441901,1.0904213368297164
94,4,Florescent,ridge,full_mfcs,1.0,1.3800000000000001,1.0790183313441901,1.0904213368297164
94,5,Florescent,ridge,full_ex,1.0,0.8200000000000001,1.082818977665618,1.0827109338754586
94,5,Florescent,ridge,full_1fcs,1.0,1.52,1.082818977665618,1.0827109338754586
94,5,Florescent,ridge,full_mfcs,1.0,1.44,1.082818977665618,1.0827109338754586
95,1,Florescent,ridge,full_ex,0.0,1.26,0.6008453965682199,1.4042704724529198
95,1,Florescent,ridge,full_1fcs,1.0,2.22,0.6008453965682199,1.4042704724529198
95,1,Florescent,ridge,full_mfcs,1.0,2.22,0.6008453965682199,1.4042704724529198
95,2,Florescent,ridge,full_ex,1.0,1.42,0.9336187901025327,0.9065089381500837
95,2,Florescent,ridge,full_1fcs,1.0,1.6,0.9336187901025327,0.9065089381500837
95,2,Florescent,ridge,full_mfcs,1.0,1.5,0.9336187901025327,0.9065089381500837
95,3,Florescent,ridge,full_ex,1.0,1.4000000000000001,0.9065145950681335,0.7812651401731788
95,3,Florescent,ridge,full_1fcs,1.0,1.32,0.9065145950681335,0.7812651401731788
95,3,Florescent,ridge,full_mfcs,1.0,1.32,0.9065145950681335,0.7812651401731788
95,4,Florescent,ridge,full_ex,1.0,1.4000000000000001,0.8438964021409606,0.8633597233185237
95,4,Florescent,ridge,full_1fcs,1.0,1.34,0.8438964021409606,0.8633597233185237
95,4,Florescent,ridge,full_mfcs,1.0,1.34,0.8438964021409606,0.8633597233185237
95,5,Florescent,ridge,full_ex,1.0,1.34,0.8503837245437886,0.6032176324814298
95,5,Florescent,ridge,full_1fcs,1.0,1.36,0.8503837245437886,0.6032176324814298
95,5,Florescent,ridge,full_mfcs,1.0,1.36,0.8503837245437886,0.6032176324814298
96,1,Florescent,ridge,full_ex,1.0,1.1,0.9028213616374708,1.232677848028532
96,1,Florescent,ridge,full_1fcs,1.0,2.22,0.9028213616374708,1.232677848028532
96,1,Florescent,ridge,full_mfcs,1.0,2.22,0.9028213616374708,1.232677848028532
96,2,Florescent,ridge,full_ex,1.0,1.04,1.0860603793877868,0.8531804321942869
96,2,Florescent,ridge,full_1fcs,1.0,2.22,1.0860603793877868,0.8531804321942869
96,2,Florescent,ridge,full_mfcs,1.0,2.22,1.0860603793877868,0.8531804321942869
96,3,Florescent,ridge,full_ex,1.0,1.12,0.85325590520432,0.8899533592801258
96,3,Florescent,ridge,full_1fcs,1.0,1.32,0.85325590520432,0.8899533592801258
96,3,Florescent,ridge,full_mfcs,1.0,1.32,0.85325590520432,0.8899533592801258
96,4,Florescent,ridge,full_ex,1.0,1.06,0.8716016584792614,1.0722179531956075
96,4,Florescent,ridge,full_1fcs,1.0,1.26,0.8716016584792614,1.0722179531956075
96,4,Florescent,ridge,full_mfcs,1.0,1.22,0.8716016584792614,1.0722179531956075
96,5,Florescent,ridge,full_ex,1.0,1.02,0.9384665310635342,1.0018107107546896
96,5,Florescent,ridge,full_1fcs,1.0,1.32,0.9384665310635342,1.0018107107546896
96,5,Florescent,ridge,full_mfcs,1.0,1.3,0.9384665310635342,1.0018107107546896
97,1,Florescent,ridge,full_ex,1.0,1.1,0.35651631053649424,0.09716950704878459
97,1,Florescent,ridge,full_1fcs,1.0,1.46,0.35651631053649424,0.09716950704878459
97,1,Florescent,ridge,full_mfcs,1.0,1.46,0.35651631053649424,0.09716950704878459
97,2,Florescent,ridge,full_ex,1.0,1.0,0.1640111508155993,0.08173550142528191
97,2,Florescent,ridge,full_1fcs,1.0,1.0,0.1640111508155993,0.08173550142528191
97,2,Florescent,ridge,full_mfcs,1.0,1.0,0.1640111508155993,0.08173550142528191
97,3,Florescent,ridge,full_ex,1.0,0.8200000000000001,0.08176429114282373,0.1231294539714627
97,3,Florescent,ridge,full_1fcs,1.0,0.9400000000000001,0.08176429114282373,0.1231294539714627
97,3,Florescent,ridge,full_mfcs,1.0,0.9400000000000001,0.08176429114282373,0.1231294539714627
97,4,Florescent,ridge,full_ex,1.0,0.8200000000000001,0.10244325332185392,0.05867937271136664
97,4,Florescent,ridge,full_1fcs,1.0,0.96,0.10244325332185392,0.05867937271136664
97,4,Florescent,ridge,full_mfcs,1.0,0.96,0.10244325332185392,0.05867937271136664
97,5,Florescent,ridge,full_ex,1.0,0.78,0.08785699504490568,0.0635284593804255
97,5,Florescent,ridge,full_1fcs,1.0,0.9400000000000001,0.08785699504490568,0.0635284593804255
97,5,Florescent,ridge,full_mfcs,1.0,0.9400000000000001,0.08785699504490568,0.0635284593804255
98,1,Florescent,ridge,full_ex,1.0,0.76,0.16243929529262732,0.17594588846985107
98,1,Florescent,ridge,full_1fcs,1.0,0.72,0.16243929529262732,0.17594588846985107
98,1,Florescent,ridge,full_mfcs,1.0,0.72,0.16243929529262732,0.17594588846985107
98,2,Florescent,ridge,full_ex,1.0,1.06,0.551454653918798,0.18353410087537558
98,2,Florescent,ridge,full_1fcs,1.0,2.22,0.551454653918798,0.18353410087537558
98,2,Florescent,ridge,full_mfcs,1.0,2.22,0.551454653918798,0.18353410087537558
98,3,Florescent,ridge,full_ex,1.0,0.9,0.18358468023639593,0.17363397269632747
98,3,Florescent,ridge,full_1fcs,1.0,0.92,0.18358468023639593,0.17363397269632747
98,3,Florescent,ridge,full_mfcs,1.0,0.92,0.18358468023639593,0.17363397269632747
98,4,Florescent,ridge,full_ex,1.0,0.74,0.17860966847935647,0.15783195100863248
98,4,Florescent,ridge,full_1fcs,1.0,0.68,0.17860966847935647,0.15783195100863248
98,4,Florescent,ridge,full_mfcs,1.0,0.8200000000000001,0.17860966847935647,0.15783195100863248
98,5,Florescent,ridge,full_ex,1.0,0.74,0.17168408006149505,0.17792119471059867
98,5,Florescent,ridge,full_1fcs,1.0,0.74,0.17168408006149505,0.17792119471059867
98,5,Florescent,ridge,full_mfcs,1.0,0.88,0.17168408006149505,0.17792119471059867
99,1,Florescent,ridge,full_ex,1.0,0.42,0.19190848279897185,0.10581062353264571
99,1,Florescent,ridge,full_1fcs,1.0,1.54,0.19190848279897185,0.10581062353264571
99,1,Florescent,ridge,full_mfcs,1.0,1.54,0.19190848279897185,0.10581062353264571
99,2,Florescent,ridge,full_ex,1.0,0.44,0.23777681071008896,0.3457860932190127
99,2,Florescent,ridge,full_1fcs,1.0,0.8,0.23777681071008896,0.3457860932190127
99,2,Florescent,ridge,full_mfcs,1.0,0.84,0.23777681071008896,0.3457860932190127
99,3,Florescent,ridge,full_ex,1.0,0.46,0.3457528848075947,0.31103672079784755
99,3,Florescent,ridge,full_1fcs,1.0,0.68,0.3457528848075947,0.31103672079784755
99,3,Florescent,ridge,full_mfcs,1.0,0.78,0.3457528848075947,0.31103672079784755
99,4,Florescent,ridge,full_ex,1.0,0.44,0.3283974716612912,0.3159091599687825
99,4,Florescent,ridge,full_1fcs,1.0,0.78,0.3283974716612912,0.3159091599687825
99,4,Florescent,ridge,full_mfcs,1.0,0.72,0.3283974716612912,0.3159091599687825
99,5,Florescent,ridge,full_ex,1.0,0.46,0.3242351278109605,0.3331297988912445
99,5,Florescent,ridge,full_1fcs,1.0,0.8200000000000001,0.3242351278109605,0.3331297988912445
99,5,Florescent,ridge,full_mfcs,1.0,0.84,0.3242351278109605,0.3331297988912445
100,1,Florescent,ridge,full_ex,1.0,0.6,0.3887134625027721,0.24995468438520022
100,1,Florescent,ridge,full_1fcs,1.0,0.8,0.3887134625027721,0.24995468438520022
100,1,Florescent,ridge,full_mfcs,1.0,0.8,0.3887134625027721,0.24995468438520022
100,2,Florescent,ridge,full_ex,1.0,0.54,0.1804577865379991,0.05884967850997057
100,2,Florescent,ridge,full_1fcs,1.0,0.44,0.1804577865379991,0.05884967850997057
100,2,Florescent,ridge,full_mfcs,1.0,1.22,0.1804577865379991,0.05884967850997057
100,3,Florescent,ridge,full_ex,1.0,0.34,0.05886642372224063,0.06562440261548867
100,3,Florescent,ridge,full_1fcs,1.0,0.34,0.05886642372224063,0.06562440261548867
100,3,Florescent,ridge,full_mfcs,1.0,0.54,0.05886642372224063,0.06562440261548867
100,4,Florescent,ridge,full_ex,1.0,0.36,0.062245180511737344,0.07812182826232876
100,4,Florescent,ridge,full_1fcs,1.0,0.34,0.062245180511737344,0.07812182826232876
100,4,Florescent,ridge,full_mfcs,1.0,0.7000000000000001,0.062245180511737344,0.07812182826232876
100,5,Florescent,ridge,full_ex,1.0,0.36,0.06753715349769192,0.06848591373214867
100,5,Florescent,ridge,full_1fcs,1.0,0.36,0.06753715349769192,0.06848591373214867
100,5,Florescent,ridge,full_mfcs,1.0,0.7000000000000001,0.06753715349769192,0.06848591373214867
101,1,Florescent,ridge,full_ex,1.0,1.2,0.32899429619442294,0.32576233108556346
101,1,Florescent,ridge,full_1fcs,1.0,1.2,0.32899429619442294,0.32576233108556346
101,1,Florescent,ridge,full_mfcs,1.0,1.2,0.32899429619442294,0.32576233108556346
101,2,Florescent,ridge,full_ex,1.0,1.1,0.2531849771132127,0.15984239961918714
101,2,Florescent,ridge,full_1fcs,1.0,0.74,0.2531849771132127,0.15984239961918714
101,2,Florescent,ridge,full_mfcs,1.0,0.74,0.2531849771132127,0.15984239961918714
101,3,Florescent,ridge,full_ex,1.0,1.04,0.15986145693775794,0.15854738981317495
101,3,Florescent,ridge,full_1fcs,1.0,0.66,0.15986145693775794,0.15854738981317495
101,3,Florescent,ridge,full_mfcs,1.0,0.66,0.15986145693775794,0.15854738981317495
101,4,Florescent,ridge,full_ex,1.0,1.04,0.1592044904541949,0.1582944581764095
101,4,Florescent,ridge,full_1fcs,1.0,0.66,0.1592044904541949,0.1582944581764095
101,4,Florescent,ridge,full_mfcs,1.0,0.66,0.1592044904541949,0.1582944581764095
101,5,Florescent,ridge,full_ex,1.0,1.06,0.15890116700964668,0.15851209895820678
101,5,Florescent,ridge,full_1fcs,1.0,0.68,0.15890116700964668,0.15851209895820678
101,5,Florescent,ridge,full_mfcs,1.0,0.68,0.15890116700964668,0.15851209895820678
102,1,Florescent,ridge,full_ex,1.0,0.8,0.21486775981643827,0.11500720478734161
102,1,Florescent,ridge,full_1fcs,1.0,1.16,0.21486775981643827,0.11500720478734161
102,1,Florescent,ridge,full_mfcs,1.0,1.16,0.21486775981643827,0.11500720478734161
102,2,Florescent,ridge,full_ex,1.0,0.66,0.004422728024795517,0.19203979092456205
102,2,Florescent,ridge,full_1fcs,1.0,0.74,0.004422728024795517,0.19203979092456205
102,2,Florescent,ridge,full_mfcs,1.0,0.8,0.004422728024795517,0.19203979092456205
102,3,Florescent,ridge,full_ex,1.0,0.8200000000000001,0.19198524286125412,0.16615684204125056
102,3,Florescent,ridge,full_1fcs,1.0,0.9400000000000001,0.19198524286125412,0.16615684204125056
102,3,Florescent,ridge,full_mfcs,1.0,1.1400000000000001,0.19198524286125412,0.16615684204125056
102,4,Florescent,ridge,full_ex,1.0,0.78,0.17907292007278178,0.17967062799833688
102,4,Florescent,ridge,full_1fcs,1.0,1.18,0.17907292007278178,0.17967062799833688
102,4,Florescent,ridge,full_mfcs,1.0,1.18,0.17907292007278178,0.17967062799833688
102,5,Florescent,ridge,full_ex,1.0,0.78,0.17927213673547207,0.19520011693798123
102,5,Florescent,ridge,full_1fcs,1.0,1.16,0.17927213673547207,0.19520011693798123
102,5,Florescent,ridge,full_mfcs,1.0,1.16,0.17927213673547207,0.19520011693798123
103,1,Florescent,ridge,full_ex,1.0,0.74,0.08714939442846806,0.05380712253211643
103,1,Florescent,ridge,full_1fcs,1.0,0.78,0.08714939442846806,0.05380712253211643
103,1,Florescent,ridge,full_mfcs,1.0,0.78,0.08714939442846806,0.05380712253211643
103,2,Florescent,ridge,full_ex,1.0,0.8,0.13928181920411856,0.1636606634211019
103,2,Florescent,ridge,full_1fcs,1.0,0.98,0.13928181920411856,0.1636606634211019
103,2,Florescent,ridge,full_mfcs,1.0,0.98,0.13928181920411856,0.1636606634211019
103,3,Florescent,ridge,full_ex,1.0,0.76,0.1636532496005686,0.15147620831685876
103,3,Florescent,ridge,full_1fcs,1.0,0.9400000000000001,0.1636532496005686,0.15147620831685876
103,3,Florescent,ridge,full_mfcs,1.0,0.9400000000000001,0.1636532496005686,0.15147620831685876
103,4,Florescent,ridge,full_ex,1.0,0.76,0.15756565488623647,0.15629557039796027
103,4,Florescent,ridge,full_1fcs,1.0,0.92,0.15756565488623647,0.15629557039796027
103,4,Florescent,ridge,full_mfcs,1.0,0.92,0.15756565488623647,0.15629557039796027
103,5,Florescent,ridge,full_ex,1.0,0.76,0.15714233631577623,0.15611154603148986
103,5,Florescent,ridge,full_1fcs,1.0,0.9,0.15714233631577623,0.15611154603148986
103,5,Florescent,ridge,full_mfcs,1.0,0.9,0.15714233631577623,0.15611154603148986
104,1,Florescent,ridge,full_ex,0.0,0.48,0.2539485507921288,1.4055762855463607
104,1,Florescent,ridge,full_1fcs,1.0,1.74,0.2539485507921288,1.4055762855463607
104,1,Florescent,ridge,full_mfcs,1.0,1.74,0.2539485507921288,1.4055762855463607
104,2,Florescent,ridge,full_ex,1.0,0.86,1.184944443390462,1.1446929450026249
104,2,Florescent,ridge,full_1fcs,1.0,2.22,1.184944443390462,1.1446929450026249
104,2,Florescent,ridge,full_mfcs,1.0,2.22,1.184944443390462,1.1446929450026249
104,3,Florescent,ridge,full_ex,1.0,0.92,1.1447049085883014,1.2240184851798501
104,3,Florescent,ridge,full_1fcs,1.0,1.56,1.1447049085883014,1.2240184851798501
104,3,Florescent,ridge,full_mfcs,1.0,1.56,1.1447049085883014,1.2240184851798501
104,4,Florescent,ridge,full_ex,1.0,0.92,1.1843558025961158,1.0924236146969448
104,4,Florescent,ridge,full_1fcs,1.0,1.6400000000000001,1.1843558025961158,1.0924236146969448
104,4,Florescent,ridge,full_mfcs,1.0,1.52,1.1843558025961158,1.0924236146969448
104,5,Florescent,ridge,full_ex,1.0,0.9400000000000001,1.15371477658256,1.2803776849349966
104,5,Florescent,ridge,full_1fcs,1.0,1.62,1.15371477658256,1.2803776849349966
104,5,Florescent,ridge,full_mfcs,1.0,1.56,1.15371477658256,1.2803776849349966
105,1,Florescent,ridge,full_ex,1.0,0.36,0.11679267927744455,0.09671017239683627
105,1,Florescent,ridge,full_1fcs,0.0,0.26,0.11679267927744455,0.09671017239683627
105,1,Florescent,ridge,full_mfcs,0.0,0.26,0.11679267927744455,0.09671017239683627
105,2,Florescent,ridge,full_ex,1.0,0.3,0.09495720189361698,0.21635111177182356
105,2,Florescent,ridge,full_1fcs,0.0,0.02,0.09495720189361698,0.21635111177182356
105,2,Florescent,ridge,full_mfcs,1.0,0.34,0.09495720189361698,0.21635111177182356
105,3,Florescent,ridge,full_ex,1.0,0.42,0.21631305279252158,0.26619677892067983
105,3,Florescent,ridge,full_1fcs,0.0,0.04,0.21631305279252158,0.26619677892067983
105,3,Florescent,ridge,full_mfcs,1.0,0.38,0.21631305279252158,0.26619677892067983
105,4,Florescent,ridge,full_ex,1.0,0.4,0.24125100540295416,0.2240772163545651
105,4,Florescent,ridge,full_1fcs,1.0,0.06,0.24125100540295416,0.2240772163545651
105,4,Florescent,ridge,full_mfcs,1.0,0.38,0.24125100540295416,0.2240772163545651
105,5,Florescent,ridge,full_ex,1.0,0.4,0.2355270074290013,0.23349939933827601
105,5,Florescent,ridge,full_1fcs,1.0,0.06,0.2355270074290013,0.23349939933827601
105,5,Florescent,ridge,full_mfcs,1.0,0.4,0.2355270074290013,0.23349939933827601
106,1,Florescent,ridge,full_ex,1.0,0.7000000000000001,0.24603035144784274,0.11761042384191402
106,1,Florescent,ridge,full_1fcs,1.0,0.84,0.24603035144784274,0.11761042384191402
106,1,Florescent,ridge,full_mfcs,1.0,0.84,0.24603035144784274,0.11761042384191402
106,2,Florescent,ridge,full_ex,1.0,0.74,0.18018569090428707,0.1556929464547537
106,2,Florescent,ridge,full_1fcs,1.0,0.84,0.18018569090428707,0.1556929464547537
106,2,Florescent,ridge,full_mfcs,1.0,0.84,0.18018569090428707,0.1556929464547537
106,3,Florescent,ridge,full_ex,1.0,0.7000000000000001,0.155698925915682,0.08622105332111682
106,3,Florescent,ridge,full_1fcs,1.0,0.74,0.155698925915682,0.08622105332111682
106,3,Florescent,ridge,full_mfcs,1.0,0.74,0.155698925915682,0.08622105332111682
106,4,Florescent,ridge,full_ex,1.0,0.64,0.12096423057811068,0.15910230410032786
106,4,Florescent,ridge,full_1fcs,1.0,0.68,0.12096423057811068,0.15910230410032786
106,4,Florescent,ridge,full_mfcs,1.0,0.68,0.12096423057811068,0.15910230410032786
106,5,Florescent,ridge,full_ex,1.0,0.66,0.13367588705957484,0.08409546726837422
106,5,Florescent,ridge,full_1fcs,1.0,0.68,0.13367588705957484,0.08409546726837422
106,5,Florescent,ridge,full_mfcs,1.0,0.68,0.13367588705957484,0.08409546726837422
107,1,Florescent,ridge,full_ex,1.0,0.72,0.22599761591873838,0.06817562165206202
107,1,Florescent,ridge,full_1fcs,1.0,0.74,0.22599761591873838,0.06817562165206202
107,1,Florescent,ridge,full_mfcs,1.0,0.74,0.22599761591873838,0.06817562165206202
107,2,Florescent,ridge,full_ex,1.0,0.6,0.18254747034732083,0.08825980747171622
107,2,Florescent,ridge,full_1fcs,1.0,0.76,0.18254747034732083,0.08825980747171622
107,2,Florescent,ridge,full_mfcs,1.0,0.76,0.18254747034732083,0.08825980747171622
107,3,Florescent,ridge,full_ex,1.0,0.54,0.08829086143612769,0.17036421976682165
107,3,Florescent,ridge,full_1fcs,1.0,0.56,0.08829086143612769,0.17036421976682165
107,3,Florescent,ridge,full_mfcs,1.0,0.56,0.08829086143612769,0.17036421976682165
107,4,Florescent,ridge,full_ex,1.0,0.6,0.12932078170283462,0.16349795113524365
107,4,Florescent,ridge,full_1fcs,1.0,0.6,0.12932078170283462,0.16349795113524365
107,4,Florescent,ridge,full_mfcs,1.0,0.6,0.12932078170283462,0.16349795113524365
107,5,Florescent,ridge,full_ex,1.0,0.6,0.14071192053080545,0.17872403851352014
107,5,Florescent,ridge,full_1fcs,1.0,0.62,0.14071192053080545,0.17872403851352014
107,5,Florescent,ridge,full_mfcs,1.0,0.62,0.14071192053080545,0.17872403851352014
108,1,Florescent,ridge,full_ex,1.0,0.76,0.4303025383046788,0.15303868495682574
108,1,Florescent,ridge,full_1fcs,1.0,2.22,0.4303025383046788,0.15303868495682574
108,1,Florescent,ridge,full_mfcs,1.0,2.22,0.4303025383046788,0.15303868495682574
108,2,Florescent,ridge,full_ex,1.0,0.58,-0.07134742529026716,0.2060957983487972
108,2,Florescent,ridge,full_1fcs,1.0,0.5,-0.07134742529026716,0.2060957983487972
108,2,Florescent,ridge,full_mfcs,1.0,0.66,-0.07134742529026716,0.2060957983487972
108,3,Florescent,ridge,full_ex,1.0,0.84,0.20601635237041183,0.23418700081933871
108,3,Florescent,ridge,full_1fcs,1.0,0.68,0.20601635237041183,0.23418700081933871
108,3,Florescent,ridge,full_mfcs,1.0,0.86,0.20601635237041183,0.23418700081933871
108,4,Florescent,ridge,full_ex,1.0,0.8200000000000001,0.2200996596365287,0.2033003154919687
108,4,Florescent,ridge,full_1fcs,1.0,0.84,0.2200996596365287,0.2033003154919687
108,4,Florescent,ridge,full_mfcs,1.0,0.96,0.2200996596365287,0.2033003154919687
108,5,Florescent,ridge,full_ex,1.0,0.8,0.21450041285692592,0.213403091481465
108,5,Florescent,ridge,full_1fcs,1.0,0.92,0.21450041285692592,0.213403091481465
108,5,Florescent,ridge,full_mfcs,1.0,0.96,0.21450041285692592,0.213403091481465
109,1,Florescent,ridge,full_ex,1.0,0.8,0.4277618308823035,0.12894362380594757
109,1,Florescent,ridge,full_1fcs,1.0,1.04,0.4277618308823035,0.12894362380594757
109,1,Florescent,ridge,full_mfcs,1.0,1.04,0.4277618308823035,0.12894362380594757
109,2,Florescent,ridge,full_ex,1.0,0.8200000000000001,0.3639575776576472,0.1151284325965771
109,2,Florescent,ridge,full_1fcs,1.0,1.08,0.3639575776576472,0.1151284325965771
109,2,Florescent,ridge,full_mfcs,1.0,1.62,0.3639575776576472,0.1151284325965771
109,3,Florescent,ridge,full_ex,1.0,0.62,0.11515944299846904,0.11335051482776247
109,3,Florescent,ridge,full_1fcs,1.0,0.74,0.11515944299846904,0.11335051482776247
109,3,Florescent,ridge,full_mfcs,1.0,1.08,0.11515944299846904,0.11335051482776247
109,4,Florescent,ridge,full_ex,1.0,0.54,0.11425503527580726,0.1064992469301796
109,4,Florescent,ridge,full_1fcs,1.0,0.78,0.11425503527580726,0.1064992469301796
109,4,Florescent,ridge,full_mfcs,1.0,1.1,0.11425503527580726,0.1064992469301796
109,5,Florescent,ridge,full_ex,1.0,0.54,0.11166987989973172,0.08571666364882793
109,5,Florescent,ridge,full_1fcs,1.0,0.78,0.11166987989973172,0.08571666364882793
109,5,Florescent,ridge,full_mfcs,1.0,1.2,0.11166987989973172,0.08571666364882793
110,1,Florescent,ridge,full_ex,1.0,0.8,0.4118340150227185,0.0684687272878706
110,1,Florescent,ridge,full_1fcs,1.0,1.02,0.4118340150227185,0.0684687272878706
110,1,Florescent,ridge,full_mfcs,1.0,1.02,0.4118340150227185,0.0684687272878706
110,2,Florescent,ridge,full_ex,1.0,0.8,0.1209599978897314,0.04207416200880071
110,2,Florescent,ridge,full_1fcs,1.0,0.5,0.1209599978897314,0.04207416200880071
110,2,Florescent,ridge,full_mfcs,1.0,0.58,0.1209599978897314,0.04207416200880071
110,3,Florescent,ridge,full_ex,1.0,0.46,0.04211082542922831,0.045678519133645686
110,3,Florescent,ridge,full_1fcs,1.0,0.46,0.04211082542922831,0.045678519133645686
110,3,Florescent,ridge,full_mfcs,1.0,0.46,0.04211082542922831,0.045678519133645686
110,4,Florescent,ridge,full_ex,1.0,0.46,0.04389425765101589,0.041485801770936005
110,4,Florescent,ridge,full_1fcs,1.0,0.5,0.04389425765101589,0.041485801770936005
110,4,Florescent,ridge,full_mfcs,1.0,0.5,0.04389425765101589,0.041485801770936005
110,5,Florescent,ridge,full_ex,1.0,0.46,0.04309156343573666,0.04216043048435626
110,5,Florescent,ridge,full_1fcs,1.0,0.52,0.04309156343573666,0.04216043048435626
110,5,Florescent,ridge,full_mfcs,1.0,0.52,0.04309156343573666,0.04216043048435626
111,1,Florescent,ridge,full_ex,1.0,1.0,0.08998875930887623,0.16293615516854681
111,1,Florescent,ridge,full_1fcs,1.0,1.0,0.08998875930887623,0.16293615516854681
111,1,Florescent,ridge,full_mfcs,1.0,1.0,0.08998875930887623,0.16293615516854681
111,2,Florescent,ridge,full_ex,1.0,1.22,0.393716332972202,0.023132579821850824
111,2,Florescent,ridge,full_1fcs,1.0,1.36,0.393716332972202,0.023132579821850824
111,2,Florescent,ridge,full_mfcs,1.0,1.74,0.393716332972202,0.023132579821850824
111,3,Florescent,ridge,full_ex,1.0,0.88,0.023187925059366357,0.03428609044222003
111,3,Florescent,ridge,full_1fcs,1.0,0.88,0.023187925059366357,0.03428609044222003
111,3,Florescent,ridge,full_mfcs,1.0,0.88,0.023187925059366357,0.03428609044222003
111,4,Florescent,ridge,full_ex,1.0,0.88,0.028736593351824047,0.0774251644077776
111,4,Florescent,ridge,full_1fcs,1.0,0.88,0.028736593351824047,0.0774251644077776
111,4,Florescent,ridge,full_mfcs,1.0,0.88,0.028736593351824047,0.0774251644077776
111,5,Florescent,ridge,full_ex,1.0,0.9,0.04496530901910452,0.09377906936917967
111,5,Florescent,ridge,full_1fcs,1.0,0.9,0.04496530901910452,0.09377906936917967
111,5,Florescent,ridge,full_mfcs,1.0,0.9,0.04496530901910452,0.09377906936917967
112,1,Florescent,ridge,full_ex,1.0,0.62,0.06959598926590599,0.5814600168096581
112,1,Florescent,ridge,full_1fcs,1.0,0.74,0.06959598926590599,0.5814600168096581
112,1,Florescent,ridge,full_mfcs,1.0,0.74,0.06959598926590599,0.5814600168096581
112,2,Florescent,ridge,full_ex,1.0,0.84,0.34148691750823645,0.09295606014462558
112,2,Florescent,ridge,full_1fcs,1.0,1.6400000000000001,0.34148691750823645,0.09295606014462558
112,2,Florescent,ridge,full_mfcs,1.0,1.92,0.34148691750823645,0.09295606014462558
112,3,Florescent,ridge,full_ex,1.0,0.62,0.0929945712372812,0.07048656524862636
112,3,Florescent,ridge,full_1fcs,1.0,0.8,0.0929945712372812,0.07048656524862636
112,3,Florescent,ridge,full_mfcs,1.0,0.8200000000000001,0.0929945712372812,0.07048656524862636
112,4,Florescent,ridge,full_ex,1.0,0.62,0.081741440241498,0.07163708469861335
112,4,Florescent,ridge,full_1fcs,1.0,0.8200000000000001,0.081741440241498,0.07163708469861335
112,4,Florescent,ridge,full_mfcs,1.0,0.8200000000000001,0.081741440241498,0.07163708469861335
112,5,Florescent,ridge,full_ex,1.0,0.6,0.07837349571517466,0.059155139516723826
112,5,Florescent,ridge,full_1fcs,1.0,0.8200000000000001,0.07837349571517466,0.059155139516723826
112,5,Florescent,ridge,full_mfcs,1.0,0.8200000000000001,0.07837349571517466,0.059155139516723826
113,1,Florescent,ridge,full_ex,1.0,0.44,0.13101395771536806,0.12393400756836497
113,1,Florescent,ridge,full_1fcs,1.0,0.44,0.13101395771536806,0.12393400756836497
113,1,Florescent,ridge,full_mfcs,1.0,0.44,0.13101395771536806,0.12393400756836497
113,2,Florescent,ridge,full_ex,1.0,0.4,0.12898462133469601,0.13675722008487426
113,2,Florescent,ridge,full_1fcs,1.0,0.7000000000000001,0.12898462133469601,0.13675722008487426
113,2,Florescent,ridge,full_mfcs,1.0,1.1400000000000001,0.12898462133469601,0.13675722008487426
113,3,Florescent,ridge,full_ex,1.0,0.4,0.13675585623027722,0.18866992531148835
113,3,Florescent,ridge,full_1fcs,1.0,0.4,0.13675585623027722,0.18866992531148835
113,3,Florescent,ridge,full_mfcs,1.0,0.44,0.13675585623027722,0.18866992531148835
113,4,Florescent,ridge,full_ex,1.0,0.42,0.1627106132373701,0.16734021329821408
113,4,Florescent,ridge,full_1fcs,1.0,0.42,0.1627106132373701,0.16734021329821408
113,4,Florescent,ridge,full_mfcs,1.0,0.46,0.1627106132373701,0.16734021329821408
113,5,Florescent,ridge,full_ex,1.0,0.42,0.16425372298570237,0.16472577028919272
113,5,Florescent,ridge,full_1fcs,1.0,0.42,0.16425372298570237,0.16472577028919272
113,5,Florescent,ridge,full_mfcs,1.0,0.46,0.16425372298570237,0.16472577028919272
114,1,Florescent,ridge,full_ex,1.0,1.24,0.45186754030551207,0.09924444184049355
114,1,Florescent,ridge,full_1fcs,1.0,1.6,0.45186754030551207,0.09924444184049355
114,1,Florescent,ridge,full_mfcs,1.0,1.6,0.45186754030551207,0.09924444184049355
114,2,Florescent,ridge,full_ex,1.0,1.06,0.08536385349839179,0.1650023072940096
114,2,Florescent,ridge,full_1fcs,1.0,1.06,0.08536385349839179,0.1650023072940096
114,2,Florescent,ridge,full_mfcs,1.0,1.06,0.08536385349839179,0.1650023072940096
114,3,Florescent,ridge,full_ex,1.0,0.9,0.16497420618248854,0.11989952187605028
114,3,Florescent,ridge,full_1fcs,1.0,0.9,0.16497420618248854,0.11989952187605028
114,3,Florescent,ridge,full_mfcs,1.0,0.9,0.16497420618248854,0.11989952187605028
114,4,Florescent,ridge,full_ex,1.0,0.9,0.14244084097765375,0.14908916614788031
114,4,Florescent,ridge,full_1fcs,1.0,0.9,0.14244084097765375,0.14908916614788031
114,4,Florescent,ridge,full_mfcs,1.0,0.9,0.14244084097765375,0.14908916614788031
114,5,Florescent,ridge,full_ex,1.0,0.9,0.14465668864974887,0.15247929597313253
114,5,Florescent,ridge,full_1fcs,1.0,0.9,0.14465668864974887,0.15247929597313253
114,5,Florescent,ridge,full_mfcs,1.0,0.9,0.14465668864974887,0.15247929597313253
115,1,Florescent,ridge,full_ex,1.0,0.38,-0.01460131814662767,0.09773053982430856
115,1,Florescent,ridge,full_1fcs,1.0,0.4,-0.01460131814662767,0.09773053982430856
115,1,Florescent,ridge,full_mfcs,1.0,0.4,-0.01460131814662767,0.09773053982430856
115,2,Florescent,ridge,full_ex,1.0,0.44,0.09109131865718259,0.03512215434460809
115,2,Florescent,ridge,full_1fcs,1.0,0.6,0.09109131865718259,0.03512215434460809
115,2,Florescent,ridge,full_mfcs,1.0,0.6,0.09109131865718259,0.03512215434460809
115,3,Florescent,ridge,full_ex,1.0,0.42,0.03514427490591371,0.032640716241015506
115,3,Florescent,ridge,full_1fcs,1.0,0.42,0.03514427490591371,0.032640716241015506
115,3,Florescent,ridge,full_mfcs,1.0,0.6,0.03514427490591371,0.032640716241015506
115,4,Florescent,ridge,full_ex,1.0,0.38,0.033892742991268626,0.07713961791760754
115,4,Florescent,ridge,full_1fcs,1.0,0.38,0.033892742991268626,0.07713961791760754
115,4,Florescent,ridge,full_mfcs,1.0,0.74,0.033892742991268626,0.07713961791760754
115,5,Florescent,ridge,full_ex,1.0,0.4,0.04830646831574321,0.04813329780382162
115,5,Florescent,ridge,full_1fcs,1.0,0.4,0.04830646831574321,0.04813329780382162
115,5,Florescent,ridge,full_mfcs,1.0,1.02,0.04830646831574321,0.04813329780382162
116,1,Florescent,ridge,full_ex,1.0,0.32,0.06896136073928688,0.060565854986356554
116,1,Florescent,ridge,full_1fcs,1.0,0.88,0.06896136073928688,0.060565854986356554
116,1,Florescent,ridge,full_mfcs,1.0,0.88,0.06896136073928688,0.060565854986356554
116,2,Florescent,ridge,full_ex,1.0,0.32,0.04565453961969829,0.25344254674622924
116,2,Florescent,ridge,full_1fcs,1.0,0.62,0.04565453961969829,0.25344254674622924
116,2,Florescent,ridge,full_mfcs,1.0,0.62,0.04565453961969829,0.25344254674622924
116,3,Florescent,ridge,full_ex,1.0,0.56,0.2533711447131143,0.27421908331947653
116,3,Florescent,ridge,full_1fcs,1.0,0.8,0.2533711447131143,0.27421908331947653
116,3,Florescent,ridge,full_mfcs,1.0,0.8,0.2533711447131143,0.27421908331947653
116,4,Florescent,ridge,full_ex,0.0,0.5,0.2637933227182375,0.0
116,4,Florescent,ridge,full_1fcs,1.0,0.78,0.2637933227182375,0.0
116,4,Florescent,ridge,full_mfcs,1.0,0.78,0.2637933227182375,0.0
116,5,Florescent,ridge,full_ex,1.0,0.54,0.17587228935254573,0.18872252482157176
116,5,Florescent,ridge,full_1fcs,1.0,0.66,0.17587228935254573,0.18872252482157176
116,5,Florescent,ridge,full_mfcs,1.0,0.66,0.17587228935254573,0.18872252482157176
117,1,Florescent,ridge,full_ex,1.0,0.44,-0.12756001507347553,0.06758375561396981
117,1,Florescent,ridge,full_1fcs,1.0,0.58,-0.12756001507347553,0.06758375561396981
117,1,Florescent,ridge,full_mfcs,1.0,0.58,-0.12756001507347553,0.06758375561396981
117,2,Florescent,ridge,full_ex,1.0,0.66,0.005909120229385367,0.09621591713904339
117,2,Florescent,ridge,full_1fcs,1.0,0.88,0.005909120229385367,0.09621591713904339
117,2,Florescent,ridge,full_mfcs,1.0,0.88,0.005909120229385367,0.09621591713904339
117,3,Florescent,ridge,full_ex,1.0,0.62,0.09616869307971251,0.09886880937751112
117,3,Florescent,ridge,full_1fcs,1.0,0.74,0.09616869307971251,0.09886880937751112
117,3,Florescent,ridge,full_mfcs,1.0,0.74,0.09616869307971251,0.09886880937751112
117,4,Florescent,ridge,full_ex,1.0,0.6,0.09751839814421469,0.0926582406260764
117,4,Florescent,ridge,full_1fcs,1.0,0.74,0.09751839814421469,0.0926582406260764
117,4,Florescent,ridge,full_mfcs,1.0,0.74,0.09751839814421469,0.0926582406260764
117,5,Florescent,ridge,full_ex,1.0,0.6,0.09589862812754248,0.09647545405694365
117,5,Florescent,ridge,full_1fcs,1.0,0.74,0.09589862812754248,0.09647545405694365
117,5,Florescent,ridge,full_mfcs,1.0,0.74,0.09589862812754248,0.09647545405694365
118,1,Florescent,ridge,full_ex,1.0,0.8200000000000001,0.22828766281351112,0.13927561136674219
118,1,Florescent,ridge,full_1fcs,1.0,0.8200000000000001,0.22828766281351112,0.13927561136674219
118,1,Florescent,ridge,full_mfcs,1.0,0.8200000000000001,0.22828766281351112,0.13927561136674219
118,2,Florescent,ridge,full_ex,1.0,0.6,0.01160056288021416,0.21103577306264198
118,2,Florescent,ridge,full_1fcs,1.0,0.6,0.01160056288021416,0.21103577306264198
118,2,Florescent,ridge,full_mfcs,1.0,0.6,0.01160056288021416,0.21103577306264198
118,3,Florescent,ridge,full_ex,1.0,0.8,0.2109763267939786,0.18210234240685616
118,3,Florescent,ridge,full_1fcs,1.0,0.8,0.2109763267939786,0.18210234240685616
118,3,Florescent,ridge,full_mfcs,1.0,0.8,0.2109763267939786,0.18210234240685616
118,4,Florescent,ridge,full_ex,1.0,0.76,0.19654148656001422,0.187865646463722
118,4,Florescent,ridge,full_1fcs,1.0,0.76,0.19654148656001422,0.187865646463722
118,4,Florescent,ridge,full_mfcs,1.0,0.76,0.19654148656001422,0.187865646463722
118,5,Florescent,ridge,full_ex,1.0,0.76,0.19364982725571145,0.1327337618692198
118,5,Florescent,ridge,full_1fcs,1.0,0.76,0.19364982725571145,0.1327337618692198
118,5,Florescent,ridge,full_mfcs,1.0,0.76,0.19364982725571145,0.1327337618692198
119,1,Florescent,ridge,full_ex,0.0,0.84,0.5882240030843902,1.4117896107393542
119,1,Florescent,ridge,full_1fcs,1.0,2.22,0.5882240030843902,1.4117896107393542
119,1,Florescent,ridge,full_mfcs,1.0,2.22,0.5882240030843902,1.4117896107393542
119,2,Florescent,ridge,full_ex,1.0,1.08,1.1827068859742647,0.5879935398804061
119,2,Florescent,ridge,full_1fcs,1.0,2.22,1.1827068859742647,0.5879935398804061
119,2,Florescent,ridge,full_mfcs,1.0,2.22,1.1827068859742647,0.5879935398804061
119,3,Florescent,ridge,full_ex,1.0,1.18,0.5881782730195665,0.7082823007054402
119,3,Florescent,ridge,full_1fcs,1.0,1.78,0.5881782730195665,0.7082823007054402
119,3,Florescent,ridge,full_mfcs,1.0,1.78,0.5881782730195665,0.7082823007054402
119,4,Florescent,ridge,full_ex,1.0,1.26,0.6482209585706571,0.8071948543990878
119,4,Florescent,ridge,full_1fcs,1.0,1.3,0.6482209585706571,0.8071948543990878
119,4,Florescent,ridge,full_mfcs,1.0,1.26,0.6482209585706571,0.8071948543990878
119,5,Florescent,ridge,full_ex,1.0,1.32,0.7012067692267773,0.5601383019071617
119,5,Florescent,ridge,full_1fcs,1.0,1.42,0.7012067692267773,0.5601383019071617
119,5,Florescent,ridge,full_mfcs,1.0,1.44,0.7012067692267773,0.5601383019071617
120,1,Florescent,ridge,full_ex,1.0,0.46,0.07678528788168851,0.08812410433768092
120,1,Florescent,ridge,full_1fcs,1.0,0.48,0.07678528788168851,0.08812410433768092
120,1,Florescent,ridge,full_mfcs,1.0,0.48,0.07678528788168851,0.08812410433768092
120,2,Florescent,ridge,full_ex,1.0,0.54,0.15590728244701557,0.07692053521278086
120,2,Florescent,ridge,full_1fcs,1.0,0.62,0.15590728244701557,0.07692053521278086
120,2,Florescent,ridge,full_mfcs,1.0,1.24,0.15590728244701557,0.07692053521278086
120,3,Florescent,ridge,full_ex,1.0,0.44,0.0769423048597701,0.07828242803244481
120,3,Florescent,ridge,full_1fcs,1.0,0.48,0.0769423048597701,0.07828242803244481
120,3,Florescent,ridge,full_mfcs,1.0,0.9,0.0769423048597701,0.07828242803244481
120,4,Florescent,ridge,full_ex,1.0,0.44,0.07761227409566553,0.07501855633090022
120,4,Florescent,ridge,full_1fcs,1.0,0.48,0.07761227409566553,0.07501855633090022
120,4,Florescent,ridge,full_mfcs,1.0,0.9,0.07761227409566553,0.07501855633090022
120,5,Florescent,ridge,full_ex,1.0,0.44,0.07674778095021316,0.07192694159795196
120,5,Florescent,ridge,full_1fcs,1.0,0.48,0.07674778095021316,0.07192694159795196
120,5,Florescent,ridge,full_mfcs,1.0,1.12,0.07674778095021316,0.07192694159795196
121,1,Florescent,ridge,full_ex,1.0,0.5,0.03421232656398534,0.12704349233405327
121,1,Florescent,ridge,full_1fcs,1.0,0.58,0.03421232656398534,0.12704349233405327
121,1,Florescent,ridge,full_mfcs,1.0,0.58,0.03421232656398534,0.12704349233405327
121,2,Florescent,ridge,full_ex,1.0,0.72,0.3211683597513546,0.16024717928033413
121,2,Florescent,ridge,full_1fcs,1.0,0.88,0.3211683597513546,0.16024717928033413
121,2,Florescent,ridge,full_mfcs,1.0,1.46,0.3211683597513546,0.16024717928033413
121,3,Florescent,ridge,full_ex,1.0,0.6,0.16028843418301558,0.16098410089947923
121,3,Florescent,ridge,full_1fcs,1.0,0.62,0.16028843418301558,0.16098410089947923
121,3,Florescent,ridge,full_mfcs,1.0,0.74,0.16028843418301558,0.16098410089947923
121,4,Florescent,ridge,full_ex,1.0,0.6,0.1606362229483696,0.15400234883273706
121,4,Florescent,ridge,full_1fcs,1.0,0.74,0.1606362229483696,0.15400234883273706
121,4,Florescent,ridge,full_mfcs,1.0,0.74,0.1606362229483696,0.15400234883273706
121,5,Florescent,ridge,full_ex,1.0,0.6,0.1584251205765639,0.1511526506462915
121,5,Florescent,ridge,full_1fcs,1.0,0.74,0.1584251205765639,0.1511526506462915
121,5,Florescent,ridge,full_mfcs,1.0,0.74,0.1584251205765639,0.1511526506462915
122,1,Florescent,ridge,full_ex,1.0,1.06,0.5250459042749556,0.20145671614708094
122,1,Florescent,ridge,full_1fcs,1.0,1.6,0.5250459042749556,0.20145671614708094
122,1,Florescent,ridge,full_mfcs,1.0,1.6,0.5250459042749556,0.20145671614708094
122,2,Florescent,ridge,full_ex,1.0,0.66,0.0594396404779942,0.05858975031907414
122,2,Florescent,ridge,full_1fcs,1.0,0.68,0.0594396404779942,0.05858975031907414
122,2,Florescent,ridge,full_mfcs,1.0,1.02,0.0594396404779942,0.05858975031907414
122,3,Florescent,ridge,full_ex,1.0,0.66,0.0585898951841991,0.07114153847226219
122,3,Florescent,ridge,full_1fcs,1.0,0.66,0.0585898951841991,0.07114153847226219
122,3,Florescent,ridge,full_mfcs,1.0,0.66,0.0585898951841991,0.07114153847226219
122,4,Florescent,ridge,full_ex,1.0,0.66,0.0648651819191001,0.12403273252594613
122,4,Florescent,ridge,full_1fcs,1.0,0.66,0.0648651819191001,0.12403273252594613
122,4,Florescent,ridge,full_mfcs,1.0,0.66,0.0648651819191001,0.12403273252594613
122,5,Florescent,ridge,full_ex,1.0,0.68,0.08458657808117881,0.0750678560275888
122,5,Florescent,ridge,full_1fcs,1.0,0.68,0.08458657808117881,0.0750678560275888
122,5,Florescent,ridge,full_mfcs,1.0,0.68,0.08458657808117881,0.0750678560275888
123,1,Florescent,ridge,full_ex,1.0,0.42,0.09304673792324725,0.14460250384204712
123,1,Florescent,ridge,full_1fcs,1.0,0.52,0.09304673792324725,0.14460250384204712
123,1,Florescent,ridge,full_mfcs,1.0,0.52,0.09304673792324725,0.14460250384204712
123,2,Florescent,ridge,full_ex,1.0,0.48,0.10420060490940435,0.07616860154295234
123,2,Florescent,ridge,full_1fcs,1.0,0.6,0.10420060490940435,0.07616860154295234
123,2,Florescent,ridge,full_mfcs,1.0,0.8,0.10420060490940435,0.07616860154295234
123,3,Florescent,ridge,full_ex,1.0,0.4,0.07617868719803897,0.07904732187755707
123,3,Florescent,ridge,full_1fcs,1.0,0.4,0.07617868719803897,0.07904732187755707
123,3,Florescent,ridge,full_mfcs,1.0,0.9400000000000001,0.07617868719803897,0.07904732187755707
123,4,Florescent,ridge,full_ex,1.0,0.38,0.07761274646492092,0.07289886702983339
123,4,Florescent,ridge,full_1fcs,1.0,0.42,0.07761274646492092,0.07289886702983339
123,4,Florescent,ridge,full_mfcs,1.0,1.16,0.07761274646492092,0.07289886702983339
123,5,Florescent,ridge,full_ex,1.0,0.38,0.07604164181050055,0.08179005920251574
123,5,Florescent,ridge,full_1fcs,1.0,0.4,0.07604164181050055,0.08179005920251574
123,5,Florescent,ridge,full_mfcs,1.0,1.1400000000000001,0.07604164181050055,0.08179005920251574
124,1,Florescent,ridge,full_ex,1.0,0.88,0.15544525518226116,0.04554702852581115
124,1,Florescent,ridge,full_1fcs,1.0,0.98,0.15544525518226116,0.04554702852581115
124,1,Florescent,ridge,full_mfcs,1.0,0.98,0.15544525518226116,0.04554702852581115
124,2,Florescent,ridge,full_ex,0.0,0.74,0.04379668712261921,1.3221481565859239
124,2,Florescent,ridge,full_1fcs,0.0,0.86,0.04379668712261921,1.3221481565859239
124,2,Florescent,ridge,full_mfcs,0.0,1.22,0.04379668712261921,1.3221481565859239
124,3,Florescent,ridge,full_ex,1.0,1.6,1.3219806333479125,1.2647247725022386
124,3,Florescent,ridge,full_1fcs,1.0,1.96,1.3219806333479125,1.2647247725022386
124,3,Florescent,ridge,full_mfcs,1.0,2.22,1.3219806333479125,1.2647247725022386
124,4,Florescent,ridge,full_ex,1.0,1.3800000000000001,1.293354578839699,1.308642825201039
124,4,Florescent,ridge,full_1fcs,1.0,1.98,1.293354578839699,1.308642825201039
124,4,Florescent,ridge,full_mfcs,1.0,1.58,1.293354578839699,1.308642825201039
124,5,Florescent,ridge,full_ex,1.0,1.3800000000000001,1.298450438333144,1.3480513745284044
124,5,Florescent,ridge,full_1fcs,1.0,2.0,1.298450438333144,1.3480513745284044
124,5,Florescent,ridge,full_mfcs,1.0,1.6400000000000001,1.298450438333144,1.3480513745284044
125,1,Florescent,ridge,full_ex,1.0,0.86,0.04552066515408773,0.27444659224046714
125,1,Florescent,ridge,full_1fcs,1.0,0.92,0.04552066515408773,0.27444659224046714
125,1,Florescent,ridge,full_mfcs,1.0,0.92,0.04552066515408773,0.27444659224046714
125,2,Florescent,ridge,full_ex,1.0,1.04,0.2570594902130238,0.41956987222725983
125,2,Florescent,ridge,full_1fcs,1.0,1.28,0.2570594902130238,0.41956987222725983
125,2,Florescent,ridge,full_mfcs,1.0,1.28,0.2570594902130238,0.41956987222725983
125,3,Florescent,ridge,full_ex,1.0,1.18,0.41951420574122467,0.36760175678946394
125,3,Florescent,ridge,full_1fcs,1.0,1.34,0.41951420574122467,0.36760175678946394
125,3,Florescent,ridge,full_mfcs,1.0,1.34,0.41951420574122467,0.36760175678946394
125,4,Florescent,ridge,full_ex,1.0,1.16,0.3935624275636601,0.12064328019551682
125,4,Florescent,ridge,full_1fcs,1.0,1.26,0.3935624275636601,0.12064328019551682
125,4,Florescent,ridge,full_mfcs,1.0,1.26,0.3935624275636601,0.12064328019551682
125,5,Florescent,ridge,full_ex,1.0,1.06,0.30259976815000705,0.24151221218311608
125,5,Florescent,ridge,full_1fcs,1.0,1.12,0.30259976815000705,0.24151221218311608
125,5,Florescent,ridge,full_mfcs,1.0,1.12,0.30259976815000705,0.24151221218311608
126,1,Florescent,ridge,full_ex,1.0,0.62,0.21136361306752768,0.13391398480018393
126,1,Florescent,ridge,full_1fcs,1.0,0.86,0.21136361306752768,0.13391398480018393
126,1,Florescent,ridge,full_mfcs,1.0,0.86,0.21136361306752768,0.13391398480018393
126,2,Florescent,ridge,full_ex,1.0,0.66,0.11663210091852656,0.126773060928522
126,2,Florescent,ridge,full_1fcs,1.0,1.0,0.11663210091852656,0.126773060928522
126,2,Florescent,ridge,full_mfcs,1.0,1.34,0.11663210091852656,0.126773060928522
126,3,Florescent,ridge,full_ex,1.0,0.64,0.12677112253710554,0.12134833144560668
126,3,Florescent,ridge,full_1fcs,1.0,0.68,0.12677112253710554,0.12134833144560668
126,3,Florescent,ridge,full_mfcs,1.0,0.86,0.12677112253710554,0.12134833144560668
126,4,Florescent,ridge,full_ex,1.0,0.62,0.12405998615036645,0.14254206923071688
126,4,Florescent,ridge,full_1fcs,1.0,0.84,0.12405998615036645,0.14254206923071688
126,4,Florescent,ridge,full_mfcs,1.0,0.84,0.12405998615036645,0.14254206923071688
126,5,Florescent,ridge,full_ex,1.0,0.62,0.13022028793340432,0.12949699515674
126,5,Florescent,ridge,full_1fcs,1.0,0.84,0.13022028793340432,0.12949699515674
126,5,Florescent,ridge,full_mfcs,1.0,0.88,0.13022028793340432,0.12949699515674
127,1,Florescent,ridge,full_ex,1.0,0.52,0.13295365306021462,0.14346341967017778
127,1,Florescent,ridge,full_1fcs,1.0,1.08,0.13295365306021462,0.14346341967017778
127,1,Florescent,ridge,full_mfcs,1.0,1.08,0.13295365306021462,0.14346341967017778
127,2,Florescent,ridge,full_ex,1.0,0.44,0.07178229727249755,0.08919062500132173
127,2,Florescent,ridge,full_1fcs,1.0,0.52,0.07178229727249755,0.08919062500132173
127,2,Florescent,ridge,full_mfcs,1.0,0.6,0.07178229727249755,0.08919062500132173
127,3,Florescent,ridge,full_ex,1.0,0.46,0.0891854706538836,0.10194180335381497
127,3,Florescent,ridge,full_1fcs,1.0,0.6,0.0891854706538836,0.10194180335381497
127,3,Florescent,ridge,full_mfcs,1.0,0.66,0.0891854706538836,0.10194180335381497
127,4,Florescent,ridge,full_ex,1.0,0.48,0.09556269262404257,0.14783306839095783
127,4,Florescent,ridge,full_1fcs,1.0,0.6,0.09556269262404257,0.14783306839095783
127,4,Florescent,ridge,full_mfcs,1.0,0.8200000000000001,0.09556269262404257,0.14783306839095783
127,5,Florescent,ridge,full_ex,1.0,0.5,0.11298443126385094,0.1119746211017015
127,5,Florescent,ridge,full_1fcs,1.0,0.62,0.11298443126385094,0.1119746211017015
127,5,Florescent,ridge,full_mfcs,1.0,1.1,0.11298443126385094,0.1119746211017015
128,1,Florescent,ridge,full_ex,1.0,0.48,0.12069752626738985,0.20550388435381833
128,1,Florescent,ridge,full_1fcs,1.0,0.72,0.12069752626738985,0.20550388435381833
128,1,Florescent,ridge,full_mfcs,1.0,0.72,0.12069752626738985,0.20550388435381833
128,2,Florescent,ridge,full_ex,1.0,0.54,0.13371209943899623,0.13114032593256908
128,2,Florescent,ridge,full_1fcs,1.0,0.64,0.13371209943899623,0.13114032593256908
128,2,Florescent,ridge,full_mfcs,1.0,0.96,0.13371209943899623,0.13114032593256908
128,3,Florescent,ridge,full_ex,1.0,0.48,0.13114094406243834,0.1280821045758156
128,3,Florescent,ridge,full_1fcs,1.0,0.72,0.13114094406243834,0.1280821045758156
128,3,Florescent,ridge,full_mfcs,1.0,0.78,0.13114094406243834,0.1280821045758156
128,4,Florescent,ridge,full_ex,1.0,0.46,0.1296117081405011,0.12675550503602706
128,4,Florescent,ridge,full_1fcs,1.0,0.78,0.1296117081405011,0.12675550503602706
128,4,Florescent,ridge,full_mfcs,1.0,0.78,0.1296117081405011,0.12675550503602706
128,5,Florescent,ridge,full_ex,1.0,0.46,0.12865971672897944,0.13900467174244513
128,5,Florescent,ridge,full_1fcs,1.0,0.76,0.12865971672897944,0.13900467174244513
128,5,Florescent,ridge,full_mfcs,1.0,0.76,0.12865971672897944,0.13900467174244513
129,1,Florescent,ridge,full_ex,1.0,0.6,-0.02399909433923427,0.0673088208956775
129,1,Florescent,ridge,full_1fcs,1.0,0.64,-0.02399909433923427,0.0673088208956775
129,1,Florescent,ridge,full_mfcs,1.0,0.64,-0.02399909433923427,0.0673088208956775
129,2,Florescent,ridge,full_ex,1.0,0.66,0.11847314675663796,0.07764844366244347
129,2,Florescent,ridge,full_1fcs,1.0,0.68,0.11847314675663796,0.07764844366244347
129,2,Florescent,ridge,full_mfcs,1.0,0.68,0.11847314675663796,0.07764844366244347
129,3,Florescent,ridge,full_ex,1.0,0.6,0.07766050571384808,0.09393339829029289
129,3,Florescent,ridge,full_1fcs,1.0,0.6,0.07766050571384808,0.09393339829029289
129,3,Florescent,ridge,full_mfcs,1.0,0.6,0.07766050571384808,0.09393339829029289
129,4,Florescent,ridge,full_ex,1.0,0.6,0.08579574982885628,0.07580453963017761
129,4,Florescent,ridge,full_1fcs,1.0,0.6,0.08579574982885628,0.07580453963017761
129,4,Florescent,ridge,full_mfcs,1.0,0.6,0.08579574982885628,0.07580453963017761
129,5,Florescent,ridge,full_ex,1.0,0.6,0.08246567449452397,0.0820884244042292
129,5,Florescent,ridge,full_1fcs,1.0,0.6,0.08246567449452397,0.0820884244042292
129,5,Florescent,ridge,full_mfcs,1.0,0.6,0.08246567449452397,0.0820884244042292
130,1,Florescent,ridge,full_ex,1.0,0.56,0.021403690942027515,0.15640039106046874
130,1,Florescent,ridge,full_1fcs,1.0,0.88,0.021403690942027515,0.15640039106046874
130,1,Florescent,ridge,full_mfcs,1.0,0.88,0.021403690942027515,0.15640039106046874
130,2,Florescent,ridge,full_ex,1.0,0.72,0.16719631742086957,0.0817571646210403
130,2,Florescent,ridge,full_1fcs,1.0,0.78,0.16719631742086957,0.0817571646210403
130,2,Florescent,ridge,full_mfcs,1.0,0.78,0.16719631742086957,0.0817571646210403
130,3,Florescent,ridge,full_ex,1.0,0.56,0.08178577392979229,0.041686622733485855
130,3,Florescent,ridge,full_1fcs,1.0,0.7000000000000001,0.08178577392979229,0.041686622733485855
130,3,Florescent,ridge,full_mfcs,1.0,0.7000000000000001,0.08178577392979229,0.041686622733485855
130,4,Florescent,ridge,full_ex,1.0,0.56,0.06173955569532943,0.004150506269138751
130,4,Florescent,ridge,full_1fcs,1.0,0.68,0.06173955569532943,0.004150506269138751
130,4,Florescent,ridge,full_mfcs,1.0,0.68,0.06173955569532943,0.004150506269138751
130,5,Florescent,ridge,full_ex,1.0,0.56,0.04254534899732224,0.16386682062312388
130,5,Florescent,ridge,full_1fcs,1.0,0.66,0.04254534899732224,0.16386682062312388
130,5,Florescent,ridge,full_mfcs,1.0,0.66,0.04254534899732224,0.16386682062312388
131,1,Florescent,ridge,full_ex,1.0,0.74,0.11574888957102365,0.14437640969516263
131,1,Florescent,ridge,full_1fcs,1.0,0.78,0.11574888957102365,0.14437640969516263
131,1,Florescent,ridge,full_mfcs,1.0,0.78,0.11574888957102365,0.14437640969516263
131,2,Florescent,ridge,full_ex,1.0,0.78,0.1585300742965276,0.12800768118752304
131,2,Florescent,ridge,full_1fcs,1.0,0.78,0.1585300742965276,0.12800768118752304
131,2,Florescent,ridge,full_mfcs,1.0,0.88,0.1585300742965276,0.12800768118752304
131,3,Florescent,ridge,full_ex,1.0,0.78,0.12801620161778424,0.16786421427171813
131,3,Florescent,ridge,full_1fcs,1.0,0.7000000000000001,0.12801620161778424,0.16786421427171813
131,3,Florescent,ridge,full_mfcs,1.0,0.8200000000000001,0.12801620161778424,0.16786421427171813
131,4,Florescent,ridge,full_ex,1.0,0.8,0.14793742662911075,0.15249103466096636
131,4,Florescent,ridge,full_1fcs,1.0,0.8200000000000001,0.14793742662911075,0.15249103466096636
131,4,Florescent,ridge,full_mfcs,1.0,0.84,0.14793742662911075,0.15249103466096636
131,5,Florescent,ridge,full_ex,1.0,0.8,0.1494551547075854,0.13396810365085424
131,5,Florescent,ridge,full_1fcs,1.0,0.84,0.1494551547075854,0.13396810365085424
131,5,Florescent,ridge,full_mfcs,1.0,0.84,0.1494551547075854,0.13396810365085424
132,1,Florescent,ridge,full_ex,1.0,0.48,-0.09674342170065935,0.13453069290012445
132,1,Florescent,ridge,full_1fcs,1.0,0.5,-0.09674342170065935,0.13453069290012445
132,1,Florescent,ridge,full_mfcs,1.0,0.5,-0.09674342170065935,0.13453069290012445
132,2,Florescent,ridge,full_ex,1.0,0.52,-0.054297753136532415,0.0855333697703827
132,2,Florescent,ridge,full_1fcs,1.0,0.6,-0.054297753136532415,0.0855333697703827
132,2,Florescent,ridge,full_mfcs,1.0,0.6,-0.054297753136532415,0.0855333697703827
132,3,Florescent,ridge,full_ex,1.0,0.62,0.08548619185951434,0.0922103310112421
132,3,Florescent,ridge,full_1fcs,1.0,0.7000000000000001,0.08548619185951434,0.0922103310112421
132,3,Florescent,ridge,full_mfcs,1.0,0.7000000000000001,0.08548619185951434,0.0922103310112421
132,4,Florescent,ridge,full_ex,1.0,0.6,0.08884769417164523,0.08977459587174125
132,4,Florescent,ridge,full_1fcs,1.0,0.68,0.08884769417164523,0.08977459587174125
132,4,Florescent,ridge,full_mfcs,1.0,0.68,0.08884769417164523,0.08977459587174125
132,5,Florescent,ridge,full_ex,1.0,0.6,0.08915662665014698,0.08511592787425334
132,5,Florescent,ridge,full_1fcs,1.0,0.68,0.08915662665014698,0.08511592787425334
132,5,Florescent,ridge,full_mfcs,1.0,0.68,0.08915662665014698,0.08511592787425334
133,1,Florescent,ridge,full_ex,1.0,0.84,-0.08926183734418863,0.1971708241340041
133,1,Florescent,ridge,full_1fcs,1.0,1.0,-0.08926183734418863,0.1971708241340041
133,1,Florescent,ridge,full_mfcs,1.0,1.0,-0.08926183734418863,0.1971708241340041
133,2,Florescent,ridge,full_ex,1.0,1.16,0.12637077817210413,0.02735099143495695
133,2,Florescent,ridge,full_1fcs,1.0,1.16,0.12637077817210413,0.02735099143495695
133,2,Florescent,ridge,full_mfcs,1.0,1.16,0.12637077817210413,0.02735099143495695
133,3,Florescent,ridge,full_ex,1.0,1.0,0.02738939961212878,0.09288040195018561
133,3,Florescent,ridge,full_1fcs,1.0,1.0,0.02738939961212878,0.09288040195018561
133,3,Florescent,ridge,full_mfcs,1.0,1.0,0.02738939961212878,0.09288040195018561
133,4,Florescent,ridge,full_ex,1.0,1.0,0.06012854882287656,0.06844606302274726
133,4,Florescent,ridge,full_1fcs,1.0,1.02,0.06012854882287656,0.06844606302274726
133,4,Florescent,ridge,full_mfcs,1.0,1.02,0.06012854882287656,0.06844606302274726
133,5,Florescent,ridge,full_ex,1.0,1.0,0.06290069499329065,0.0821394383996521
133,5,Florescent,ridge,full_1fcs,1.0,1.02,0.06290069499329065,0.0821394383996521
133,5,Florescent,ridge,full_mfcs,1.0,1.02,0.06290069499329065,0.0821394383996521
134,1,Florescent,ridge,full_ex,1.0,0.36,0.06867048208834857,0.16470108194724997
134,1,Florescent,ridge,full_1fcs,1.0,0.48,0.06867048208834857,0.16470108194724997
134,1,Florescent,ridge,full_mfcs,1.0,0.48,0.06867048208834857,0.16470108194724997
134,2,Florescent,ridge,full_ex,0.0,0.42,0.38388333595782453,0.07937171368500462
134,2,Florescent,ridge,full_1fcs,1.0,2.22,0.38388333595782453,0.07937171368500462
134,2,Florescent,ridge,full_mfcs,1.0,2.22,0.38388333595782453,0.07937171368500462
134,3,Florescent,ridge,full_ex,1.0,0.38,0.07943678670393596,0.03956165800559077
134,3,Florescent,ridge,full_1fcs,1.0,0.7000000000000001,0.07943678670393596,0.03956165800559077
134,3,Florescent,ridge,full_mfcs,1.0,1.0,0.07943678670393596,0.03956165800559077
134,4,Florescent,ridge,full_ex,1.0,0.26,0.05950135287391698,0.06949987612457245
134,4,Florescent,ridge,full_1fcs,1.0,0.96,0.05950135287391698,0.06949987612457245
134,4,Florescent,ridge,full_mfcs,1.0,0.98,0.05950135287391698,0.06949987612457245
134,5,Florescent,ridge,full_ex,1.0,0.26,0.06283395651871178,0.0728331446202846
134,5,Florescent,ridge,full_1fcs,1.0,1.06,0.06283395651871178,0.0728331446202846
134,5,Florescent,ridge,full_mfcs,1.0,1.06,0.06283395651871178,0.0728331446202846
135,1,Florescent,ridge,full_ex,1.0,0.56,0.0806468590097266,0.09687926546447262
135,1,Florescent,ridge,full_1fcs,1.0,0.56,0.0806468590097266,0.09687926546447262
135,1,Florescent,ridge,full_mfcs,1.0,0.56,0.0806468590097266,0.09687926546447262
135,2,Florescent,ridge,full_ex,1.0,0.7000000000000001,0.10871304917259506,0.0730686910873578
135,2,Florescent,ridge,full_1fcs,1.0,0.7000000000000001,0.10871304917259506,0.0730686910873578
135,2,Florescent,ridge,full_mfcs,1.0,1.3800000000000001,0.10871304917259506,0.0730686910873578
135,3,Florescent,ridge,full_ex,1.0,0.62,0.07307599346606883,0.07706461380744808
135,3,Florescent,ridge,full_1fcs,1.0,0.62,0.07307599346606883,0.07706461380744808
135,3,Florescent,ridge,full_mfcs,1.0,1.16,0.07307599346606883,0.07706461380744808
135,4,Florescent,ridge,full_ex,1.0,0.6,0.07507009933033781,0.06956985071949652
135,4,Florescent,ridge,full_1fcs,1.0,0.68,0.07507009933033781,0.06956985071949652
135,4,Florescent,ridge,full_mfcs,1.0,0.98,0.07507009933033781,0.06956985071949652
135,5,Florescent,ridge,full_ex,1.0,0.6,0.0732368083461369,0.07345454715574201
135,5,Florescent,ridge,full_1fcs,1.0,0.7000000000000001,0.0732368083461369,0.07345454715574201
135,5,Florescent,ridge,full_mfcs,1.0,1.16,0.0732368083461369,0.07345454715574201
136,1,Florescent,ridge,full_ex,1.0,0.6,-0.04255859445265231,0.18987270505029513
136,1,Florescent,ridge,full_1fcs,1.0,0.7000000000000001,-0.04255859445265231,0.18987270505029513
136,1,Florescent,ridge,full_mfcs,1.0,0.7000000000000001,-0.04255859445265231,0.18987270505029513
136,2,Florescent,ridge,full_ex,1.0,0.8200000000000001,0.2175565864553815,0.12726215310195804
136,2,Florescent,ridge,full_1fcs,1.0,1.08,0.2175565864553815,0.12726215310195804
136,2,Florescent,ridge,full_mfcs,1.0,1.22,0.2175565864553815,0.12726215310195804
136,3,Florescent,ridge,full_ex,1.0,0.74,0.12729047906595153,0.10895447717899781
136,3,Florescent,ridge,full_1fcs,1.0,0.78,0.12729047906595153,0.10895447717899781
136,3,Florescent,ridge,full_mfcs,1.0,0.78,0.12729047906595153,0.10895447717899781
136,4,Florescent,ridge,full_ex,1.0,0.72,0.11812391637997642,0.1419283228453959
136,4,Florescent,ridge,full_1fcs,1.0,0.72,0.11812391637997642,0.1419283228453959
136,4,Florescent,ridge,full_mfcs,1.0,0.72,0.11812391637997642,0.1419283228453959
136,5,Florescent,ridge,full_ex,1.0,0.74,0.12605788862790035,0.13906491048103697
136,5,Florescent,ridge,full_1fcs,1.0,0.72,0.12605788862790035,0.13906491048103697
136,5,Florescent,ridge,full_mfcs,1.0,0.72,0.12605788862790035,0.13906491048103697
137,1,Florescent,ridge,full_ex,1.0,0.9,0.10583274504966791,0.05787606147626403
137,1,Florescent,ridge,full_1fcs,1.0,0.9,0.10583274504966791,0.05787606147626403
137,1,Florescent,ridge,full_mfcs,1.0,0.9,0.10583274504966791,0.05787606147626403
137,2,Florescent,ridge,full_ex,1.0,0.86,0.1200537899787627,0.11525346618112216
137,2,Florescent,ridge,full_1fcs,1.0,0.98,0.1200537899787627,0.11525346618112216
137,2,Florescent,ridge,full_mfcs,1.0,1.3800000000000001,0.1200537899787627,0.11525346618112216
137,3,Florescent,ridge,full_ex,1.0,0.86,0.1152544193325772,0.11411339597721434
137,3,Florescent,ridge,full_1fcs,1.0,0.88,0.1152544193325772,0.11411339597721434
137,3,Florescent,ridge,full_mfcs,1.0,0.88,0.1152544193325772,0.11411339597721434
137,4,Florescent,ridge,full_ex,1.0,0.86,0.11468396430151795,0.11548135455282144
137,4,Florescent,ridge,full_1fcs,1.0,0.86,0.11468396430151795,0.11548135455282144
137,4,Florescent,ridge,full_mfcs,1.0,0.86,0.11468396430151795,0.11548135455282144
137,5,Florescent,ridge,full_ex,1.0,0.86,0.11494974345648527,0.11062865615281842
137,5,Florescent,ridge,full_1fcs,1.0,0.86,0.11494974345648527,0.11062865615281842
137,5,Florescent,ridge,full_mfcs,1.0,0.86,0.11494974345648527,0.11062865615281842
138,1,Florescent,ridge,full_ex,1.0,0.52,0.11634339543285738,0.1544019391619995
138,1,Florescent,ridge,full_1fcs,1.0,0.98,0.11634339543285738,0.1544019391619995
138,1,Florescent,ridge,full_mfcs,1.0,0.98,0.11634339543285738,0.1544019391619995
138,2,Florescent,ridge,full_ex,1.0,0.48,0.12815539509386037,0.4315083531905019
138,2,Florescent,ridge,full_1fcs,1.0,0.48,0.12815539509386037,0.4315083531905019
138,2,Florescent,ridge,full_mfcs,1.0,0.76,0.12815539509386037,0.4315083531905019
138,3,Florescent,ridge,full_ex,1.0,0.78,0.43141315804754793,0.44889207834860023
138,3,Florescent,ridge,full_1fcs,1.0,0.78,0.43141315804754793,0.44889207834860023
138,3,Florescent,ridge,full_mfcs,1.0,0.78,0.43141315804754793,0.44889207834860023
138,4,Florescent,ridge,full_ex,1.0,0.68,0.4401512467189677,0.6194066570242378
138,4,Florescent,ridge,full_1fcs,1.0,0.78,0.4401512467189677,0.6194066570242378
138,4,Florescent,ridge,full_mfcs,1.0,0.78,0.4401512467189677,0.6194066570242378
138,5,Florescent,ridge,full_ex,1.0,0.68,0.49989679861180303,0.4245687220564728
138,5,Florescent,ridge,full_1fcs,1.0,0.86,0.49989679861180303,0.4245687220564728
138,5,Florescent,ridge,full_mfcs,1.0,0.84,0.49989679861180303,0.4245687220564728
139,1,Florescent,ridge,full_ex,1.0,0.98,0.648138799051853,0.891811251314721
139,1,Florescent,ridge,full_1fcs,1.0,2.22,0.648138799051853,0.891811251314721
139,1,Florescent,ridge,full_mfcs,1.0,2.22,0.648138799051853,0.891811251314721
139,2,Florescent,ridge,full_ex,0.0,0.9400000000000001,0.7482364382675624,1.3107073030136664
139,2,Florescent,ridge,full_1fcs,0.0,1.1,0.7482364382675624,1.3107073030136664
139,2,Florescent,ridge,full_mfcs,0.0,1.18,0.7482364382675624,1.3107073030136664
139,3,Florescent,ridge,full_ex,1.0,0.9400000000000001,1.029441281238984,1.0333842116502139
139,3,Florescent,ridge,full_1fcs,1.0,1.8800000000000001,1.029441281238984,1.0333842116502139
139,3,Florescent,ridge,full_mfcs,1.0,1.8800000000000001,1.029441281238984,1.0333842116502139
139,4,Florescent,ridge,full_ex,1.0,0.9400000000000001,1.0307554960686804,0.8507882884141463
139,4,Florescent,ridge,full_1fcs,1.0,1.6,1.0307554960686804,0.8507882884141463
139,4,Florescent,ridge,full_mfcs,1.0,1.6,1.0307554960686804,0.8507882884141463
139,5,Florescent,ridge,full_ex,1.0,0.88,0.9857661411216644,1.1910307407642156
139,5,Florescent,ridge,full_1fcs,1.0,1.46,0.9857661411216644,1.1910307407642156
139,5,Florescent,ridge,full_mfcs,1.0,1.4000000000000001,0.9857661411216644,1.1910307407642156
140,1,Florescent,ridge,full_ex,1.0,0.76,0.07136243793932406,0.088724092866937
140,1,Florescent,ridge,full_1fcs,1.0,0.76,0.07136243793932406,0.088724092866937
140,1,Florescent,ridge,full_mfcs,1.0,0.76,0.07136243793932406,0.088724092866937
140,2,Florescent,ridge,full_ex,1.0,0.74,0.17734201420852552,0.10974026737547846
140,2,Florescent,ridge,full_1fcs,1.0,1.18,0.17734201420852552,0.10974026737547846
140,2,Florescent,ridge,full_mfcs,1.0,1.48,0.17734201420852552,0.10974026737547846
140,3,Florescent,ridge,full_ex,1.0,0.7000000000000001,0.10974938904501408,0.04873498282492681
140,3,Florescent,ridge,full_1fcs,1.0,0.7000000000000001,0.10974938904501408,0.04873498282492681
140,3,Florescent,ridge,full_mfcs,1.0,0.7000000000000001,0.10974938904501408,0.04873498282492681
140,4,Florescent,ridge,full_ex,1.0,0.68,0.07924424427761365,0.04458575833784227
140,4,Florescent,ridge,full_1fcs,1.0,0.68,0.07924424427761365,0.04458575833784227
140,4,Florescent,ridge,full_mfcs,1.0,0.68,0.07924424427761365,0.04458575833784227
140,5,Florescent,ridge,full_ex,1.0,0.66,0.06769193529618309,0.0916130233774652
140,5,Florescent,ridge,full_1fcs,1.0,0.66,0.06769193529618309,0.0916130233774652
140,5,Florescent,ridge,full_mfcs,1.0,0.66,0.06769193529618309,0.0916130233774652
141,1,Florescent,ridge,full_ex,1.0,0.8200000000000001,0.08385963961980317,0.09497888539440584
141,1,Florescent,ridge,full_1fcs,1.0,0.68,0.08385963961980317,0.09497888539440584
141,1,Florescent,ridge,full_mfcs,1.0,0.68,0.08385963961980317,0.09497888539440584
141,2,Florescent,ridge,full_ex,1.0,0.68,-0.011737109981023074,0.07631547889953884
141,2,Florescent,ridge,full_1fcs,1.0,0.6,-0.011737109981023074,0.07631547889953884
141,2,Florescent,ridge,full_mfcs,1.0,0.64,-0.011737109981023074,0.07631547889953884
141,3,Florescent,ridge,full_ex,1.0,0.78,0.07630128121281936,0.123781007435369
141,3,Florescent,ridge,full_1fcs,1.0,0.64,0.07630128121281936,0.123781007435369
141,3,Florescent,ridge,full_mfcs,1.0,0.64,0.07630128121281936,0.123781007435369
141,4,Florescent,ridge,full_ex,1.0,0.8200000000000001,0.10003923025098649,0.18508240376597712
141,4,Florescent,ridge,full_1fcs,1.0,0.66,0.10003923025098649,0.18508240376597712
141,4,Florescent,ridge,full_mfcs,1.0,0.66,0.10003923025098649,0.18508240376597712
141,5,Florescent,ridge,full_ex,1.0,0.86,0.1283854309864703,0.089182246224445
141,5,Florescent,ridge,full_1fcs,1.0,0.68,0.1283854309864703,0.089182246224445
141,5,Florescent,ridge,full_mfcs,1.0,0.68,0.1283854309864703,0.089182246224445
142,1,Florescent,ridge,full_ex,1.0,0.56,0.03219599055536819,0.09592987086004584
142,1,Florescent,ridge,full_1fcs,1.0,0.56,0.03219599055536819,0.09592987086004584
142,1,Florescent,ridge,full_mfcs,1.0,0.56,0.03219599055536819,0.09592987086004584
142,2,Florescent,ridge,full_ex,1.0,0.58,0.0757772420874693,0.07562163047869759
142,2,Florescent,ridge,full_1fcs,1.0,0.58,0.0757772420874693,0.07562163047869759
142,2,Florescent,ridge,full_mfcs,1.0,0.86,0.0757772420874693,0.07562163047869759
142,3,Florescent,ridge,full_ex,1.0,0.6,0.07562166357995376,0.2827244451239606
142,3,Florescent,ridge,full_1fcs,1.0,0.6,0.07562166357995376,0.2827244451239606
142,3,Florescent,ridge,full_mfcs,1.0,0.86,0.07562166357995376,0.2827244451239606
142,4,Florescent,ridge,full_ex,1.0,0.7000000000000001,0.17916203964500657,0.08911075827271948
142,4,Florescent,ridge,full_1fcs,1.0,0.7000000000000001,0.17916203964500657,0.08911075827271948
142,4,Florescent,ridge,full_mfcs,1.0,0.86,0.17916203964500657,0.08911075827271948
142,5,Florescent,ridge,full_ex,1.0,0.66,0.1491470745312757,0.041425831113538134
142,5,Florescent,ridge,full_1fcs,1.0,0.66,0.1491470745312757,0.041425831113538134
142,5,Florescent,ridge,full_mfcs,1.0,1.22,0.1491470745312757,0.041425831113538134
143,1,Florescent,ridge,full_ex,1.0,0.68,0.26918091924748944,0.1400100713106323
143,1,Florescent,ridge,full_1fcs,1.0,1.98,0.26918091924748944,0.1400100713106323
143,1,Florescent,ridge,full_mfcs,1.0,1.98,0.26918091924748944,0.1400100713106323
143,2,Florescent,ridge,full_ex,1.0,0.72,0.15692888497573487,0.272230726129818
143,2,Florescent,ridge,full_1fcs,1.0,1.22,0.15692888497573487,0.272230726129818
143,2,Florescent,ridge,full_mfcs,1.0,1.22,0.15692888497573487,0.272230726129818
143,3,Florescent,ridge,full_ex,1.0,0.7000000000000001,0.2721777991439928,0.14772322148627942
143,3,Florescent,ridge,full_1fcs,1.0,0.76,0.2721777991439928,0.14772322148627942
143,3,Florescent,ridge,full_mfcs,1.0,0.86,0.2721777991439928,0.14772322148627942
143,4,Florescent,ridge,full_ex,1.0,0.64,0.20996479568563126,0.2583580013872298
143,4,Florescent,ridge,full_1fcs,1.0,0.68,0.20996479568563126,0.2583580013872298
143,4,Florescent,ridge,full_mfcs,1.0,1.08,0.20996479568563126,0.2583580013872298
143,5,Florescent,ridge,full_ex,1.0,0.66,0.22609339528221437,0.23179717440446584
143,5,Florescent,ridge,full_1fcs,1.0,0.72,0.22609339528221437,0.23179717440446584
143,5,Florescent,ridge,full_mfcs,1.0,1.52,0.22609339528221437,0.23179717440446584
144,1,Florescent,ridge,full_ex,1.0,0.8,0.05819494674028595,0.19533377904291493
144,1,Florescent,ridge,full_1fcs,1.0,0.54,0.05819494674028595,0.19533377904291493
144,1,Florescent,ridge,full_mfcs,1.0,0.54,0.05819494674028595,0.19533377904291493
144,2,Florescent,ridge,full_ex,1.0,0.86,0.21991247130020622,0.07270434113248476
144,2,Florescent,ridge,full_1fcs,1.0,1.28,0.21991247130020622,0.07270434113248476
144,2,Florescent,ridge,full_mfcs,1.0,1.94,0.21991247130020622,0.07270434113248476
144,3,Florescent,ridge,full_ex,1.0,0.74,0.07273578521859347,0.04236530264172182
144,3,Florescent,ridge,full_1fcs,1.0,0.58,0.07273578521859347,0.04236530264172182
144,3,Florescent,ridge,full_mfcs,1.0,0.76,0.07273578521859347,0.04236530264172182
144,4,Florescent,ridge,full_ex,1.0,0.72,0.05755216590840532,0.008651229391735342
144,4,Florescent,ridge,full_1fcs,1.0,0.58,0.05755216590840532,0.008651229391735342
144,4,Florescent,ridge,full_mfcs,1.0,0.76,0.05755216590840532,0.008651229391735342
144,5,Florescent,ridge,full_ex,1.0,0.72,0.04125301450089401,0.0906363210037314
144,5,Florescent,ridge,full_1fcs,1.0,0.56,0.04125301450089401,0.0906363210037314
144,5,Florescent,ridge,full_mfcs,1.0,0.74,0.04125301450089401,0.0906363210037314
145,1,Florescent,ridge,full_ex,1.0,0.36,0.1069536549225188,0.09170897262602283
145,1,Florescent,ridge,full_1fcs,1.0,1.36,0.1069536549225188,0.09170897262602283
145,1,Florescent,ridge,full_mfcs,1.0,1.36,0.1069536549225188,0.09170897262602283
145,2,Florescent,ridge,full_ex,1.0,0.36,0.09537346730821634,0.07093888758356379
145,2,Florescent,ridge,full_1fcs,1.0,0.64,0.09537346730821634,0.07093888758356379
145,2,Florescent,ridge,full_mfcs,1.0,1.02,0.09537346730821634,0.07093888758356379
145,3,Florescent,ridge,full_ex,1.0,0.32,0.07094359821718492,0.07177966055055514
145,3,Florescent,ridge,full_1fcs,1.0,0.62,0.07094359821718492,0.07177966055055514
145,3,Florescent,ridge,full_mfcs,1.0,0.68,0.07094359821718492,0.07177966055055514
145,4,Florescent,ridge,full_ex,1.0,0.32,0.07136158908462822,0.0557409732733036
145,4,Florescent,ridge,full_1fcs,1.0,0.76,0.07136158908462822,0.0557409732733036
145,4,Florescent,ridge,full_mfcs,1.0,0.78,0.07136158908462822,0.0557409732733036
145,5,Florescent,ridge,full_ex,1.0,0.32,0.06615505179397013,0.09563499968793159
145,5,Florescent,ridge,full_1fcs,1.0,0.84,0.06615505179397013,0.09563499968793159
145,5,Florescent,ridge,full_mfcs,1.0,0.84,0.06615505179397013,0.09563499968793159
146,1,Florescent,ridge,full_ex,1.0,0.62,0.43948341944149943,0.1872784899429486
146,1,Florescent,ridge,full_1fcs,1.0,1.76,0.43948341944149943,0.1872784899429486
146,1,Florescent,ridge,full_mfcs,1.0,1.76,0.43948341944149943,0.1872784899429486
146,2,Florescent,ridge,full_ex,1.0,0.46,0.10350450448056502,0.18456801547132828
146,2,Florescent,ridge,full_1fcs,1.0,0.46,0.10350450448056502,0.18456801547132828
146,2,Florescent,ridge,full_mfcs,1.0,0.52,0.10350450448056502,0.18456801547132828
146,3,Florescent,ridge,full_ex,1.0,0.52,0.18454823668173975,0.18920353121263062
146,3,Florescent,ridge,full_1fcs,1.0,0.64,0.18454823668173975,0.18920353121263062
146,3,Florescent,ridge,full_mfcs,1.0,0.8,0.18454823668173975,0.18920353121263062
146,4,Florescent,ridge,full_ex,1.0,0.52,0.18687559994944916,0.07666277927494525
146,4,Florescent,ridge,full_1fcs,1.0,0.84,0.18687559994944916,0.07666277927494525
146,4,Florescent,ridge,full_mfcs,1.0,1.02,0.18687559994944916,0.07666277927494525
146,5,Florescent,ridge,full_ex,1.0,0.48,0.15014098142986093,0.13361579589953382
146,5,Florescent,ridge,full_1fcs,1.0,1.06,0.15014098142986093,0.13361579589953382
146,5,Florescent,ridge,full_mfcs,1.0,1.06,0.15014098142986093,0.13361579589953382
147,1,Florescent,ridge,full_ex,1.0,0.42,0.06563319035492587,0.06658328676773657
147,1,Florescent,ridge,full_1fcs,1.0,0.66,0.06563319035492587,0.06658328676773657
147,1,Florescent,ridge,full_mfcs,1.0,0.66,0.06563319035492587,0.06658328676773657
147,2,Florescent,ridge,full_ex,1.0,0.34,0.015695563886164596,0.08407061913024544
147,2,Florescent,ridge,full_1fcs,1.0,0.48,0.015695563886164596,0.08407061913024544
147,2,Florescent,ridge,full_mfcs,1.0,0.84,0.015695563886164596,0.08407061913024544
147,3,Florescent,ridge,full_ex,1.0,0.38,0.08405943913042241,0.08236534364707418
147,3,Florescent,ridge,full_1fcs,1.0,0.38,0.08405943913042241,0.08236534364707418
147,3,Florescent,ridge,full_mfcs,1.0,0.38,0.08405943913042241,0.08236534364707418
147,4,Florescent,ridge,full_ex,1.0,0.38,0.08321246064434651,0.08210370000384391
147,4,Florescent,ridge,full_1fcs,1.0,0.38,0.08321246064434651,0.08210370000384391
147,4,Florescent,ridge,full_mfcs,1.0,0.38,0.08321246064434651,0.08210370000384391
147,5,Florescent,ridge,full_ex,1.0,0.36,0.08284289391007028,0.08867322455915512
147,5,Florescent,ridge,full_1fcs,1.0,0.36,0.08284289391007028,0.08867322455915512
147,5,Florescent,ridge,full_mfcs,1.0,0.44,0.08284289391007028,0.08867322455915512
148,1,Florescent,ridge,full_ex,1.0,0.56,0.07837880945921863,0.07470247334346947
148,1,Florescent,ridge,full_1fcs,1.0,0.46,0.07837880945921863,0.07470247334346947
148,1,Florescent,ridge,full_mfcs,1.0,0.46,0.07837880945921863,0.07470247334346947
148,2,Florescent,ridge,full_ex,1.0,0.48,0.09614573163988623,0.11313050966809039
148,2,Florescent,ridge,full_1fcs,1.0,0.92,0.09614573163988623,0.11313050966809039
148,2,Florescent,ridge,full_mfcs,1.0,1.46,0.09614573163988623,0.11313050966809039
148,3,Florescent,ridge,full_ex,1.0,0.52,0.11312710205290522,0.10786245644834028
148,3,Florescent,ridge,full_1fcs,1.0,0.68,0.11312710205290522,0.10786245644834028
148,3,Florescent,ridge,full_mfcs,1.0,0.68,0.11312710205290522,0.10786245644834028
148,4,Florescent,ridge,full_ex,1.0,0.54,0.11049504333430463,0.10829036143717108
148,4,Florescent,ridge,full_1fcs,1.0,0.66,0.11049504333430463,0.10829036143717108
148,4,Florescent,ridge,full_mfcs,1.0,0.66,0.11049504333430463,0.10829036143717108
148,5,Florescent,ridge,full_ex,1.0,0.54,0.10976019852279639,0.11011246337541473
148,5,Florescent,ridge,full_1fcs,1.0,0.66,0.10976019852279639,0.11011246337541473
148,5,Florescent,ridge,full_mfcs,1.0,0.66,0.10976019852279639,0.11011246337541473
149,1,Florescent,ridge,full_ex,1.0,0.56,0.056498000526122374,0.14500949077867908
149,1,Florescent,ridge,full_1fcs,1.0,0.56,0.056498000526122374,0.14500949077867908
149,1,Florescent,ridge,full_mfcs,1.0,0.56,0.056498000526122374,0.14500949077867908
149,2,Florescent,ridge,full_ex,1.0,0.76,0.228306168376726,0.1786170110437761
149,2,Florescent,ridge,full_1fcs,1.0,0.76,0.228306168376726,0.1786170110437761
149,2,Florescent,ridge,full_mfcs,1.0,0.88,0.228306168376726,0.1786170110437761
149,3,Florescent,ridge,full_ex,1.0,0.7000000000000001,0.17863549669891862,0.13950436303367805
149,3,Florescent,ridge,full_1fcs,1.0,0.7000000000000001,0.17863549669891862,0.13950436303367805
149,3,Florescent,ridge,full_mfcs,1.0,0.76,0.17863549669891862,0.13950436303367805
149,4,Florescent,ridge,full_ex,1.0,0.66,0.1590735699926646,0.14101310367473133
149,4,Florescent,ridge,full_1fcs,1.0,0.66,0.1590735699926646,0.14101310367473133
149,4,Florescent,ridge,full_mfcs,1.0,0.8200000000000001,0.1590735699926646,0.14101310367473133
149,5,Florescent,ridge,full_ex,1.0,0.66,0.15305416129022467,0.11894484269007391
149,5,Florescent,ridge,full_1fcs,1.0,0.66,0.15305416129022467,0.11894484269007391
149,5,Florescent,ridge,full_mfcs,1.0,0.92,0.15305416129022467,0.11894484269007391
150,1,Florescent,ridge,full_ex,1.0,0.9400000000000001,0.14061579553684972,0.08282097128604095
150,1,Florescent,ridge,full_1fcs,1.0,0.8200000000000001,0.14061579553684972,0.08282097128604095
150,1,Florescent,ridge,full_mfcs,1.0,0.8200000000000001,0.14061579553684972,0.08282097128604095
150,2,Florescent,ridge,full_ex,1.0,0.84,0.12588823734176585,0.06414000454592361
150,2,Florescent,ridge,full_1fcs,1.0,0.8,0.12588823734176585,0.06414000454592361
150,2,Florescent,ridge,full_mfcs,1.0,0.84,0.12588823734176585,0.06414000454592361
150,3,Florescent,ridge,full_ex,1.0,0.9,0.06416178135201536,0.06578618395654506
150,3,Florescent,ridge,full_1fcs,1.0,0.74,0.06416178135201536,0.06578618395654506
150,3,Florescent,ridge,full_mfcs,1.0,0.74,0.06416178135201536,0.06578618395654506
150,4,Florescent,ridge,full_ex,1.0,0.88,0.06497383940987826,0.06510151989400303
150,4,Florescent,ridge,full_1fcs,1.0,0.74,0.06497383940987826,0.06510151989400303
150,4,Florescent,ridge,full_mfcs,1.0,0.9400000000000001,0.06497383940987826,0.06510151989400303
150,5,Florescent,ridge,full_ex,1.0,0.88,0.06501639456667725,0.05834988256144853
150,5,Florescent,ridge,full_1fcs,1.0,0.74,0.06501639456667725,0.05834988256144853
150,5,Florescent,ridge,full_mfcs,1.0,0.96,0.06501639456667725,0.05834988256144853
151,1,Florescent,ridge,full_ex,1.0,0.66,-0.10758412380250967,0.09034107322113512
151,1,Florescent,ridge,full_1fcs,1.0,0.66,-0.10758412380250967,0.09034107322113512
151,1,Florescent,ridge,full_mfcs,1.0,0.66,-0.10758412380250967,0.09034107322113512
151,2,Florescent,ridge,full_ex,1.0,0.84,0.28582723369422874,0.0792664481165416
151,2,Florescent,ridge,full_1fcs,1.0,0.84,0.28582723369422874,0.0792664481165416
151,2,Florescent,ridge,full_mfcs,1.0,0.86,0.28582723369422874,0.0792664481165416
151,3,Florescent,ridge,full_ex,1.0,0.66,0.07939468825914048,0.08314939564895216
151,3,Florescent,ridge,full_1fcs,1.0,0.66,0.07939468825914048,0.08314939564895216
151,3,Florescent,ridge,full_mfcs,1.0,0.9400000000000001,0.07939468825914048,0.08314939564895216
151,4,Florescent,ridge,full_ex,1.0,0.68,0.08127145900782451,0.0795055775060074
151,4,Florescent,ridge,full_1fcs,1.0,0.68,0.08127145900782451,0.0795055775060074
151,4,Florescent,ridge,full_mfcs,1.0,1.22,0.08127145900782451,0.0795055775060074
151,5,Florescent,ridge,full_ex,1.0,0.7000000000000001,0.08068295370579859,0.08338919761169598
151,5,Florescent,ridge,full_1fcs,1.0,0.7000000000000001,0.08068295370579859,0.08338919761169598
151,5,Florescent,ridge,full_mfcs,1.0,1.2,0.08068295370579859,0.08338919761169598
152,1,Florescent,ridge,full_ex,1.0,0.74,0.2682756108405626,0.12746768262732175
152,1,Florescent,ridge,full_1fcs,1.0,1.18,0.2682756108405626,0.12746768262732175
152,1,Florescent,ridge,full_mfcs,1.0,1.18,0.2682756108405626,0.12746768262732175
152,2,Florescent,ridge,full_ex,1.0,0.72,0.213609171191584,0.11280258774457025
152,2,Florescent,ridge,full_1fcs,1.0,1.22,0.213609171191584,0.11280258774457025
152,2,Florescent,ridge,full_mfcs,1.0,1.62,0.213609171191584,0.11280258774457025
152,3,Florescent,ridge,full_ex,1.0,0.6,0.11281683754607694,0.11846000492410348
152,3,Florescent,ridge,full_1fcs,1.0,0.6,0.11281683754607694,0.11846000492410348
152,3,Florescent,ridge,full_mfcs,1.0,0.6,0.11281683754607694,0.11846000492410348
152,4,Florescent,ridge,full_ex,1.0,0.6,0.11563822179438503,0.10194433597637254
152,4,Florescent,ridge,full_1fcs,1.0,0.6,0.11563822179438503,0.10194433597637254
152,4,Florescent,ridge,full_mfcs,1.0,0.6,0.11563822179438503,0.10194433597637254
152,5,Florescent,ridge,full_ex,1.0,0.6,0.11107380829112591,0.11405758960481097
152,5,Florescent,ridge,full_1fcs,1.0,0.6,0.11107380829112591,0.11405758960481097
152,5,Florescent,ridge,full_mfcs,1.0,0.6,0.11107380829112591,0.11405758960481097
153,1,Florescent,ridge,full_ex,1.0,0.48,0.14066733491165742,0.10223790502007445
153,1,Florescent,ridge,full_1fcs,1.0,0.48,0.14066733491165742,0.10223790502007445
153,1,Florescent,ridge,full_mfcs,1.0,0.48,0.14066733491165742,0.10223790502007445
153,2,Florescent,ridge,full_ex,1.0,0.52,0.14839587498945367,0.08461398032930728
153,2,Florescent,ridge,full_1fcs,1.0,0.62,0.14839587498945367,0.08461398032930728
153,2,Florescent,ridge,full_mfcs,1.0,0.62,0.14839587498945367,0.08461398032930728
153,3,Florescent,ridge,full_ex,1.0,0.42,0.08463912768845228,0.08815454540204407
153,3,Florescent,ridge,full_1fcs,1.0,0.42,0.08463912768845228,0.08815454540204407
153,3,Florescent,ridge,full_mfcs,1.0,0.64,0.08463912768845228,0.08815454540204407
153,4,Florescent,ridge,full_ex,1.0,0.42,0.08639648997032492,0.09149994387214953
153,4,Florescent,ridge,full_1fcs,1.0,0.42,0.08639648997032492,0.09149994387214953
153,4,Florescent,ridge,full_mfcs,1.0,0.66,0.08639648997032492,0.09149994387214953
153,5,Florescent,ridge,full_ex,1.0,0.42,0.08809741764066195,0.08563158146826426
153,5,Florescent,ridge,full_1fcs,1.0,0.42,0.08809741764066195,0.08563158146826426
153,5,Florescent,ridge,full_mfcs,1.0,0.68,0.08809741764066195,0.08563158146826426
154,1,Florescent,ridge,full_ex,1.0,0.58,0.19271121065443153,0.0740603749838454
154,1,Florescent,ridge,full_1fcs,1.0,1.68,0.19271121065443153,0.0740603749838454
154,1,Florescent,ridge,full_mfcs,1.0,1.68,0.19271121065443153,0.0740603749838454
154,2,Florescent,ridge,full_ex,1.0,0.48,0.1022821740928287,0.19857381810774663
154,2,Florescent,ridge,full_1fcs,1.0,0.62,0.1022821740928287,0.19857381810774663
154,2,Florescent,ridge,full_mfcs,1.0,0.64,0.1022821740928287,0.19857381810774663
154,3,Florescent,ridge,full_ex,1.0,0.58,0.1985457442713925,0.21447816994558583
154,3,Florescent,ridge,full_1fcs,1.0,0.68,0.1985457442713925,0.21447816994558583
154,3,Florescent,ridge,full_mfcs,1.0,0.68,0.1985457442713925,0.21447816994558583
154,4,Florescent,ridge,full_ex,1.0,0.6,0.20651079566460812,0.21568467450076723
154,4,Florescent,ridge,full_1fcs,1.0,0.68,0.20651079566460812,0.21568467450076723
154,4,Florescent,ridge,full_mfcs,1.0,0.72,0.20651079566460812,0.21568467450076723
154,5,Florescent,ridge,full_ex,1.0,0.6,0.20956845803570703,0.21088025038386257
154,5,Florescent,ridge,full_1fcs,1.0,0.66,0.20956845803570703,0.21088025038386257
154,5,Florescent,ridge,full_mfcs,1.0,0.92,0.20956845803570703,0.21088025038386257
155,1,Florescent,ridge,full_ex,1.0,1.0,0.4880191431432762,0.16865085684985068
155,1,Florescent,ridge,full_1fcs,1.0,1.32,0.4880191431432762,0.16865085684985068
155,1,Florescent,ridge,full_mfcs,1.0,1.32,0.4880191431432762,0.16865085684985068
155,2,Florescent,ridge,full_ex,1.0,0.9,0.21799505195715044,0.07809589587517979
155,2,Florescent,ridge,full_1fcs,1.0,0.76,0.21799505195715044,0.07809589587517979
155,2,Florescent,ridge,full_mfcs,1.0,0.9,0.21799505195715044,0.07809589587517979
155,3,Florescent,ridge,full_ex,1.0,0.78,0.07811879699560202,0.0
155,3,Florescent,ridge,full_1fcs,1.0,0.8,0.07811879699560202,0.0
155,3,Florescent,ridge,full_mfcs,1.0,0.8,0.07811879699560202,0.0
155,4,Florescent,ridge,full_ex,1.0,0.74,0.03906259572057903,0.05552963205144771
155,4,Florescent,ridge,full_1fcs,1.0,0.74,0.03906259572057903,0.05552963205144771
155,4,Florescent,ridge,full_mfcs,1.0,0.74,0.03906259572057903,0.05552963205144771
155,5,Florescent,ridge,full_ex,1.0,0.74,0.04455130828668193,0.03955728690668081
155,5,Florescent,ridge,full_1fcs,1.0,0.74,0.04455130828668193,0.03955728690668081
155,5,Florescent,ridge,full_mfcs,1.0,0.74,0.04455130828668193,0.03955728690668081
156,1,Florescent,ridge,full_ex,0.0,0.38,0.1981745312716323,0.4129145905386489
156,1,Florescent,ridge,full_1fcs,1.0,0.56,0.1981745312716323,0.4129145905386489
156,1,Florescent,ridge,full_mfcs,1.0,0.56,0.1981745312716323,0.4129145905386489
156,2,Florescent,ridge,full_ex,1.0,0.44,0.43225361304959864,0.5425965879989629
156,2,Florescent,ridge,full_1fcs,1.0,2.22,0.43225361304959864,0.5425965879989629
156,2,Florescent,ridge,full_mfcs,1.0,2.22,0.43225361304959864,0.5425965879989629
156,3,Florescent,ridge,full_ex,1.0,0.36,0.542563125737947,0.6394491417232657
156,3,Florescent,ridge,full_1fcs,1.0,0.84,0.542563125737947,0.6394491417232657
156,3,Florescent,ridge,full_mfcs,1.0,0.76,0.542563125737947,0.6394491417232657
156,4,Florescent,ridge,full_ex,0.0,0.3,0.5909987872797225,0.31194429453836725
156,4,Florescent,ridge,full_1fcs,1.0,1.0,0.5909987872797225,0.31194429453836725
156,4,Florescent,ridge,full_mfcs,1.0,0.8,0.5909987872797225,0.31194429453836725
156,5,Florescent,ridge,full_ex,1.0,0.38,0.49799002773166223,0.34309911948302163
156,5,Florescent,ridge,full_1fcs,1.0,0.88,0.49799002773166223,0.34309911948302163
156,5,Florescent,ridge,full_mfcs,1.0,0.88,0.49799002773166223,0.34309911948302163
157,1,Florescent,ridge,full_ex,1.0,0.96,0.48652679203014476,0.171929346823773
157,1,Florescent,ridge,full_1fcs,1.0,2.22,0.48652679203014476,0.171929346823773
157,1,Florescent,ridge,full_mfcs,1.0,2.22,0.48652679203014476,0.171929346823773
157,2,Florescent,ridge,full_ex,1.0,0.48,-0.02175122876746448,0.16684963721678256
157,2,Florescent,ridge,full_1fcs,1.0,0.76,-0.02175122876746448,0.16684963721678256
157,2,Florescent,ridge,full_mfcs,1.0,0.76,-0.02175122876746448,0.16684963721678256
157,3,Florescent,ridge,full_ex,1.0,0.66,0.16679435812110854,0.20750685952668368
157,3,Florescent,ridge,full_1fcs,1.0,0.92,0.16679435812110854,0.20750685952668368
157,3,Florescent,ridge,full_mfcs,1.0,0.92,0.16679435812110854,0.20750685952668368
157,4,Florescent,ridge,full_ex,1.0,0.68,0.1871476251680402,0.22735061236417678
157,4,Florescent,ridge,full_1fcs,1.0,0.9400000000000001,0.1871476251680402,0.22735061236417678
157,4,Florescent,ridge,full_mfcs,1.0,0.9400000000000001,0.1871476251680402,0.22735061236417678
157,5,Florescent,ridge,full_ex,1.0,0.7000000000000001,0.20054731136253334,0.2845453497519471
157,5,Florescent,ridge,full_1fcs,1.0,0.96,0.20054731136253334,0.2845453497519471
157,5,Florescent,ridge,full_mfcs,1.0,0.96,0.20054731136253334,0.2845453497519471
158,1,Florescent,ridge,full_ex,1.0,0.78,0.09747586182107425,0.07130052385081291
158,1,Florescent,ridge,full_1fcs,1.0,0.78,0.09747586182107425,0.07130052385081291
158,1,Florescent,ridge,full_mfcs,1.0,0.78,0.09747586182107425,0.07130052385081291
158,2,Florescent,ridge,full_ex,1.0,0.84,-0.09693894720670213,0.04567084399451977
158,2,Florescent,ridge,full_1fcs,1.0,0.84,-0.09693894720670213,0.04567084399451977
158,2,Florescent,ridge,full_mfcs,1.0,0.84,-0.09693894720670213,0.04567084399451977
158,3,Florescent,ridge,full_ex,1.0,0.8200000000000001,0.04562422113586269,0.03270643965606276
158,3,Florescent,ridge,full_1fcs,1.0,0.8200000000000001,0.04562422113586269,0.03270643965606276
158,3,Florescent,ridge,full_mfcs,1.0,0.8200000000000001,0.04562422113586269,0.03270643965606276
158,4,Florescent,ridge,full_ex,1.0,0.76,0.03916638635871465,0.04377610564866631
158,4,Florescent,ridge,full_1fcs,1.0,0.76,0.03916638635871465,0.04377610564866631
158,4,Florescent,ridge,full_mfcs,1.0,0.76,0.03916638635871465,0.04377610564866631
158,5,Florescent,ridge,full_ex,1.0,0.74,0.04070279196981186,0.04373548270345819
158,5,Florescent,ridge,full_1fcs,1.0,0.74,0.04070279196981186,0.04373548270345819
158,5,Florescent,ridge,full_mfcs,1.0,0.74,0.04070279196981186,0.04373548270345819
159,1,Florescent,ridge,full_ex,0.0,1.18,0.2857493228922969,1.3049892552218936
159,1,Florescent,ridge,full_1fcs,0.0,1.32,0.2857493228922969,1.3049892552218936
159,1,Florescent,ridge,full_mfcs,0.0,1.32,0.2857493228922969,1.3049892552218936
159,2,Florescent,ridge,full_ex,1.0,1.32,0.4156529638004787,0.7009716410530118
159,2,Florescent,ridge,full_1fcs,1.0,1.26,0.4156529638004787,0.7009716410530118
159,2,Florescent,ridge,full_mfcs,1.0,1.44,0.4156529638004787,0.7009716410530118
159,3,Florescent,ridge,full_ex,1.0,1.62,0.700925155757818,0.8208367136295687
159,3,Florescent,ridge,full_1fcs,1.0,1.34,0.700925155757818,0.8208367136295687
159,3,Florescent,ridge,full_mfcs,1.0,1.54,0.700925155757818,0.8208367136295687
159,4,Florescent,ridge,full_ex,1.0,1.7,0.7608760501748026,0.6830525645557736
159,4,Florescent,ridge,full_1fcs,1.0,1.6,0.7608760501748026,0.6830525645557736
159,4,Florescent,ridge,full_mfcs,1.0,1.48,0.7608760501748026,0.6830525645557736
159,5,Florescent,ridge,full_ex,1.0,1.68,0.7349362972688732,0.7682556651167973
159,5,Florescent,ridge,full_1fcs,1.0,1.58,0.7349362972688732,0.7682556651167973
159,5,Florescent,ridge,full_mfcs,1.0,1.58,0.7349362972688732,0.7682556651167973
160,1,Florescent,ridge,full_ex,1.0,1.04,0.47491205412784915,0.1912878998138508
160,1,Florescent,ridge,full_1fcs,1.0,1.34,0.47491205412784915,0.1912878998138508
160,1,Florescent,ridge,full_mfcs,1.0,1.34,0.47491205412784915,0.1912878998138508
160,2,Florescent,ridge,full_ex,1.0,0.9400000000000001,0.33186852687075247,0.16560108730591921
160,2,Florescent,ridge,full_1fcs,1.0,1.02,0.33186852687075247,0.16560108730591921
160,2,Florescent,ridge,full_mfcs,1.0,1.02,0.33186852687075247,0.16560108730591921
160,3,Florescent,ridge,full_ex,1.0,0.8,0.16563015184642305,0.1387720436032875
160,3,Florescent,ridge,full_1fcs,1.0,0.98,0.16563015184642305,0.1387720436032875
160,3,Florescent,ridge,full_mfcs,1.0,0.98,0.16563015184642305,0.1387720436032875
160,4,Florescent,ridge,full_ex,1.0,0.78,0.15220227156704455,0.24291226165160373
160,4,Florescent,ridge,full_1fcs,1.0,1.0,0.15220227156704455,0.24291226165160373
160,4,Florescent,ridge,full_mfcs,1.0,1.0,0.15220227156704455,0.24291226165160373
160,5,Florescent,ridge,full_ex,1.0,0.8200000000000001,0.18243717287233283,0.1789937441216736
160,5,Florescent,ridge,full_1fcs,1.0,1.04,0.18243717287233283,0.1789937441216736
160,5,Florescent,ridge,full_mfcs,1.0,1.04,0.18243717287233283,0.1789937441216736
161,1,Florescent,ridge,full_ex,1.0,0.76,0.5239891689247614,0.1581815719382381
161,1,Florescent,ridge,full_1fcs,1.0,1.44,0.5239891689247614,0.1581815719382381
161,1,Florescent,ridge,full_mfcs,1.0,1.44,0.5239891689247614,0.1581815719382381
161,2,Florescent,ridge,full_ex,0.0,0.9,0.4762365342779406,0.0732462393405774
161,2,Florescent,ridge,full_1fcs,0.0,0.98,0.4762365342779406,0.0732462393405774
161,2,Florescent,ridge,full_mfcs,1.0,1.12,0.4762365342779406,0.0732462393405774
161,3,Florescent,ridge,full_ex,1.0,0.54,0.0733711943358394,0.15471986849367028
161,3,Florescent,ridge,full_1fcs,1.0,0.66,0.0733711943358394,0.15471986849367028
161,3,Florescent,ridge,full_mfcs,1.0,0.88,0.0733711943358394,0.15471986849367028
161,4,Florescent,ridge,full_ex,1.0,0.48,0.11403922450198958,0.12306022499213466
161,4,Florescent,ridge,full_1fcs,1.0,0.44,0.11403922450198958,0.12306022499213466
161,4,Florescent,ridge,full_mfcs,1.0,0.58,0.11403922450198958,0.12306022499213466
161,5,Florescent,ridge,full_ex,1.0,0.48,0.11704591380745823,0.1426188918015681
161,5,Florescent,ridge,full_1fcs,1.0,0.44,0.11704591380745823,0.1426188918015681
161,5,Florescent,ridge,full_mfcs,1.0,0.58,0.11704591380745823,0.1426188918015681
162,1,Florescent,ridge,full_ex,1.0,0.9400000000000001,0.2514060414974995,0.1854717516088129
162,1,Florescent,ridge,full_1fcs,1.0,1.04,0.2514060414974995,0.1854717516088129
162,1,Florescent,ridge,full_mfcs,1.0,1.04,0.2514060414974995,0.1854717516088129
162,2,Florescent,ridge,full_ex,1.0,0.88,0.17852131126796608,0.14659928115518905
162,2,Florescent,ridge,full_1fcs,1.0,0.78,0.17852131126796608,0.14659928115518905
162,2,Florescent,ridge,full_mfcs,1.0,0.78,0.17852131126796608,0.14659928115518905
162,3,Florescent,ridge,full_ex,1.0,0.8,0.14660616258838746,0.162281973739057
162,3,Florescent,ridge,full_1fcs,1.0,0.74,0.14660616258838746,0.162281973739057
162,3,Florescent,ridge,full_mfcs,1.0,0.78,0.14660616258838746,0.162281973739057
162,4,Florescent,ridge,full_ex,1.0,0.84,0.1544432232624159,0.15600967598219873
162,4,Florescent,ridge,full_1fcs,1.0,0.74,0.1544432232624159,0.15600967598219873
162,4,Florescent,ridge,full_mfcs,1.0,0.84,0.1544432232624159,0.15600967598219873
162,5,Florescent,ridge,full_ex,1.0,0.84,0.15496533664486872,0.16785027581976159
162,5,Florescent,ridge,full_1fcs,1.0,0.76,0.15496533664486872,0.16785027581976159
162,5,Florescent,ridge,full_mfcs,1.0,0.84,0.15496533664486872,0.16785027581976159
163,1,Florescent,ridge,full_ex,1.0,0.5,0.25767687615036355,0.25445632088893905
163,1,Florescent,ridge,full_1fcs,1.0,1.34,0.25767687615036355,0.25445632088893905
163,1,Florescent,ridge,full_mfcs,1.0,1.34,0.25767687615036355,0.25445632088893905
163,2,Florescent,ridge,full_ex,1.0,0.52,0.22684576617925845,0.0665354472896524
163,2,Florescent,ridge,full_1fcs,1.0,1.26,0.22684576617925845,0.0665354472896524
163,2,Florescent,ridge,full_mfcs,1.0,1.76,0.22684576617925845,0.0665354472896524
163,3,Florescent,ridge,full_ex,1.0,0.4,0.06656675130201609,0.06587458606092923
163,3,Florescent,ridge,full_1fcs,1.0,0.46,0.06656675130201609,0.06587458606092923
163,3,Florescent,ridge,full_mfcs,1.0,0.48,0.06656675130201609,0.06587458606092923
163,4,Florescent,ridge,full_ex,1.0,0.34,0.06622070247430839,0.07093081750924193
163,4,Florescent,ridge,full_1fcs,1.0,0.48,0.06622070247430839,0.07093081750924193
163,4,Florescent,ridge,full_mfcs,1.0,0.52,0.06622070247430839,0.07093081750924193
163,5,Florescent,ridge,full_ex,1.0,0.34,0.06779063861092395,0.04467352070810866
163,5,Florescent,ridge,full_1fcs,1.0,0.48,0.06779063861092395,0.04467352070810866
163,5,Florescent,ridge,full_mfcs,1.0,0.68,0.06779063861092395,0.04467352070810866
164,1,Florescent,ridge,full_ex,1.0,0.76,0.3993953981260975,0.23237155952123156
164,1,Florescent,ridge,full_1fcs,1.0,2.04,0.3993953981260975,0.23237155952123156
164,1,Florescent,ridge,full_mfcs,1.0,2.04,0.3993953981260975,0.23237155952123156
164,2,Florescent,ridge,full_ex,1.0,0.72,0.18065525562617993,0.17605556004969575
164,2,Florescent,ridge,full_1fcs,1.0,0.8200000000000001,0.18065525562617993,0.17605556004969575
164,2,Florescent,ridge,full_mfcs,1.0,1.26,0.18065525562617993,0.17605556004969575
164,3,Florescent,ridge,full_ex,1.0,0.66,0.17605660711536034,0.04954372772049165
164,3,Florescent,ridge,full_1fcs,1.0,0.74,0.17605660711536034,0.04954372772049165
164,3,Florescent,ridge,full_mfcs,1.0,1.22,0.17605660711536034,0.04954372772049165
164,4,Florescent,ridge,full_ex,1.0,0.58,0.1128073680147074,0.19063952957884242
164,4,Florescent,ridge,full_1fcs,1.0,1.16,0.1128073680147074,0.19063952957884242
164,4,Florescent,ridge,full_mfcs,1.0,1.1400000000000001,0.1128073680147074,0.19063952957884242
164,5,Florescent,ridge,full_ex,1.0,0.6,0.138749452954763,0.21484583065756196
164,5,Florescent,ridge,full_1fcs,1.0,1.24,0.138749452954763,0.21484583065756196
164,5,Florescent,ridge,full_mfcs,1.0,1.24,0.138749452954763,0.21484583065756196
165,1,Florescent,ridge,full_ex,1.0,0.76,-0.2786331504697348,0.15248701076280552
165,1,Florescent,ridge,full_1fcs,1.0,0.8200000000000001,-0.2786331504697348,0.15248701076280552
165,1,Florescent,ridge,full_mfcs,1.0,0.8200000000000001,-0.2786331504697348,0.15248701076280552
165,2,Florescent,ridge,full_ex,1.0,0.96,0.05354099092588532,0.17433079336393448
165,2,Florescent,ridge,full_1fcs,1.0,1.02,0.05354099092588532,0.17433079336393448
165,2,Florescent,ridge,full_mfcs,1.0,1.26,0.05354099092588532,0.17433079336393448
165,3,Florescent,ridge,full_ex,1.0,1.02,0.1743097462679552,0.15949987519842534
165,3,Florescent,ridge,full_1fcs,1.0,1.1400000000000001,0.1743097462679552,0.15949987519842534
165,3,Florescent,ridge,full_mfcs,1.0,1.1400000000000001,0.1743097462679552,0.15949987519842534
165,4,Florescent,ridge,full_ex,1.0,1.0,0.16690545592800593,0.15225280502776004
165,4,Florescent,ridge,full_1fcs,1.0,1.1400000000000001,0.16690545592800593,0.15225280502776004
165,4,Florescent,ridge,full_mfcs,1.0,1.1400000000000001,0.16690545592800593,0.15225280502776004
165,5,Florescent,ridge,full_ex,1.0,1.0,0.16202152267812553,0.1670989477344966
165,5,Florescent,ridge,full_1fcs,1.0,1.1400000000000001,0.16202152267812553,0.1670989477344966
165,5,Florescent,ridge,full_mfcs,1.0,1.1400000000000001,0.16202152267812553,0.1670989477344966
166,1,Florescent,ridge,full_ex,1.0,1.4000000000000001,0.5188695125960716,0.6790103179057881
166,1,Florescent,ridge,full_1fcs,1.0,1.74,0.5188695125960716,0.6790103179057881
166,1,Florescent,ridge,full_mfcs,1.0,1.74,0.5188695125960716,0.6790103179057881
166,2,Florescent,ridge,full_ex,0.0,1.2,0.22239857770152643,1.2174057087518952
166,2,Florescent,ridge,full_1fcs,0.0,0.92,0.22239857770152643,1.2174057087518952
166,2,Florescent,ridge,full_mfcs,0.0,0.98,0.22239857770152643,1.2174057087518952
166,3,Florescent,ridge,full_ex,1.0,2.04,1.2171776359696642,1.2018073749690592
166,3,Florescent,ridge,full_1fcs,1.0,1.94,1.2171776359696642,1.2018073749690592
166,3,Florescent,ridge,full_mfcs,1.0,1.94,1.2171776359696642,1.2018073749690592
166,4,Florescent,ridge,full_ex,1.0,1.94,1.2094933863527224,1.2225714442126279
166,4,Florescent,ridge,full_1fcs,1.0,1.84,1.2094933863527224,1.2225714442126279
166,4,Florescent,ridge,full_mfcs,1.0,1.84,1.2094933863527224,1.2225714442126279
166,5,Florescent,ridge,full_ex,1.0,1.94,1.2138524058435087,1.2162007551278946
166,5,Florescent,ridge,full_1fcs,1.0,1.86,1.2138524058435087,1.2162007551278946
166,5,Florescent,ridge,full_mfcs,1.0,1.8,1.2138524058435087,1.2162007551278946
167,1,Florescent,ridge,full_ex,1.0,0.56,0.20161203230439867,0.1064212302503646
167,1,Florescent,ridge,full_1fcs,1.0,1.46,0.20161203230439867,0.1064212302503646
167,1,Florescent,ridge,full_mfcs,1.0,1.46,0.20161203230439867,0.1064212302503646
167,2,Florescent,ridge,full_ex,1.0,0.58,0.1637786998293903,0.15398644798092648
167,2,Florescent,ridge,full_1fcs,1.0,0.86,0.1637786998293903,0.15398644798092648
167,2,Florescent,ridge,full_mfcs,1.0,1.36,0.1637786998293903,0.15398644798092648
167,3,Florescent,ridge,full_ex,1.0,0.56,0.15398825035856248,0.11340656534426946
167,3,Florescent,ridge,full_1fcs,1.0,0.56,0.15398825035856248,0.11340656534426946
167,3,Florescent,ridge,full_mfcs,1.0,0.56,0.15398825035856248,0.11340656534426946
167,4,Florescent,ridge,full_ex,1.0,0.52,0.1336992754046505,0.11232467243243258
167,4,Florescent,ridge,full_1fcs,1.0,0.52,0.1336992754046505,0.11232467243243258
167,4,Florescent,ridge,full_mfcs,1.0,0.52,0.1336992754046505,0.11232467243243258
167,5,Florescent,ridge,full_ex,1.0,0.5,0.1265748449391384,0.09095557295670824
167,5,Florescent,ridge,full_1fcs,1.0,0.5,0.1265748449391384,0.09095557295670824
167,5,Florescent,ridge,full_mfcs,1.0,0.5,0.1265748449391384,0.09095557295670824
168,1,Florescent,ridge,full_ex,1.0,0.32,0.0321008733644216,0.13439203386511037
168,1,Florescent,ridge,full_1fcs,1.0,0.64,0.0321008733644216,0.13439203386511037
168,1,Florescent,ridge,full_mfcs,1.0,0.64,0.0321008733644216,0.13439203386511037
168,2,Florescent,ridge,full_ex,1.0,0.44,0.1990440981050702,0.23546026601475914
168,2,Florescent,ridge,full_1fcs,1.0,0.68,0.1990440981050702,0.23546026601475914
168,2,Florescent,ridge,full_mfcs,1.0,1.1,0.1990440981050702,0.23546026601475914
168,3,Florescent,ridge,full_ex,1.0,0.48,0.23544671267275316,0.16478836606952507
168,3,Florescent,ridge,full_1fcs,1.0,0.54,0.23544671267275316,0.16478836606952507
168,3,Florescent,ridge,full_mfcs,1.0,0.98,0.23544671267275316,0.16478836606952507
168,4,Florescent,ridge,full_ex,1.0,0.46,0.20012411498741,0.2046269381068687
168,4,Florescent,ridge,full_1fcs,1.0,0.6,0.20012411498741,0.2046269381068687
168,4,Florescent,ridge,full_mfcs,1.0,0.92,0.20012411498741,0.2046269381068687
168,5,Florescent,ridge,full_ex,1.0,0.46,0.2016248697743459,0.21661707640725053
168,5,Florescent,ridge,full_1fcs,1.0,0.64,0.2016248697743459,0.21661707640725053
168,5,Florescent,ridge,full_mfcs,1.0,1.3,0.2016248697743459,0.21661707640725053
169,1,Florescent,ridge,full_ex,1.0,1.56,1.1953899344613674,0.8317810885160327
169,1,Florescent,ridge,full_1fcs,1.0,2.22,1.1953899344613674,0.8317810885160327
169,1,Florescent,ridge,full_mfcs,1.0,2.22,1.1953899344613674,0.8317810885160327
169,2,Florescent,ridge,full_ex,1.0,1.44,1.1435126450609767,1.3354153087934593
169,2,Florescent,ridge,full_1fcs,1.0,2.22,1.1435126450609767,1.3354153087934593
169,2,Florescent,ridge,full_mfcs,1.0,2.22,1.1435126450609767,1.3354153087934593
169,3,Florescent,ridge,full_ex,1.0,1.4000000000000001,1.335350148632791,1.354984994331198
169,3,Florescent,ridge,full_1fcs,1.0,1.8800000000000001,1.335350148632791,1.354984994331198
169,3,Florescent,ridge,full_mfcs,1.0,1.8,1.335350148632791,1.354984994331198
169,4,Florescent,ridge,full_ex,1.0,1.4000000000000001,1.3451659044572473,1.3264710373773219
169,4,Florescent,ridge,full_1fcs,1.0,2.0,1.3451659044572473,1.3264710373773219
169,4,Florescent,ridge,full_mfcs,1.0,1.6400000000000001,1.3451659044572473,1.3264710373773219
169,5,Florescent,ridge,full_ex,1.0,1.42,1.3389349875691903,1.3214658065388698
169,5,Florescent,ridge,full_1fcs,1.0,2.0,1.3389349875691903,1.3214658065388698
169,5,Florescent,ridge,full_mfcs,1.0,1.6600000000000001,1.3389349875691903,1.3214658065388698
170,1,Florescent,ridge,full_ex,1.0,0.32,0.1480990059502807,0.2121304635830138
170,1,Florescent,ridge,full_1fcs,1.0,1.12,0.1480990059502807,0.2121304635830138
170,1,Florescent,ridge,full_mfcs,1.0,1.12,0.1480990059502807,0.2121304635830138
170,2,Florescent,ridge,full_ex,1.0,0.42,0.13377517966096023,0.17327223970067204
170,2,Florescent,ridge,full_1fcs,1.0,0.48,0.13377517966096023,0.17327223970067204
170,2,Florescent,ridge,full_mfcs,1.0,0.48,0.13377517966096023,0.17327223970067204
170,3,Florescent,ridge,full_ex,1.0,0.34,0.17325422665795556,0.2638834668949294
170,3,Florescent,ridge,full_1fcs,1.0,0.38,0.17325422665795556,0.2638834668949294
170,3,Florescent,ridge,full_mfcs,1.0,0.38,0.17325422665795556,0.2638834668949294
170,4,Florescent,ridge,full_ex,1.0,0.36,0.21855851132011261,0.1987344542119047
170,4,Florescent,ridge,full_1fcs,1.0,0.42,0.21855851132011261,0.1987344542119047
170,4,Florescent,ridge,full_mfcs,1.0,0.42,0.21855851132011261,0.1987344542119047
170,5,Florescent,ridge,full_ex,1.0,0.36,0.21195149714104802,0.20810693631924293
170,5,Florescent,ridge,full_1fcs,1.0,0.42,0.21195149714104802,0.20810693631924293
170,5,Florescent,ridge,full_mfcs,1.0,0.42,0.21195149714104802,0.20810693631924293
171,1,Florescent,ridge,full_ex,1.0,1.18,0.19054136153715917,0.13521567980763743
171,1,Florescent,ridge,full_1fcs,1.0,0.9400000000000001,0.19054136153715917,0.13521567980763743
171,1,Florescent,ridge,full_mfcs,1.0,0.9400000000000001,0.19054136153715917,0.13521567980763743
171,2,Florescent,ridge,full_ex,1.0,1.12,0.21843237452258119,0.14418839428771013
171,2,Florescent,ridge,full_1fcs,1.0,0.96,0.21843237452258119,0.14418839428771013
171,2,Florescent,ridge,full_mfcs,1.0,1.0,0.21843237452258119,0.14418839428771013
171,3,Florescent,ridge,full_ex,1.0,1.12,0.14421238232893407,0.16054299582750192
171,3,Florescent,ridge,full_1fcs,1.0,0.86,0.14421238232893407,0.16054299582750192
171,3,Florescent,ridge,full_mfcs,1.0,1.08,0.14421238232893407,0.16054299582750192
171,4,Florescent,ridge,full_ex,1.0,1.1400000000000001,0.15237636976911734,0.14615558870184003
171,4,Florescent,ridge,full_1fcs,1.0,0.86,0.15237636976911734,0.14615558870184003
171,4,Florescent,ridge,full_mfcs,1.0,1.18,0.15237636976911734,0.14615558870184003
171,5,Florescent,ridge,full_ex,1.0,1.12,0.15030299945381292,0.13678511308810698
171,5,Florescent,ridge,full_1fcs,1.0,0.92,0.15030299945381292,0.13678511308810698
171,5,Florescent,ridge,full_mfcs,1.0,1.26,0.15030299945381292,0.13678511308810698
172,1,Florescent,ridge,full_ex,1.0,1.06,0.30648103870307447,0.16582384703858652
172,1,Florescent,ridge,full_1fcs,1.0,0.8,0.30648103870307447,0.16582384703858652
172,1,Florescent,ridge,full_mfcs,1.0,0.8,0.30648103870307447,0.16582384703858652
172,2,Florescent,ridge,full_ex,1.0,1.08,0.3162405447891515,0.17393733432765826
172,2,Florescent,ridge,full_1fcs,1.0,1.0,0.3162405447891515,0.17393733432765826
172,2,Florescent,ridge,full_mfcs,1.0,1.08,0.3162405447891515,0.17393733432765826
172,3,Florescent,ridge,full_ex,1.0,0.9,0.17401702397201171,0.14886536938592457
172,3,Florescent,ridge,full_1fcs,1.0,0.86,0.17401702397201171,0.14886536938592457
172,3,Florescent,ridge,full_mfcs,1.0,0.92,0.17401702397201171,0.14886536938592457
172,4,Florescent,ridge,full_ex,1.0,0.86,0.16144471888918166,0.17217712909749594
172,4,Florescent,ridge,full_1fcs,1.0,0.92,0.16144471888918166,0.17217712909749594
172,4,Florescent,ridge,full_mfcs,1.0,0.92,0.16144471888918166,0.17217712909749594
172,5,Florescent,ridge,full_ex,1.0,0.86,0.1650215209157294,0.08833636541083009
172,5,Florescent,ridge,full_1fcs,1.0,0.9400000000000001,0.1650215209157294,0.08833636541083009
172,5,Florescent,ridge,full_mfcs,1.0,0.98,0.1650215209157294,0.08833636541083009
173,1,Florescent,ridge,full_ex,1.0,0.6,0.23435241252814018,0.1940510651233678
173,1,Florescent,ridge,full_1fcs,1.0,1.72,0.23435241252814018,0.1940510651233678
173,1,Florescent,ridge,full_mfcs,1.0,1.72,0.23435241252814018,0.1940510651233678
173,2,Florescent,ridge,full_ex,1.0,0.64,0.17729881283649881,0.1729477129699004
173,2,Florescent,ridge,full_1fcs,1.0,0.74,0.17729881283649881,0.1729477129699004
173,2,Florescent,ridge,full_mfcs,1.0,1.28,0.17729881283649881,0.1729477129699004
173,3,Florescent,ridge,full_ex,1.0,0.56,0.17294933942385513,0.17113257242879906
173,3,Florescent,ridge,full_1fcs,1.0,0.72,0.17294933942385513,0.17113257242879906
173,3,Florescent,ridge,full_mfcs,1.0,1.2,0.17294933942385513,0.17113257242879906
173,4,Florescent,ridge,full_ex,1.0,0.54,0.17204112573663455,0.18181357531324313
173,4,Florescent,ridge,full_1fcs,1.0,1.04,0.17204112573663455,0.18181357531324313
173,4,Florescent,ridge,full_mfcs,1.0,1.34,0.17204112573663455,0.18181357531324313
173,5,Florescent,ridge,full_ex,1.0,0.56,0.1752982029416008,0.1820727619283442
173,5,Florescent,ridge,full_1fcs,1.0,1.28,0.1752982029416008,0.1820727619283442
173,5,Florescent,ridge,full_mfcs,1.0,1.48,0.1752982029416008,0.1820727619283442
174,1,Florescent,ridge,full_ex,1.0,0.72,0.5231517759028596,0.14393265335611802
174,1,Florescent,ridge,full_1fcs,1.0,2.22,0.5231517759028596,0.14393265335611802
174,1,Florescent,ridge,full_mfcs,1.0,2.22,0.5231517759028596,0.14393265335611802
174,2,Florescent,ridge,full_ex,1.0,0.52,0.06915431880076998,0.17114893680370818
174,2,Florescent,ridge,full_1fcs,1.0,0.72,0.06915431880076998,0.17114893680370818
174,2,Florescent,ridge,full_mfcs,1.0,0.72,0.06915431880076998,0.17114893680370818
174,3,Florescent,ridge,full_ex,1.0,0.62,0.17111014819623618,0.15558918574461278
174,3,Florescent,ridge,full_1fcs,1.0,0.62,0.17111014819623618,0.15558918574461278
174,3,Florescent,ridge,full_mfcs,1.0,0.62,0.17111014819623618,0.15558918574461278
174,4,Florescent,ridge,full_ex,1.0,0.6,0.163351142908223,0.17391012183764293
174,4,Florescent,ridge,full_1fcs,1.0,0.6,0.163351142908223,0.17391012183764293
174,4,Florescent,ridge,full_mfcs,1.0,0.6,0.163351142908223,0.17391012183764293
174,5,Florescent,ridge,full_ex,1.0,0.6,0.1668703562614794,0.14697906766555208
174,5,Florescent,ridge,full_1fcs,1.0,0.6,0.1668703562614794,0.14697906766555208
174,5,Florescent,ridge,full_mfcs,1.0,0.6,0.1668703562614794,0.14697906766555208
175,1,Florescent,ridge,full_ex,1.0,0.52,0.11527756140597491,0.1680753014073732
175,1,Florescent,ridge,full_1fcs,1.0,0.68,0.11527756140597491,0.1680753014073732
175,1,Florescent,ridge,full_mfcs,1.0,0.68,0.11527756140597491,0.1680753014073732
175,2,Florescent,ridge,full_ex,1.0,0.52,-0.08192951451192494,0.11296592793901333
175,2,Florescent,ridge,full_1fcs,1.0,0.7000000000000001,-0.08192951451192494,0.11296592793901333
175,2,Florescent,ridge,full_mfcs,1.0,0.7000000000000001,-0.08192951451192494,0.11296592793901333
175,3,Florescent,ridge,full_ex,1.0,0.6,0.11288287711072695,0.11673003750265123
175,3,Florescent,ridge,full_1fcs,1.0,0.8200000000000001,0.11288287711072695,0.11673003750265123
175,3,Florescent,ridge,full_mfcs,1.0,0.8200000000000001,0.11288287711072695,0.11673003750265123
175,4,Florescent,ridge,full_ex,1.0,0.6,0.11480604737199898,0.0893413500580266
175,4,Florescent,ridge,full_1fcs,1.0,0.78,0.11480604737199898,0.0893413500580266
175,4,Florescent,ridge,full_mfcs,1.0,0.78,0.11480604737199898,0.0893413500580266
175,5,Florescent,ridge,full_ex,1.0,0.58,0.10631902097425788,0.12757683961029556
175,5,Florescent,ridge,full_1fcs,1.0,0.74,0.10631902097425788,0.12757683961029556
175,5,Florescent,ridge,full_mfcs,1.0,0.74,0.10631902097425788,0.12757683961029556
176,1,Florescent,ridge,full_ex,1.0,0.6,-0.08818413366328381,0.16149678553301194
176,1,Florescent,ridge,full_1fcs,1.0,0.5,-0.08818413366328381,0.16149678553301194
176,1,Florescent,ridge,full_mfcs,1.0,0.5,-0.08818413366328381,0.16149678553301194
176,2,Florescent,ridge,full_ex,1.0,0.74,0.18237136258314887,0.13034835582045967
176,2,Florescent,ridge,full_1fcs,1.0,0.7000000000000001,0.18237136258314887,0.13034835582045967
176,2,Florescent,ridge,full_mfcs,1.0,0.7000000000000001,0.18237136258314887,0.13034835582045967
176,3,Florescent,ridge,full_ex,1.0,0.74,0.13036526347046432,0.11778921028827286
176,3,Florescent,ridge,full_1fcs,1.0,0.62,0.13036526347046432,0.11778921028827286
176,3,Florescent,ridge,full_mfcs,1.0,0.62,0.13036526347046432,0.11778921028827286
176,4,Florescent,ridge,full_ex,1.0,0.74,0.12407825885978717,0.12163719200079304
176,4,Florescent,ridge,full_1fcs,1.0,0.62,0.12407825885978717,0.12163719200079304
176,4,Florescent,ridge,full_mfcs,1.0,0.62,0.12407825885978717,0.12163719200079304
176,5,Florescent,ridge,full_ex,1.0,0.76,0.12326465807628001,0.1093445719683391
176,5,Florescent,ridge,full_1fcs,1.0,0.62,0.12326465807628001,0.1093445719683391
176,5,Florescent,ridge,full_mfcs,1.0,0.62,0.12326465807628001,0.1093445719683391
177,1,Florescent,ridge,full_ex,1.0,0.86,0.5086902505691311,0.2996327045754218
177,1,Florescent,ridge,full_1fcs,1.0,1.3800000000000001,0.5086902505691311,0.2996327045754218
177,1,Florescent,ridge,full_mfcs,1.0,1.3800000000000001,0.5086902505691311,0.2996327045754218
177,2,Florescent,ridge,full_ex,1.0,0.54,0.09977245390121914,0.22805921824325298
177,2,Florescent,ridge,full_1fcs,1.0,0.54,0.09977245390121914,0.22805921824325298
177,2,Florescent,ridge,full_mfcs,1.0,0.64,0.09977245390121914,0.22805921824325298
177,3,Florescent,ridge,full_ex,1.0,0.66,0.22800459755847877,0.21026086248325784
177,3,Florescent,ridge,full_1fcs,1.0,0.66,0.22800459755847877,0.21026086248325784
177,3,Florescent,ridge,full_mfcs,1.0,0.7000000000000001,0.22800459755847877,0.21026086248325784
177,4,Florescent,ridge,full_ex,1.0,0.66,0.21913461911222515,0.1734529077088125
177,4,Florescent,ridge,full_1fcs,1.0,0.66,0.21913461911222515,0.1734529077088125
177,4,Florescent,ridge,full_mfcs,1.0,0.92,0.21913461911222515,0.1734529077088125
177,5,Florescent,ridge,full_ex,1.0,0.66,0.20390954369316258,0.18917988447284
177,5,Florescent,ridge,full_1fcs,1.0,0.66,0.20390954369316258,0.18917988447284
177,5,Florescent,ridge,full_mfcs,1.0,1.2,0.20390954369316258,0.18917988447284
178,1,Florescent,ridge,full_ex,1.0,0.9400000000000001,0.3194510100210709,0.12706663967626508
178,1,Florescent,ridge,full_1fcs,1.0,1.5,0.3194510100210709,0.12706663967626508
178,1,Florescent,ridge,full_mfcs,1.0,1.5,0.3194510100210709,0.12706663967626508
178,2,Florescent,ridge,full_ex,1.0,0.84,0.312823093628225,0.06365676541295377
178,2,Florescent,ridge,full_1fcs,1.0,0.9400000000000001,0.312823093628225,0.06365676541295377
178,2,Florescent,ridge,full_mfcs,1.0,1.32,0.312823093628225,0.06365676541295377
178,3,Florescent,ridge,full_ex,1.0,0.68,0.063705579838337,0.040034974601797765
178,3,Florescent,ridge,full_1fcs,1.0,0.72,0.063705579838337,0.040034974601797765
178,3,Florescent,ridge,full_mfcs,1.0,0.88,0.063705579838337,0.040034974601797765
178,4,Florescent,ridge,full_ex,1.0,0.68,0.05187143666584702,0.03933939360118602
178,4,Florescent,ridge,full_1fcs,1.0,0.84,0.05187143666584702,0.03933939360118602
178,4,Florescent,ridge,full_mfcs,1.0,0.84,0.05187143666584702,0.03933939360118602
178,5,Florescent,ridge,full_ex,1.0,0.68,0.04769436181140618,0.03638924454330207
178,5,Florescent,ridge,full_1fcs,1.0,0.84,0.04769436181140618,0.03638924454330207
178,5,Florescent,ridge,full_mfcs,1.0,0.84,0.04769436181140618,0.03638924454330207
179,1,Florescent,ridge,full_ex,1.0,0.72,0.2140168086533429,0.47306028610342266
179,1,Florescent,ridge,full_1fcs,1.0,1.0,0.2140168086533429,0.47306028610342266
179,1,Florescent,ridge,full_mfcs,1.0,1.0,0.2140168086533429,0.47306028610342266
179,2,Florescent,ridge,full_ex,1.0,0.7000000000000001,0.22311653474789112,0.14268468449762525
179,2,Florescent,ridge,full_1fcs,1.0,0.8200000000000001,0.22311653474789112,0.14268468449762525
179,2,Florescent,ridge,full_mfcs,1.0,1.3,0.22311653474789112,0.14268468449762525
179,3,Florescent,ridge,full_ex,1.0,0.62,0.14269935186033494,0.15922188455639882
179,3,Florescent,ridge,full_1fcs,1.0,0.62,0.14269935186033494,0.15922188455639882
179,3,Florescent,ridge,full_mfcs,1.0,0.62,0.14269935186033494,0.15922188455639882
179,4,Florescent,ridge,full_ex,1.0,0.64,0.15095986488770813,0.14945915091102077
179,4,Florescent,ridge,full_1fcs,1.0,0.64,0.15095986488770813,0.14945915091102077
179,4,Florescent,ridge,full_mfcs,1.0,0.64,0.15095986488770813,0.14945915091102077
179,5,Florescent,ridge,full_ex,1.0,0.64,0.150459657306579,0.11482810955351241
179,5,Florescent,ridge,full_1fcs,1.0,0.64,0.150459657306579,0.11482810955351241
179,5,Florescent,ridge,full_mfcs,1.0,0.64,0.150459657306579,0.11482810955351241
180,1,Florescent,ridge,full_ex,1.0,0.74,0.2541686866386304,0.2898116487031754
180,1,Florescent,ridge,full_1fcs,1.0,0.96,0.2541686866386304,0.2898116487031754
180,1,Florescent,ridge,full_mfcs,1.0,0.96,0.2541686866386304,0.2898116487031754
180,2,Florescent,ridge,full_ex,1.0,0.8,0.35996659012554916,0.24972873831019526
180,2,Florescent,ridge,full_1fcs,1.0,1.98,0.35996659012554916,0.24972873831019526
180,2,Florescent,ridge,full_mfcs,1.0,2.12,0.35996659012554916,0.24972873831019526
180,3,Florescent,ridge,full_ex,1.0,0.68,0.24974859604116534,0.1707991219555289
180,3,Florescent,ridge,full_1fcs,1.0,0.68,0.24974859604116534,0.1707991219555289
180,3,Florescent,ridge,full_mfcs,1.0,1.54,0.24974859604116534,0.1707991219555289
180,4,Florescent,ridge,full_ex,1.0,0.66,0.2102774147161623,0.1993421769720647
180,4,Florescent,ridge,full_1fcs,1.0,0.84,0.2102774147161623,0.1993421769720647
180,4,Florescent,ridge,full_mfcs,1.0,1.1,0.2102774147161623,0.1993421769720647
180,5,Florescent,ridge,full_ex,1.0,0.66,0.20663255436264122,0.25922995056262
180,5,Florescent,ridge,full_1fcs,1.0,1.0,0.20663255436264122,0.25922995056262
180,5,Florescent,ridge,full_mfcs,1.0,1.54,0.20663255436264122,0.25922995056262
181,1,Florescent,ridge,full_ex,1.0,0.84,0.3599713625951933,0.21502930921024044
181,1,Florescent,ridge,full_1fcs,1.0,1.34,0.3599713625951933,0.21502930921024044
181,1,Florescent,ridge,full_mfcs,1.0,1.34,0.3599713625951933,0.21502930921024044
181,2,Florescent,ridge,full_ex,1.0,0.62,0.26862320234882764,0.305625736852913
181,2,Florescent,ridge,full_1fcs,1.0,1.22,0.26862320234882764,0.305625736852913
181,2,Florescent,ridge,full_mfcs,1.0,1.4000000000000001,0.26862320234882764,0.305625736852913
181,3,Florescent,ridge,full_ex,1.0,0.68,0.3056076111428095,0.1427923668532202
181,3,Florescent,ridge,full_1fcs,1.0,1.12,0.3056076111428095,0.1427923668532202
181,3,Florescent,ridge,full_mfcs,1.0,1.52,0.3056076111428095,0.1427923668532202
181,4,Florescent,ridge,full_ex,1.0,0.64,0.22421993266518156,0.4128616769484583
181,4,Florescent,ridge,full_1fcs,1.0,1.5,0.22421993266518156,0.4128616769484583
181,4,Florescent,ridge,full_mfcs,1.0,1.5,0.22421993266518156,0.4128616769484583
181,5,Florescent,ridge,full_ex,1.0,0.7000000000000001,0.28709024337746525,0.13410804309834762
181,5,Florescent,ridge,full_1fcs,1.0,1.58,0.28709024337746525,0.13410804309834762
181,5,Florescent,ridge,full_mfcs,1.0,1.58,0.28709024337746525,0.13410804309834762
182,1,Florescent,ridge,full_ex,0.0,1.04,0.489105496969904,1.4276889078701345
182,1,Florescent,ridge,full_1fcs,1.0,1.84,0.489105496969904,1.4276889078701345
182,1,Florescent,ridge,full_mfcs,1.0,1.84,0.489105496969904,1.4276889078701345
182,2,Florescent,ridge,full_ex,1.0,1.52,1.2221398651324793,0.8102286470514446
182,2,Florescent,ridge,full_1fcs,1.0,2.22,1.2221398651324793,0.8102286470514446
182,2,Florescent,ridge,full_mfcs,1.0,2.22,1.2221398651324793,0.8102286470514446
182,3,Florescent,ridge,full_ex,1.0,1.6,0.810362147991471,0.6685306453900581
182,3,Florescent,ridge,full_1fcs,1.0,1.6400000000000001,0.810362147991471,0.6685306453900581
182,3,Florescent,ridge,full_mfcs,1.0,1.6400000000000001,0.810362147991471,0.6685306453900581
182,4,Florescent,ridge,full_ex,1.0,1.4000000000000001,0.7394578904959741,0.7171712289789819
182,4,Florescent,ridge,full_1fcs,1.0,1.3800000000000001,0.7394578904959741,0.7171712289789819
182,4,Florescent,ridge,full_mfcs,1.0,1.28,0.7394578904959741,0.7171712289789819
182,5,Florescent,ridge,full_ex,1.0,1.4000000000000001,0.7320298060666762,0.6090158803150204
182,5,Florescent,ridge,full_1fcs,1.0,1.4000000000000001,0.7320298060666762,0.6090158803150204
182,5,Florescent,ridge,full_mfcs,1.0,1.4000000000000001,0.7320298060666762,0.6090158803150204
183,1,Florescent,ridge,full_ex,1.0,0.54,0.03213347041944563,0.17619009029042484
183,1,Florescent,ridge,full_1fcs,1.0,0.54,0.03213347041944563,0.17619009029042484
183,1,Florescent,ridge,full_mfcs,1.0,0.54,0.03213347041944563,0.17619009029042484
183,2,Florescent,ridge,full_ex,1.0,0.6,0.14565179832086522,0.08037908738012858
183,2,Florescent,ridge,full_1fcs,1.0,0.76,0.14565179832086522,0.08037908738012858
183,2,Florescent,ridge,full_mfcs,1.0,1.06,0.14565179832086522,0.08037908738012858
183,3,Florescent,ridge,full_ex,1.0,0.54,0.08038998759288314,0.0819677962683791
183,3,Florescent,ridge,full_1fcs,1.0,0.48,0.08038998759288314,0.0819677962683791
183,3,Florescent,ridge,full_mfcs,1.0,0.48,0.08038998759288314,0.0819677962683791
183,4,Florescent,ridge,full_ex,1.0,0.54,0.08117882605388427,0.0822867392681886
183,4,Florescent,ridge,full_1fcs,1.0,0.48,0.08117882605388427,0.0822867392681886
183,4,Florescent,ridge,full_mfcs,1.0,0.54,0.08117882605388427,0.0822867392681886
183,5,Florescent,ridge,full_ex,1.0,0.54,0.08154810989926198,0.08359765959601123
183,5,Florescent,ridge,full_1fcs,1.0,0.46,0.08154810989926198,0.08359765959601123
183,5,Florescent,ridge,full_mfcs,1.0,0.54,0.08154810989926198,0.08359765959601123
184,1,Florescent,ridge,full_ex,1.0,0.58,-0.15796197823202343,0.16882351737328521
184,1,Florescent,ridge,full_1fcs,1.0,0.58,-0.15796197823202343,0.16882351737328521
184,1,Florescent,ridge,full_mfcs,1.0,0.58,-0.15796197823202343,0.16882351737328521
184,2,Florescent,ridge,full_ex,1.0,1.3,0.17078345301921807,0.1745876823611165
184,2,Florescent,ridge,full_1fcs,1.0,1.5,0.17078345301921807,0.1745876823611165
184,2,Florescent,ridge,full_mfcs,1.0,1.5,0.17078345301921807,0.1745876823611165
184,3,Florescent,ridge,full_ex,1.0,0.9400000000000001,0.17458611770794313,0.139526306723154
184,3,Florescent,ridge,full_1fcs,1.0,0.9400000000000001,0.17458611770794313,0.139526306723154
184,3,Florescent,ridge,full_mfcs,1.0,1.1,0.17458611770794313,0.139526306723154
184,4,Florescent,ridge,full_ex,1.0,0.88,0.15705981792248894,0.14492914489814493
184,4,Florescent,ridge,full_1fcs,1.0,1.3,0.15705981792248894,0.14492914489814493
184,4,Florescent,ridge,full_mfcs,1.0,1.32,0.15705981792248894,0.14492914489814493
184,5,Florescent,ridge,full_ex,1.0,0.84,0.15301681476293064,0.12778021220121863
184,5,Florescent,ridge,full_1fcs,1.0,1.32,0.15301681476293064,0.12778021220121863
184,5,Florescent,ridge,full_mfcs,1.0,1.32,0.15301681476293064,0.12778021220121863
185,1,Florescent,ridge,full_ex,1.0,0.64,-0.040042362244335106,0.06811532820825034
185,1,Florescent,ridge,full_1fcs,1.0,0.8,-0.040042362244335106,0.06811532820825034
185,1,Florescent,ridge,full_mfcs,1.0,0.8,-0.040042362244335106,0.06811532820825034
185,2,Florescent,ridge,full_ex,1.0,0.64,-0.020303301244031513,0.04938369804685078
185,2,Florescent,ridge,full_1fcs,1.0,0.88,-0.020303301244031513,0.04938369804685078
185,2,Florescent,ridge,full_mfcs,1.0,1.02,-0.020303301244031513,0.04938369804685078
185,3,Florescent,ridge,full_ex,1.0,0.7000000000000001,0.04937212808250577,0.056016311528345186
185,3,Florescent,ridge,full_1fcs,1.0,0.9,0.04937212808250577,0.056016311528345186
185,3,Florescent,ridge,full_mfcs,1.0,0.9,0.04937212808250577,0.056016311528345186
185,4,Florescent,ridge,full_ex,1.0,0.72,0.05269394400318497,0.04302143693052881
185,4,Florescent,ridge,full_1fcs,1.0,0.88,0.05269394400318497,0.04302143693052881
185,4,Florescent,ridge,full_mfcs,1.0,0.88,0.05269394400318497,0.04302143693052881
185,5,Florescent,ridge,full_ex,1.0,0.7000000000000001,0.04946995343267125,0.056544764182020375
185,5,Florescent,ridge,full_1fcs,1.0,0.88,0.04946995343267125,0.056544764182020375
185,5,Florescent,ridge,full_mfcs,1.0,0.88,0.04946995343267125,0.056544764182020375
186,1,Florescent,ridge,full_ex,1.0,0.84,0.3109740517137313,0.17281707284400066
186,1,Florescent,ridge,full_1fcs,1.0,1.16,0.3109740517137313,0.17281707284400066
186,1,Florescent,ridge,full_mfcs,1.0,1.16,0.3109740517137313,0.17281707284400066
186,2,Florescent,ridge,full_ex,1.0,0.8200000000000001,0.28531667699879865,0.21242054572142066
186,2,Florescent,ridge,full_1fcs,1.0,0.84,0.28531667699879865,0.21242054572142066
186,2,Florescent,ridge,full_mfcs,1.0,1.18,0.28531667699879865,0.21242054572142066
186,3,Florescent,ridge,full_ex,1.0,0.74,0.21243595443866775,0.1943303796014334
186,3,Florescent,ridge,full_1fcs,1.0,0.74,0.21243595443866775,0.1943303796014334
186,3,Florescent,ridge,full_mfcs,1.0,0.74,0.21243595443866775,0.1943303796014334
186,4,Florescent,ridge,full_ex,1.0,0.72,0.203384123906608,0.11042923603662672
186,4,Florescent,ridge,full_1fcs,1.0,0.72,0.203384123906608,0.11042923603662672
186,4,Florescent,ridge,full_mfcs,1.0,0.72,0.203384123906608,0.11042923603662672
186,5,Florescent,ridge,full_ex,1.0,0.68,0.17240134478210925,0.22968131755361218
186,5,Florescent,ridge,full_1fcs,1.0,0.68,0.17240134478210925,0.22968131755361218
186,5,Florescent,ridge,full_mfcs,1.0,0.68,0.17240134478210925,0.22968131755361218
187,1,Florescent,ridge,full_ex,1.0,0.42,0.13514171182648546,0.07670702739662542
187,1,Florescent,ridge,full_1fcs,1.0,0.78,0.13514171182648546,0.07670702739662542
187,1,Florescent,ridge,full_mfcs,1.0,0.78,0.13514171182648546,0.07670702739662542
187,2,Florescent,ridge,full_ex,1.0,0.56,0.3051458128172028,0.08916668280593965
187,2,Florescent,ridge,full_1fcs,1.0,0.96,0.3051458128172028,0.08916668280593965
187,2,Florescent,ridge,full_mfcs,1.0,1.44,0.3051458128172028,0.08916668280593965
187,3,Florescent,ridge,full_ex,1.0,0.4,0.08920741274762867,0.08064869255677752
187,3,Florescent,ridge,full_1fcs,1.0,0.4,0.08920741274762867,0.08064869255677752
187,3,Florescent,ridge,full_mfcs,1.0,0.54,0.08920741274762867,0.08064869255677752
187,4,Florescent,ridge,full_ex,1.0,0.38,0.08492845619757101,0.08013511060169402
187,4,Florescent,ridge,full_1fcs,1.0,0.38,0.08492845619757101,0.08013511060169402
187,4,Florescent,ridge,full_mfcs,1.0,0.38,0.08492845619757101,0.08013511060169402
187,5,Florescent,ridge,full_ex,1.0,0.38,0.0833307747830214,0.07259989337838921
187,5,Florescent,ridge,full_1fcs,1.0,0.38,0.0833307747830214,0.07259989337838921
187,5,Florescent,ridge,full_mfcs,1.0,0.38,0.0833307747830214,0.07259989337838921
188,1,Florescent,ridge,full_ex,1.0,1.34,0.6520839227053383,0.8446948799851028
188,1,Florescent,ridge,full_1fcs,1.0,1.74,0.6520839227053383,0.8446948799851028
188,1,Florescent,ridge,full_mfcs,1.0,1.74,0.6520839227053383,0.8446948799851028
188,2,Florescent,ridge,full_ex,1.0,1.26,0.6211686971991932,0.6718707597713393
188,2,Florescent,ridge,full_1fcs,1.0,1.4000000000000001,0.6211686971991932,0.6718707597713393
188,2,Florescent,ridge,full_mfcs,1.0,1.6,0.6211686971991932,0.6718707597713393
188,3,Florescent,ridge,full_ex,1.0,1.3800000000000001,0.6718618149672317,0.7447795789575922
188,3,Florescent,ridge,full_1fcs,1.0,1.18,0.6718618149672317,0.7447795789575922
188,3,Florescent,ridge,full_mfcs,1.0,1.3800000000000001,0.6718618149672317,0.7447795789575922
188,4,Florescent,ridge,full_ex,1.0,1.44,0.7083174806618993,0.7016436161262186
188,4,Florescent,ridge,full_1fcs,1.0,1.44,0.7083174806618993,0.7016436161262186
188,4,Florescent,ridge,full_mfcs,1.0,1.26,0.7083174806618993,0.7016436161262186
188,5,Florescent,ridge,full_ex,1.0,1.44,0.7060929899891322,0.7269251891298357
188,5,Florescent,ridge,full_1fcs,1.0,1.44,0.7060929899891322,0.7269251891298357
188,5,Florescent,ridge,full_mfcs,1.0,1.44,0.7060929899891322,0.7269251891298357
189,1,Florescent,ridge,full_ex,1.0,1.08,0.4287741363016019,0.06409272877352006
189,1,Florescent,ridge,full_1fcs,1.0,2.22,0.4287741363016019,0.06409272877352006
189,1,Florescent,ridge,full_mfcs,1.0,2.22,0.4287741363016019,0.06409272877352006
189,2,Florescent,ridge,full_ex,1.0,1.02,0.3693946188872479,0.12762538253637126
189,2,Florescent,ridge,full_1fcs,1.0,1.42,0.3693946188872479,0.12762538253637126
189,2,Florescent,ridge,full_mfcs,1.0,1.42,0.3693946188872479,0.12762538253637126
189,3,Florescent,ridge,full_ex,1.0,0.78,0.12770546029686075,0.12403481154203674
189,3,Florescent,ridge,full_1fcs,1.0,0.7000000000000001,0.12770546029686075,0.12403481154203674
189,3,Florescent,ridge,full_mfcs,1.0,0.9,0.12770546029686075,0.12403481154203674
189,4,Florescent,ridge,full_ex,1.0,0.76,0.1258704399130056,0.0975346373654733
189,4,Florescent,ridge,full_1fcs,1.0,0.76,0.1258704399130056,0.0975346373654733
189,4,Florescent,ridge,full_mfcs,1.0,0.84,0.1258704399130056,0.0975346373654733
189,5,Florescent,ridge,full_ex,1.0,0.76,0.11642621543531288,0.135219383508661
189,5,Florescent,ridge,full_1fcs,1.0,0.76,0.11642621543531288,0.135219383508661
189,5,Florescent,ridge,full_mfcs,1.0,0.9400000000000001,0.11642621543531288,0.135219383508661
190,1,Florescent,ridge,full_ex,1.0,0.96,0.06201682627334343,0.16525409737399377
190,1,Florescent,ridge,full_1fcs,1.0,0.76,0.06201682627334343,0.16525409737399377
190,1,Florescent,ridge,full_mfcs,1.0,0.76,0.06201682627334343,0.16525409737399377
190,2,Florescent,ridge,full_ex,1.0,1.06,0.2448695651981882,0.1745187014827414
190,2,Florescent,ridge,full_1fcs,1.0,1.06,0.2448695651981882,0.1745187014827414
190,2,Florescent,ridge,full_mfcs,1.0,1.12,0.2448695651981882,0.1745187014827414
190,3,Florescent,ridge,full_ex,1.0,0.98,0.1745377981333316,0.17757378778743416
190,3,Florescent,ridge,full_1fcs,1.0,0.86,0.1745377981333316,0.17757378778743416
190,3,Florescent,ridge,full_mfcs,1.0,0.86,0.1745377981333316,0.17757378778743416
190,4,Florescent,ridge,full_ex,1.0,1.02,0.17605558690472245,0.19526468082550788
190,4,Florescent,ridge,full_1fcs,1.0,0.86,0.17605558690472245,0.19526468082550788
190,4,Florescent,ridge,full_mfcs,1.0,0.86,0.17605558690472245,0.19526468082550788
190,5,Florescent,ridge,full_ex,1.0,1.04,0.18245803874096117,0.15236940059198467
190,5,Florescent,ridge,full_1fcs,1.0,0.86,0.18245803874096117,0.15236940059198467
190,5,Florescent,ridge,full_mfcs,1.0,0.86,0.18245803874096117,0.15236940059198467
191,1,Florescent,ridge,full_ex,1.0,0.74,0.20791586798744202,0.09648119466457945
191,1,Florescent,ridge,full_1fcs,1.0,1.2,0.20791586798744202,0.09648119466457945
191,1,Florescent,ridge,full_mfcs,1.0,1.2,0.20791586798744202,0.09648119466457945
191,2,Florescent,ridge,full_ex,1.0,0.76,0.21963136137447226,0.021359798027882848
191,2,Florescent,ridge,full_1fcs,1.0,0.98,0.21963136137447226,0.021359798027882848
191,2,Florescent,ridge,full_mfcs,1.0,1.22,0.21963136137447226,0.021359798027882848
191,3,Florescent,ridge,full_ex,1.0,0.66,0.02141947644661945,0.035004235808958326
191,3,Florescent,ridge,full_1fcs,1.0,0.8200000000000001,0.02141947644661945,0.035004235808958326
191,3,Florescent,ridge,full_mfcs,1.0,0.8200000000000001,0.02141947644661945,0.035004235808958326
191,4,Florescent,ridge,full_ex,1.0,0.68,0.02821083374313595,0.027570019935260044
191,4,Florescent,ridge,full_1fcs,1.0,0.84,0.02821083374313595,0.027570019935260044
191,4,Florescent,ridge,full_mfcs,1.0,0.84,0.02821083374313595,0.027570019935260044
191,5,Florescent,ridge,full_ex,1.0,0.68,0.027997250575834794,0.0318071494889139
191,5,Florescent,ridge,full_1fcs,1.0,0.84,0.027997250575834794,0.0318071494889139
191,5,Florescent,ridge,full_mfcs,1.0,0.84,0.027997250575834794,0.0318071494889139
192,1,Florescent,ridge,full_ex,1.0,0.54,0.08685298429219726,0.09403971342826084
192,1,Florescent,ridge,full_1fcs,1.0,0.64,0.08685298429219726,0.09403971342826084
192,1,Florescent,ridge,full_mfcs,1.0,0.64,0.08685298429219726,0.09403971342826084
192,2,Florescent,ridge,full_ex,1.0,0.66,0.21228856504691387,0.08969537424363551
192,2,Florescent,ridge,full_1fcs,1.0,0.72,0.21228856504691387,0.08969537424363551
192,2,Florescent,ridge,full_mfcs,1.0,0.86,0.21228856504691387,0.08969537424363551
192,3,Florescent,ridge,full_ex,1.0,0.5,0.08972916428975122,0.06318601118875897
192,3,Florescent,ridge,full_1fcs,1.0,0.6,0.08972916428975122,0.06318601118875897
192,3,Florescent,ridge,full_mfcs,1.0,0.6,0.08972916428975122,0.06318601118875897
192,4,Florescent,ridge,full_ex,1.0,0.48,0.07645941699687668,0.05802794921807253
192,4,Florescent,ridge,full_1fcs,1.0,0.6,0.07645941699687668,0.05802794921807253
192,4,Florescent,ridge,full_mfcs,1.0,0.6,0.07645941699687668,0.05802794921807253
192,5,Florescent,ridge,full_ex,1.0,0.48,0.07031615897738341,0.08991230643181758
192,5,Florescent,ridge,full_1fcs,1.0,0.6,0.07031615897738341,0.08991230643181758
192,5,Florescent,ridge,full_mfcs,1.0,0.6,0.07031615897738341,0.08991230643181758
193,1,Florescent,ridge,full_ex,1.0,0.8200000000000001,0.3708005565328345,0.1607721913825571
193,1,Florescent,ridge,full_1fcs,1.0,1.8,0.3708005565328345,0.1607721913825571
193,1,Florescent,ridge,full_mfcs,1.0,1.8,0.3708005565328345,0.1607721913825571
193,2,Florescent,ridge,full_ex,1.0,0.92,0.364382427958656,0.04547839559646903
193,2,Florescent,ridge,full_1fcs,1.0,0.92,0.364382427958656,0.04547839559646903
193,2,Florescent,ridge,full_mfcs,1.0,0.92,0.364382427958656,0.04547839559646903
193,3,Florescent,ridge,full_ex,1.0,0.7000000000000001,0.04555395321599343,0.04834594931666912
193,3,Florescent,ridge,full_1fcs,1.0,0.7000000000000001,0.04555395321599343,0.04834594931666912
193,3,Florescent,ridge,full_mfcs,1.0,0.86,0.04555395321599343,0.04834594931666912
193,4,Florescent,ridge,full_ex,1.0,0.52,0.04694978587079683,0.040681340049185125
193,4,Florescent,ridge,full_1fcs,1.0,0.52,0.04694978587079683,0.040681340049185125
193,4,Florescent,ridge,full_mfcs,1.0,0.9400000000000001,0.04694978587079683,0.040681340049185125
193,5,Florescent,ridge,full_ex,1.0,0.52,0.04486046897589564,0.19784499131070446
193,5,Florescent,ridge,full_1fcs,1.0,0.58,0.04486046897589564,0.19784499131070446
193,5,Florescent,ridge,full_mfcs,1.0,1.16,0.04486046897589564,0.19784499131070446
194,1,Florescent,ridge,full_ex,1.0,1.02,0.36880238575607,0.1295137487852239
194,1,Florescent,ridge,full_1fcs,1.0,1.56,0.36880238575607,0.1295137487852239
194,1,Florescent,ridge,full_mfcs,1.0,1.56,0.36880238575607,0.1295137487852239
194,2,Florescent,ridge,full_ex,1.0,0.86,0.1648876092818979,0.1607699224091786
194,2,Florescent,ridge,full_1fcs,1.0,0.86,0.1648876092818979,0.1607699224091786
194,2,Florescent,ridge,full_mfcs,1.0,0.86,0.1648876092818979,0.1607699224091786
194,3,Florescent,ridge,full_ex,1.0,0.92,0.16077111339039105,0.06328184751206074
194,3,Florescent,ridge,full_1fcs,1.0,0.8,0.16077111339039105,0.06328184751206074
194,3,Florescent,ridge,full_mfcs,1.0,0.8,0.16077111339039105,0.06328184751206074
194,4,Florescent,ridge,full_ex,1.0,0.86,0.11203353081087052,0.20000589677253044
194,4,Florescent,ridge,full_1fcs,1.0,0.72,0.11203353081087052,0.20000589677253044
194,4,Florescent,ridge,full_mfcs,1.0,0.86,0.11203353081087052,0.20000589677253044
194,5,Florescent,ridge,full_ex,1.0,0.9,0.14135482505999614,0.06864196251555046
194,5,Florescent,ridge,full_1fcs,1.0,0.74,0.14135482505999614,0.06864196251555046
194,5,Florescent,ridge,full_mfcs,1.0,0.9,0.14135482505999614,0.06864196251555046
195,1,Florescent,ridge,full_ex,1.0,0.46,0.10636692316709648,0.173255293858023
195,1,Florescent,ridge,full_1fcs,1.0,1.16,0.10636692316709648,0.173255293858023
195,1,Florescent,ridge,full_mfcs,1.0,1.16,0.10636692316709648,0.173255293858023
195,2,Florescent,ridge,full_ex,1.0,0.64,0.27665839361690925,0.1542581769268568
195,2,Florescent,ridge,full_1fcs,1.0,1.56,0.27665839361690925,0.1542581769268568
195,2,Florescent,ridge,full_mfcs,1.0,1.8,0.27665839361690925,0.1542581769268568
195,3,Florescent,ridge,full_ex,1.0,0.5,0.15427687309348134,0.29066429065572463
195,3,Florescent,ridge,full_1fcs,1.0,0.8,0.15427687309348134,0.29066429065572463
195,3,Florescent,ridge,full_mfcs,1.0,0.8,0.15427687309348134,0.29066429065572463
195,4,Florescent,ridge,full_ex,1.0,0.56,0.22246537331165325,0.2555421139120877
195,4,Florescent,ridge,full_1fcs,1.0,0.86,0.22246537331165325,0.2555421139120877
195,4,Florescent,ridge,full_mfcs,1.0,0.86,0.22246537331165325,0.2555421139120877
195,5,Florescent,ridge,full_ex,1.0,0.58,0.23349039208387193,0.12849798384609018
195,5,Florescent,ridge,full_1fcs,1.0,0.88,0.23349039208387193,0.12849798384609018
195,5,Florescent,ridge,full_mfcs,1.0,0.88,0.23349039208387193,0.12849798384609018
196,1,Florescent,ridge,full_ex,1.0,0.7000000000000001,0.10958893638590947,0.0747481463810841
196,1,Florescent,ridge,full_1fcs,1.0,0.84,0.10958893638590947,0.0747481463810841
196,1,Florescent,ridge,full_mfcs,1.0,0.84,0.10958893638590947,0.0747481463810841
196,2,Florescent,ridge,full_ex,1.0,0.8,0.19171696314453884,0.08850318242482864
196,2,Florescent,ridge,full_1fcs,1.0,1.1,0.19171696314453884,0.08850318242482864
196,2,Florescent,ridge,full_mfcs,1.0,1.1,0.19171696314453884,0.08850318242482864
196,3,Florescent,ridge,full_ex,1.0,0.66,0.08852669025973695,0.07984304116265588
196,3,Florescent,ridge,full_1fcs,1.0,0.78,0.08852669025973695,0.07984304116265588
196,3,Florescent,ridge,full_mfcs,1.0,1.08,0.08852669025973695,0.07984304116265588
196,4,Florescent,ridge,full_ex,1.0,0.64,0.08418536021001584,0.09428810749249085
196,4,Florescent,ridge,full_1fcs,1.0,1.12,0.08418536021001584,0.09428810749249085
196,4,Florescent,ridge,full_mfcs,1.0,1.12,0.08418536021001584,0.09428810749249085
196,5,Florescent,ridge,full_ex,1.0,0.64,0.08755268693414293,0.09247256904150539
196,5,Florescent,ridge,full_1fcs,1.0,1.12,0.08755268693414293,0.09247256904150539
196,5,Florescent,ridge,full_mfcs,1.0,1.12,0.08755268693414293,0.09247256904150539
197,1,Florescent,ridge,full_ex,1.0,0.72,0.24032271507171662,0.06928414680347841
197,1,Florescent,ridge,full_1fcs,1.0,1.02,0.24032271507171662,0.06928414680347841
197,1,Florescent,ridge,full_mfcs,1.0,1.02,0.24032271507171662,0.06928414680347841
197,2,Florescent,ridge,full_ex,1.0,0.56,0.028976303265496644,0.13974914006461456
197,2,Florescent,ridge,full_1fcs,1.0,0.46,0.028976303265496644,0.13974914006461456
197,2,Florescent,ridge,full_mfcs,1.0,0.46,0.028976303265496644,0.13974914006461456
197,3,Florescent,ridge,full_ex,1.0,0.64,0.13970460669690543,0.0950715712977694
197,3,Florescent,ridge,full_1fcs,1.0,0.56,0.13970460669690543,0.0950715712977694
197,3,Florescent,ridge,full_mfcs,1.0,0.56,0.13970460669690543,0.0950715712977694
197,4,Florescent,ridge,full_ex,1.0,0.6,0.11739257579018103,0.22401311099591092
197,4,Florescent,ridge,full_1fcs,1.0,0.52,0.11739257579018103,0.22401311099591092
197,4,Florescent,ridge,full_mfcs,1.0,0.52,0.11739257579018103,0.22401311099591092
197,5,Florescent,ridge,full_ex,1.0,0.62,0.15292799024302728,0.1630754931242587
197,5,Florescent,ridge,full_1fcs,1.0,0.54,0.15292799024302728,0.1630754931242587
197,5,Florescent,ridge,full_mfcs,1.0,0.54,0.15292799024302728,0.1630754931242587
198,1,Florescent,ridge,full_ex,1.0,0.66,0.22678475885559116,0.10620604007145662
198,1,Florescent,ridge,full_1fcs,1.0,1.32,0.22678475885559116,0.10620604007145662
198,1,Florescent,ridge,full_mfcs,1.0,1.32,0.22678475885559116,0.10620604007145662
198,2,Florescent,ridge,full_ex,1.0,0.64,0.2356767230675766,0.07851840356347924
198,2,Florescent,ridge,full_1fcs,1.0,0.74,0.2356767230675766,0.07851840356347924
198,2,Florescent,ridge,full_mfcs,1.0,0.74,0.2356767230675766,0.07851840356347924
198,3,Florescent,ridge,full_ex,1.0,0.5,0.07857290868873307,0.08341050023950922
198,3,Florescent,ridge,full_1fcs,1.0,0.66,0.07857290868873307,0.08341050023950922
198,3,Florescent,ridge,full_mfcs,1.0,0.66,0.07857290868873307,0.08341050023950922
198,4,Florescent,ridge,full_ex,1.0,0.5,0.08099128495291442,0.08804789884811605
198,4,Florescent,ridge,full_1fcs,1.0,0.68,0.08099128495291442,0.08804789884811605
198,4,Florescent,ridge,full_mfcs,1.0,0.68,0.08099128495291442,0.08804789884811605
198,5,Florescent,ridge,full_ex,1.0,0.52,0.08334321759381046,0.07842984493139145
198,5,Florescent,ridge,full_1fcs,1.0,0.56,0.08334321759381046,0.07842984493139145
198,5,Florescent,ridge,full_mfcs,1.0,0.7000000000000001,0.08334321759381046,0.07842984493139145
199,1,Florescent,ridge,full_ex,1.0,0.6,-0.05623495701711802,0.09131091999246568
199,1,Florescent,ridge,full_1fcs,1.0,0.4,-0.05623495701711802,0.09131091999246568
199,1,Florescent,ridge,full_mfcs,1.0,0.4,-0.05623495701711802,0.09131091999246568
199,2,Florescent,ridge,full_ex,1.0,0.84,0.20343551285000688,0.06429886523645627
199,2,Florescent,ridge,full_1fcs,1.0,0.72,0.20343551285000688,0.06429886523645627
199,2,Florescent,ridge,full_mfcs,1.0,1.04,0.20343551285000688,0.06429886523645627
199,3,Florescent,ridge,full_ex,1.0,0.72,0.06432275675216714,0.06822747430889735
199,3,Florescent,ridge,full_1fcs,1.0,0.6,0.06432275675216714,0.06822747430889735
199,3,Florescent,ridge,full_mfcs,1.0,0.6,0.06432275675216714,0.06822747430889735
199,4,Florescent,ridge,full_ex,1.0,0.72,0.06627494789526019,0.04478602478955393
199,4,Florescent,ridge,full_1fcs,1.0,0.6,0.06627494789526019,0.04478602478955393
199,4,Florescent,ridge,full_mfcs,1.0,0.6,0.06627494789526019,0.04478602478955393
199,5,Florescent,ridge,full_ex,1.0,0.72,0.05911238356331214,0.08270289354815769
199,5,Florescent,ridge,full_1fcs,1.0,0.6,0.05911238356331214,0.08270289354815769
199,5,Florescent,ridge,full_mfcs,1.0,0.6,0.05911238356331214,0.08270289354815769
200,1,Florescent,ridge,full_ex,1.0,0.64,-0.044555101089732624,0.027203620322596114
200,1,Florescent,ridge,full_1fcs,1.0,0.64,-0.044555101089732624,0.027203620322596114
200,1,Florescent,ridge,full_mfcs,1.0,0.64,-0.044555101089732624,0.027203620322596114
200,2,Florescent,ridge,full_ex,1.0,0.66,0.030398523408909316,0.0480289578543049
200,2,Florescent,ridge,full_1fcs,1.0,0.66,0.030398523408909316,0.0480289578543049
200,2,Florescent,ridge,full_mfcs,1.0,0.9400000000000001,0.030398523408909316,0.0480289578543049
200,3,Florescent,ridge,full_ex,1.0,0.66,0.04802626425900556,0.10026009270459521
200,3,Florescent,ridge,full_1fcs,1.0,0.66,0.04802626425900556,0.10026009270459521
200,3,Florescent,ridge,full_mfcs,1.0,0.66,0.04802626425900556,0.10026009270459521
200,4,Florescent,ridge,full_ex,1.0,0.68,0.07414118324677066,0.13909963822760746
200,4,Florescent,ridge,full_1fcs,1.0,0.68,0.07414118324677066,0.13909963822760746
200,4,Florescent,ridge,full_mfcs,1.0,0.68,0.07414118324677066,0.13909963822760746
200,5,Florescent,ridge,full_ex,1.0,0.7000000000000001,0.09579289874802162,0.13138304275221055
200,5,Florescent,ridge,full_1fcs,1.0,0.7000000000000001,0.09579289874802162,0.13138304275221055
200,5,Florescent,ridge,full_mfcs,1.0,0.7000000000000001,0.09579289874802162,0.13138304275221055
201,1,Florescent,ridge,full_ex,1.0,0.3,0.13205465761125357,0.14633771629405015
201,1,Florescent,ridge,full_1fcs,1.0,0.9400000000000001,0.13205465761125357,0.14633771629405015
201,1,Florescent,ridge,full_mfcs,1.0,0.9400000000000001,0.13205465761125357,0.14633771629405015
201,2,Florescent,ridge,full_ex,1.0,0.28,0.08772553580421437,0.17553244839880297
201,2,Florescent,ridge,full_1fcs,1.0,0.3,0.08772553580421437,0.17553244839880297
201,2,Florescent,ridge,full_mfcs,1.0,0.64,0.08772553580421437,0.17553244839880297
201,3,Florescent,ridge,full_ex,1.0,0.38,0.17550651188288863,0.17645476531347867
201,3,Florescent,ridge,full_1fcs,1.0,0.4,0.17550651188288863,0.17645476531347867
201,3,Florescent,ridge,full_mfcs,1.0,0.4,0.17550651188288863,0.17645476531347867
201,4,Florescent,ridge,full_ex,1.0,0.34,0.1759805685636928,0.17578298773189277
201,4,Florescent,ridge,full_1fcs,1.0,0.38,0.1759805685636928,0.17578298773189277
201,4,Florescent,ridge,full_mfcs,1.0,0.38,0.1759805685636928,0.17578298773189277
201,5,Florescent,ridge,full_ex,1.0,0.34,0.1759147147721997,0.17579273063045578
201,5,Florescent,ridge,full_1fcs,1.0,0.38,0.1759147147721997,0.17579273063045578
201,5,Florescent,ridge,full_mfcs,1.0,0.38,0.1759147147721997,0.17579273063045578
202,1,Florescent,ridge,full_ex,1.0,0.58,0.15105881443006752,0.15900481623830431
202,1,Florescent,ridge,full_1fcs,1.0,0.98,0.15105881443006752,0.15900481623830431
202,1,Florescent,ridge,full_mfcs,1.0,0.98,0.15105881443006752,0.15900481623830431
202,2,Florescent,ridge,full_ex,1.0,0.46,0.07625812066591589,0.1257339196906111
202,2,Florescent,ridge,full_1fcs,1.0,0.54,0.07625812066591589,0.1257339196906111
202,2,Florescent,ridge,full_mfcs,1.0,0.54,0.07625812066591589,0.1257339196906111
202,3,Florescent,ridge,full_ex,1.0,0.54,0.1257204485759772,0.11984889542936161
202,3,Florescent,ridge,full_1fcs,1.0,0.62,0.1257204485759772,0.11984889542936161
202,3,Florescent,ridge,full_mfcs,1.0,0.62,0.1257204485759772,0.11984889542936161
202,4,Florescent,ridge,full_ex,1.0,0.54,0.12278507172934305,0.18671315367559446
202,4,Florescent,ridge,full_1fcs,1.0,0.62,0.12278507172934305,0.18671315367559446
202,4,Florescent,ridge,full_mfcs,1.0,0.62,0.12278507172934305,0.18671315367559446
202,5,Florescent,ridge,full_ex,1.0,0.56,0.14409249801141333,0.2028336538694862
202,5,Florescent,ridge,full_1fcs,1.0,0.64,0.14409249801141333,0.2028336538694862
202,5,Florescent,ridge,full_mfcs,1.0,0.64,0.14409249801141333,0.2028336538694862
203,1,Florescent,ridge,full_ex,1.0,1.0,0.37622996081318244,0.07419889715769266
203,1,Florescent,ridge,full_1fcs,1.0,1.74,0.37622996081318244,0.07419889715769266
203,1,Florescent,ridge,full_mfcs,1.0,1.74,0.37622996081318244,0.07419889715769266
203,2,Florescent,ridge,full_ex,1.0,0.56,-0.022693360371507435,0.0
203,2,Florescent,ridge,full_1fcs,1.0,0.48,-0.022693360371507435,0.0
203,2,Florescent,ridge,full_mfcs,1.0,0.48,-0.022693360371507435,0.0
203,3,Florescent,ridge,full_ex,1.0,0.56,-1.0288284413650841e-05,0.0
203,3,Florescent,ridge,full_1fcs,1.0,0.48,-1.0288284413650841e-05,0.0
203,3,Florescent,ridge,full_mfcs,1.0,0.56,-1.0288284413650841e-05,0.0
203,4,Florescent,ridge,full_ex,1.0,0.56,-5.145307844110249e-06,0.036653549037457746
203,4,Florescent,ridge,full_1fcs,1.0,0.56,-5.145307844110249e-06,0.036653549037457746
203,4,Florescent,ridge,full_mfcs,1.0,0.78,-5.145307844110249e-06,0.036653549037457746
203,5,Florescent,ridge,full_ex,1.0,0.58,0.012212572291010276,0.10139367425571015
203,5,Florescent,ridge,full_1fcs,1.0,0.58,0.012212572291010276,0.10139367425571015
203,5,Florescent,ridge,full_mfcs,1.0,0.8200000000000001,0.012212572291010276,0.10139367425571015
204,1,Florescent,ridge,full_ex,1.0,0.46,0.21387293315600744,0.01312564221858864
204,1,Florescent,ridge,full_1fcs,1.0,1.48,0.21387293315600744,0.01312564221858864
204,1,Florescent,ridge,full_mfcs,1.0,1.48,0.21387293315600744,0.01312564221858864
204,2,Florescent,ridge,full_ex,1.0,0.38,0.09069492545782673,0.033906863754754296
204,2,Florescent,ridge,full_1fcs,1.0,0.54,0.09069492545782673,0.033906863754754296
204,2,Florescent,ridge,full_mfcs,1.0,0.48,0.09069492545782673,0.033906863754754296
204,3,Florescent,ridge,full_ex,1.0,0.28,0.0339262946595997,0.05768472213402296
204,3,Florescent,ridge,full_1fcs,1.0,0.48,0.0339262946595997,0.05768472213402296
204,3,Florescent,ridge,full_mfcs,1.0,0.48,0.0339262946595997,0.05768472213402296
204,4,Florescent,ridge,full_ex,1.0,0.3,0.04580347572216576,0.1688663302937623
204,4,Florescent,ridge,full_1fcs,1.0,0.5,0.04580347572216576,0.1688663302937623
204,4,Florescent,ridge,full_mfcs,1.0,0.5,0.04580347572216576,0.1688663302937623
204,5,Florescent,ridge,full_ex,1.0,0.34,0.08681974752867344,0.02369876540910884
204,5,Florescent,ridge,full_1fcs,1.0,0.54,0.08681974752867344,0.02369876540910884
204,5,Florescent,ridge,full_mfcs,1.0,0.54,0.08681974752867344,0.02369876540910884
205,1,Florescent,ridge,full_ex,1.0,0.42,0.06783498079113963,0.10479949114372898
205,1,Florescent,ridge,full_1fcs,1.0,0.5,0.06783498079113963,0.10479949114372898
205,1,Florescent,ridge,full_mfcs,1.0,0.5,0.06783498079113963,0.10479949114372898
205,2,Florescent,ridge,full_ex,1.0,0.52,0.22941520568535523,0.08326932171034208
205,2,Florescent,ridge,full_1fcs,1.0,0.8,0.22941520568535523,0.08326932171034208
205,2,Florescent,ridge,full_mfcs,1.0,1.32,0.22941520568535523,0.08326932171034208
205,3,Florescent,ridge,full_ex,1.0,0.4,0.0833176737276364,0.09049837684464478
205,3,Florescent,ridge,full_1fcs,1.0,0.52,0.0833176737276364,0.09049837684464478
205,3,Florescent,ridge,full_mfcs,1.0,1.26,0.0833176737276364,0.09049837684464478
205,4,Florescent,ridge,full_ex,1.0,0.4,0.08690743125830425,0.073816133173081
205,4,Florescent,ridge,full_1fcs,1.0,0.78,0.08690743125830425,0.073816133173081
205,4,Florescent,ridge,full_mfcs,1.0,1.1,0.08690743125830425,0.073816133173081
205,5,Florescent,ridge,full_ex,1.0,0.42,0.08254414658286482,0.08499283900193705
205,5,Florescent,ridge,full_1fcs,1.0,0.96,0.08254414658286482,0.08499283900193705
205,5,Florescent,ridge,full_mfcs,1.0,1.3,0.08254414658286482,0.08499283900193705
206,1,Florescent,ridge,full_ex,1.0,0.38,0.08707994181080117,0.027662499646503816
206,1,Florescent,ridge,full_1fcs,1.0,0.46,0.08707994181080117,0.027662499646503816
206,1,Florescent,ridge,full_mfcs,1.0,0.46,0.08707994181080117,0.027662499646503816
206,2,Florescent,ridge,full_ex,1.0,0.48,0.04505007162037928,0.1614197653491275
206,2,Florescent,ridge,full_1fcs,1.0,0.48,0.04505007162037928,0.1614197653491275
206,2,Florescent,ridge,full_mfcs,1.0,0.54,0.04505007162037928,0.1614197653491275
206,3,Florescent,ridge,full_ex,1.0,0.52,0.1613988141039508,0.1731218954733543
206,3,Florescent,ridge,full_1fcs,1.0,0.52,0.1613988141039508,0.1731218954733543
206,3,Florescent,ridge,full_mfcs,1.0,0.54,0.1613988141039508,0.1731218954733543
206,4,Florescent,ridge,full_ex,1.0,0.5,0.16725982708397472,0.18763957250840516
206,4,Florescent,ridge,full_1fcs,1.0,0.5,0.16725982708397472,0.18763957250840516
206,4,Florescent,ridge,full_mfcs,1.0,0.64,0.16725982708397472,0.18763957250840516
206,5,Florescent,ridge,full_ex,1.0,0.48,0.17405266782284726,0.1890286705885868
206,5,Florescent,ridge,full_1fcs,1.0,0.48,0.17405266782284726,0.1890286705885868
206,5,Florescent,ridge,full_mfcs,1.0,0.78,0.17405266782284726,0.1890286705885868
207,1,Florescent,ridge,full_ex,1.0,0.62,0.02244014681246326,0.14046880804669878
207,1,Florescent,ridge,full_1fcs,1.0,0.84,0.02244014681246326,0.14046880804669878
207,1,Florescent,ridge,full_mfcs,1.0,0.84,0.02244014681246326,0.14046880804669878
207,2,Florescent,ridge,full_ex,1.0,0.66,0.11489963116668683,0.09410699552235686
207,2,Florescent,ridge,full_1fcs,1.0,0.92,0.11489963116668683,0.09410699552235686
207,2,Florescent,ridge,full_mfcs,1.0,1.26,0.11489963116668683,0.09410699552235686
207,3,Florescent,ridge,full_ex,1.0,0.66,0.09410988823326899,0.09967591675303966
207,3,Florescent,ridge,full_1fcs,1.0,0.8,0.09410988823326899,0.09967591675303966
207,3,Florescent,ridge,full_mfcs,1.0,0.9400000000000001,0.09410988823326899,0.09967591675303966
207,4,Florescent,ridge,full_ex,1.0,0.66,0.09689270889033076,0.10125199318264015
207,4,Florescent,ridge,full_1fcs,1.0,0.9,0.09689270889033076,0.10125199318264015
207,4,Florescent,ridge,full_mfcs,1.0,0.9,0.09689270889033076,0.10125199318264015
207,5,Florescent,ridge,full_ex,1.0,0.66,0.0983457362616751,0.10526234889629227
207,5,Florescent,ridge,full_1fcs,1.0,0.9,0.0983457362616751,0.10526234889629227
207,5,Florescent,ridge,full_mfcs,1.0,1.24,0.0983457362616751,0.10526234889629227
208,1,Florescent,ridge,full_ex,1.0,0.72,0.18249868743362307,0.08550349994195562
208,1,Florescent,ridge,full_1fcs,1.0,0.76,0.18249868743362307,0.08550349994195562
208,1,Florescent,ridge,full_mfcs,1.0,0.76,0.18249868743362307,0.08550349994195562
208,2,Florescent,ridge,full_ex,1.0,0.68,0.2467148494618275,0.23955484410296685
208,2,Florescent,ridge,full_1fcs,1.0,0.7000000000000001,0.2467148494618275,0.23955484410296685
208,2,Florescent,ridge,full_mfcs,1.0,0.74,0.2467148494618275,0.23955484410296685
208,3,Florescent,ridge,full_ex,1.0,0.72,0.23955760168223,0.13902765190599592
208,3,Florescent,ridge,full_1fcs,1.0,0.84,0.23955760168223,0.13902765190599592
208,3,Florescent,ridge,full_mfcs,1.0,0.84,0.23955760168223,0.13902765190599592
208,4,Florescent,ridge,full_ex,1.0,0.7000000000000001,0.18930230809593765,0.14174872958806184
208,4,Florescent,ridge,full_1fcs,1.0,0.72,0.18930230809593765,0.14174872958806184
208,4,Florescent,ridge,full_mfcs,1.0,0.72,0.18930230809593765,0.14174872958806184
208,5,Florescent,ridge,full_ex,1.0,0.7000000000000001,0.17345315073969148,0.2429092116583299
208,5,Florescent,ridge,full_1fcs,1.0,0.7000000000000001,0.17345315073969148,0.2429092116583299
208,5,Florescent,ridge,full_mfcs,1.0,0.7000000000000001,0.17345315073969148,0.2429092116583299
209,1,Florescent,ridge,full_ex,1.0,0.24,-0.01824970070448501,0.0
209,1,Florescent,ridge,full_1fcs,1.0,0.4,-0.01824970070448501,0.0
209,1,Florescent,ridge,full_mfcs,1.0,0.4,-0.01824970070448501,0.0
209,2,Florescent,ridge,full_ex,0.0,0.4,0.0640514923400475,0.6867851627971473
209,2,Florescent,ridge,full_1fcs,0.0,0.4,0.0640514923400475,0.6867851627971473
209,2,Florescent,ridge,full_mfcs,0.0,0.4,0.0640514923400475,0.6867851627971473
209,3,Florescent,ridge,full_ex,1.0,1.06,0.6865509791753609,0.6503971055329716
209,3,Florescent,ridge,full_1fcs,1.0,1.28,0.6865509791753609,0.6503971055329716
209,3,Florescent,ridge,full_mfcs,1.0,1.54,0.6865509791753609,0.6503971055329716
209,4,Florescent,ridge,full_ex,1.0,0.9,0.6684774419782125,0.6638669602414811
209,4,Florescent,ridge,full_1fcs,1.0,1.34,0.6684774419782125,0.6638669602414811
209,4,Florescent,ridge,full_mfcs,1.0,1.1,0.6684774419782125,0.6638669602414811
209,5,Florescent,ridge,full_ex,1.0,0.9,0.666940807425341,0.6610164239831032
209,5,Florescent,ridge,full_1fcs,1.0,1.28,0.666940807425341,0.6610164239831032
209,5,Florescent,ridge,full_mfcs,1.0,1.18,0.666940807425341,0.6610164239831032
210,1,Florescent,ridge,full_ex,1.0,0.74,0.16289903918570237,0.1107218819024724
210,1,Florescent,ridge,full_1fcs,1.0,0.74,0.16289903918570237,0.1107218819024724
210,1,Florescent,ridge,full_mfcs,1.0,0.74,0.16289903918570237,0.1107218819024724
210,2,Florescent,ridge,full_ex,1.0,0.7000000000000001,-0.020776530837841138,0.16977724967939228
210,2,Florescent,ridge,full_1fcs,1.0,0.7000000000000001,-0.020776530837841138,0.16977724967939228
210,2,Florescent,ridge,full_mfcs,1.0,0.76,-0.020776530837841138,0.16977724967939228
210,3,Florescent,ridge,full_ex,1.0,0.86,0.1697409186290179,0.1601781645968311
210,3,Florescent,ridge,full_1fcs,1.0,0.86,0.1697409186290179,0.1601781645968311
210,3,Florescent,ridge,full_mfcs,1.0,0.86,0.1697409186290179,0.1601781645968311
210,4,Florescent,ridge,full_ex,1.0,0.84,0.1649599974665503,0.1387750093638318
210,4,Florescent,ridge,full_1fcs,1.0,0.84,0.1649599974665503,0.1387750093638318
210,4,Florescent,ridge,full_mfcs,1.0,0.84,0.1649599974665503,0.1387750093638318
210,5,Florescent,ridge,full_ex,1.0,0.8200000000000001,0.15623222288555896,0.16250988485541665
210,5,Florescent,ridge,full_1fcs,1.0,0.8200000000000001,0.15623222288555896,0.16250988485541665
210,5,Florescent,ridge,full_mfcs,1.0,0.8200000000000001,0.15623222288555896,0.16250988485541665
211,1,Florescent,ridge,full_ex,1.0,0.98,0.4153565615383108,0.07470871110348115
211,1,Florescent,ridge,full_1fcs,1.0,0.9400000000000001,0.4153565615383108,0.07470871110348115
211,1,Florescent,ridge,full_mfcs,1.0,0.9400000000000001,0.4153565615383108,0.07470871110348115
211,2,Florescent,ridge,full_ex,1.0,0.6,0.0008736709144004425,0.0549342518464426
211,2,Florescent,ridge,full_1fcs,1.0,0.6,0.0008736709144004425,0.0549342518464426
211,2,Florescent,ridge,full_mfcs,1.0,0.6,0.0008736709144004425,0.0549342518464426
211,3,Florescent,ridge,full_ex,1.0,0.64,0.0549172315066115,0.060858495676850574
211,3,Florescent,ridge,full_1fcs,1.0,0.68,0.0549172315066115,0.060858495676850574
211,3,Florescent,ridge,full_mfcs,1.0,0.68,0.0549172315066115,0.060858495676850574
211,4,Florescent,ridge,full_ex,1.0,0.62,0.0578873958826847,0.07167184401800816
211,4,Florescent,ridge,full_1fcs,1.0,0.68,0.0578873958826847,0.07167184401800816
211,4,Florescent,ridge,full_mfcs,1.0,0.68,0.0578873958826847,0.07167184401800816
211,5,Florescent,ridge,full_ex,1.0,0.62,0.06248172961903292,0.06291139694723083
211,5,Florescent,ridge,full_1fcs,1.0,0.7000000000000001,0.06248172961903292,0.06291139694723083
211,5,Florescent,ridge,full_mfcs,1.0,0.7000000000000001,0.06248172961903292,0.06291139694723083
212,1,Florescent,ridge,full_ex,1.0,0.88,0.22459430197329777,0.21488432332363974
212,1,Florescent,ridge,full_1fcs,1.0,0.68,0.22459430197329777,0.21488432332363974
212,1,Florescent,ridge,full_mfcs,1.0,0.68,0.22459430197329777,0.21488432332363974
212,2,Florescent,ridge,full_ex,1.0,0.88,0.2393201323730838,0.30500140096905604
212,2,Florescent,ridge,full_1fcs,1.0,0.88,0.2393201323730838,0.30500140096905604
212,2,Florescent,ridge,full_mfcs,1.0,0.9,0.2393201323730838,0.30500140096905604
212,3,Florescent,ridge,full_ex,1.0,0.96,0.3049797278345562,0.30869676520469613
212,3,Florescent,ridge,full_1fcs,1.0,0.78,0.3049797278345562,0.30869676520469613
212,3,Florescent,ridge,full_mfcs,1.0,0.96,0.3049797278345562,0.30869676520469613
212,4,Florescent,ridge,full_ex,1.0,0.96,0.30683793983709534,0.32957675796464103
212,4,Florescent,ridge,full_1fcs,1.0,0.96,0.30683793983709534,0.32957675796464103
212,4,Florescent,ridge,full_mfcs,1.0,0.96,0.30683793983709534,0.32957675796464103
212,5,Florescent,ridge,full_ex,1.0,0.98,0.31441671200395643,0.31193311027176834
212,5,Florescent,ridge,full_1fcs,1.0,0.98,0.31441671200395643,0.31193311027176834
212,5,Florescent,ridge,full_mfcs,1.0,1.0,0.31441671200395643,0.31193311027176834
213,1,Florescent,ridge,full_ex,1.0,0.92,-0.00741540181578812,0.11937022320699353
213,1,Florescent,ridge,full_1fcs,1.0,0.9400000000000001,-0.00741540181578812,0.11937022320699353
213,1,Florescent,ridge,full_mfcs,1.0,0.9400000000000001,-0.00741540181578812,0.11937022320699353
213,2,Florescent,ridge,full_ex,1.0,0.92,0.15320288104595414,0.20197486434221606
213,2,Florescent,ridge,full_1fcs,1.0,1.02,0.15320288104595414,0.20197486434221606
213,2,Florescent,ridge,full_mfcs,1.0,1.02,0.15320288104595414,0.20197486434221606
213,3,Florescent,ridge,full_ex,1.0,1.0,0.2019584054183322,0.08097289429819313
213,3,Florescent,ridge,full_1fcs,1.0,0.92,0.2019584054183322,0.08097289429819313
213,3,Florescent,ridge,full_mfcs,1.0,1.1,0.2019584054183322,0.08097289429819313
213,4,Florescent,ridge,full_ex,1.0,0.96,0.14147585872737084,0.03193458097616318
213,4,Florescent,ridge,full_1fcs,1.0,1.08,0.14147585872737084,0.03193458097616318
213,4,Florescent,ridge,full_mfcs,1.0,1.08,0.14147585872737084,0.03193458097616318
213,5,Florescent,ridge,full_ex,1.0,0.9400000000000001,0.10496620779573602,0.035302441356250866
213,5,Florescent,ridge,full_1fcs,1.0,1.06,0.10496620779573602,0.035302441356250866
213,5,Florescent,ridge,full_mfcs,1.0,1.06,0.10496620779573602,0.035302441356250866
214,1,Florescent,ridge,full_ex,0.0,0.8200000000000001,0.34579395214136055,1.0259712670170946
214,1,Florescent,ridge,full_1fcs,1.0,1.08,0.34579395214136055,1.0259712670170946
214,1,Florescent,ridge,full_mfcs,1.0,1.08,0.34579395214136055,1.0259712670170946
214,2,Florescent,ridge,full_ex,0.0,0.96,0.5087025857051641,1.1410601159336322
214,2,Florescent,ridge,full_1fcs,1.0,2.22,0.5087025857051641,1.1410601159336322
214,2,Florescent,ridge,full_mfcs,1.0,2.22,0.5087025857051641,1.1410601159336322
214,3,Florescent,ridge,full_ex,1.0,0.96,1.1409457943500099,1.090665106278105
214,3,Florescent,ridge,full_1fcs,1.0,1.54,1.1409457943500099,1.090665106278105
214,3,Florescent,ridge,full_mfcs,1.0,1.62,1.1409457943500099,1.090665106278105
214,4,Florescent,ridge,full_ex,1.0,0.9,1.1158077230342047,1.0805706343334385
214,4,Florescent,ridge,full_1fcs,1.0,1.6,1.1158077230342047,1.0805706343334385
214,4,Florescent,ridge,full_mfcs,1.0,1.3800000000000001,1.1158077230342047,1.0805706343334385
214,5,Florescent,ridge,full_ex,1.0,0.88,1.1040627347077165,1.0499576550457588
214,5,Florescent,ridge,full_1fcs,1.0,1.62,1.1040627347077165,1.0499576550457588
214,5,Florescent,ridge,full_mfcs,1.0,1.42,1.1040627347077165,1.0499576550457588
215,1,Florescent,ridge,full_ex,0.0,0.6,0.530245932439531,0.06769897376200469
215,1,Florescent,ridge,full_1fcs,1.0,1.7,0.530245932439531,0.06769897376200469
215,1,Florescent,ridge,full_mfcs,1.0,1.7,0.530245932439531,0.06769897376200469
215,2,Florescent,ridge,full_ex,1.0,0.72,0.28744664544003384,0.25156162066758425
215,2,Florescent,ridge,full_1fcs,1.0,1.36,0.28744664544003384,0.25156162066758425
215,2,Florescent,ridge,full_mfcs,1.0,1.86,0.28744664544003384,0.25156162066758425
215,3,Florescent,ridge,full_ex,1.0,0.7000000000000001,0.2515669531517103,0.13954347921695645
215,3,Florescent,ridge,full_1fcs,1.0,0.7000000000000001,0.2515669531517103,0.13954347921695645
215,3,Florescent,ridge,full_mfcs,1.0,0.7000000000000001,0.2515669531517103,0.13954347921695645
215,4,Florescent,ridge,full_ex,1.0,0.66,0.19555937814242688,0.1869545975891834
215,4,Florescent,ridge,full_1fcs,1.0,0.66,0.19555937814242688,0.1869545975891834
215,4,Florescent,ridge,full_mfcs,1.0,0.66,0.19555937814242688,0.1869545975891834
215,5,Florescent,ridge,full_ex,1.0,0.66,0.19269126004549061,0.22623421266240795
215,5,Florescent,ridge,full_1fcs,1.0,0.66,0.19269126004549061,0.22623421266240795
215,5,Florescent,ridge,full_mfcs,1.0,0.72,0.19269126004549061,0.22623421266240795
216,1,Florescent,ridge,full_ex,1.0,0.98,0.49225110786867565,0.1916075078899354
216,1,Florescent,ridge,full_1fcs,1.0,2.22,0.49225110786867565,0.1916075078899354
216,1,Florescent,ridge,full_mfcs,1.0,2.22,0.49225110786867565,0.1916075078899354
216,2,Florescent,ridge,full_ex,1.0,1.04,0.5394717930992826,0.19144513318320944
216,2,Florescent,ridge,full_1fcs,1.0,1.62,0.5394717930992826,0.19144513318320944
216,2,Florescent,ridge,full_mfcs,1.0,1.7,0.5394717930992826,0.19144513318320944
216,3,Florescent,ridge,full_ex,1.0,0.76,0.19152697803282256,0.18448719720470336
216,3,Florescent,ridge,full_1fcs,1.0,0.9,0.19152697803282256,0.18448719720470336
216,3,Florescent,ridge,full_mfcs,1.0,0.9,0.19152697803282256,0.18448719720470336
216,4,Florescent,ridge,full_ex,1.0,0.74,0.18800750155056936,0.1832124526330171
216,4,Florescent,ridge,full_1fcs,1.0,0.84,0.18800750155056936,0.1832124526330171
216,4,Florescent,ridge,full_mfcs,1.0,0.88,0.18800750155056936,0.1832124526330171
216,5,Florescent,ridge,full_ex,1.0,0.76,0.18640927722669043,0.18033399488007718
216,5,Florescent,ridge,full_1fcs,1.0,0.98,0.18640927722669043,0.18033399488007718
216,5,Florescent,ridge,full_mfcs,1.0,0.98,0.18640927722669043,0.18033399488007718
217,1,Florescent,ridge,full_ex,1.0,1.0,0.6517339903278645,0.6591295332469573
217,1,Florescent,ridge,full_1fcs,1.0,0.64,0.6517339903278645,0.6591295332469573
217,1,Florescent,ridge,full_mfcs,1.0,0.64,0.6517339903278645,0.6591295332469573
217,2,Florescent,ridge,full_ex,1.0,0.9400000000000001,0.7403196906841935,0.6595977471964592
217,2,Florescent,ridge,full_1fcs,1.0,0.76,0.7403196906841935,0.6595977471964592
217,2,Florescent,ridge,full_mfcs,1.0,1.7,0.7403196906841935,0.6595977471964592
217,3,Florescent,ridge,full_ex,1.0,0.88,0.6596124154701407,0.68230595419092
217,3,Florescent,ridge,full_1fcs,1.0,0.5,0.6596124154701407,0.68230595419092
217,3,Florescent,ridge,full_mfcs,1.0,1.06,0.6596124154701407,0.68230595419092
217,4,Florescent,ridge,full_ex,1.0,0.86,0.6709581538060971,0.781412085654141
217,4,Florescent,ridge,full_1fcs,1.0,0.48,0.6709581538060971,0.781412085654141
217,4,Florescent,ridge,full_mfcs,1.0,1.1,0.6709581538060971,0.781412085654141
217,5,Florescent,ridge,full_ex,1.0,0.86,0.7077739007087095,0.7666260177385495
217,5,Florescent,ridge,full_1fcs,1.0,0.48,0.7077739007087095,0.7666260177385495
217,5,Florescent,ridge,full_mfcs,1.0,1.1,0.7077739007087095,0.7666260177385495
218,1,Florescent,ridge,full_ex,1.0,1.22,0.6138521909235887,0.11253079811173525
218,1,Florescent,ridge,full_1fcs,1.0,1.74,0.6138521909235887,0.11253079811173525
218,1,Florescent,ridge,full_mfcs,1.0,1.74,0.6138521909235887,0.11253079811173525
218,2,Florescent,ridge,full_ex,1.0,0.84,0.011018893133791403,0.07558509608780323
218,2,Florescent,ridge,full_1fcs,1.0,0.56,0.011018893133791403,0.07558509608780323
218,2,Florescent,ridge,full_mfcs,1.0,0.58,0.011018893133791403,0.07558509608780323
218,3,Florescent,ridge,full_ex,1.0,0.88,0.07556899937257791,0.0717169473002251
218,3,Florescent,ridge,full_1fcs,1.0,0.62,0.07556899937257791,0.0717169473002251
218,3,Florescent,ridge,full_mfcs,1.0,0.62,0.07556899937257791,0.0717169473002251
218,4,Florescent,ridge,full_ex,1.0,0.88,0.07364321345234748,0.0726550148465842
218,4,Florescent,ridge,full_1fcs,1.0,0.62,0.07364321345234748,0.0726550148465842
218,4,Florescent,ridge,full_mfcs,1.0,0.64,0.07364321345234748,0.0726550148465842
218,5,Florescent,ridge,full_ex,1.0,0.88,0.07331384129392185,0.0722719172384963
218,5,Florescent,ridge,full_1fcs,1.0,0.6,0.07331384129392185,0.0722719172384963
218,5,Florescent,ridge,full_mfcs,1.0,0.64,0.07331384129392185,0.0722719172384963
219,1,Florescent,ridge,full_ex,1.0,0.7000000000000001,-0.09505363415867867,0.16251317946942
219,1,Florescent,ridge,full_1fcs,1.0,0.7000000000000001,-0.09505363415867867,0.16251317946942
219,1,Florescent,ridge,full_mfcs,1.0,0.7000000000000001,-0.09505363415867867,0.16251317946942
219,2,Florescent,ridge,full_ex,1.0,0.76,-0.14632318355061602,0.23511363036101898
219,2,Florescent,ridge,full_1fcs,1.0,0.8200000000000001,-0.14632318355061602,0.23511363036101898
219,2,Florescent,ridge,full_mfcs,1.0,0.8200000000000001,-0.14632318355061602,0.23511363036101898
219,3,Florescent,ridge,full_ex,1.0,1.1400000000000001,0.23496748770482298,0.1588194375173923
219,3,Florescent,ridge,full_1fcs,1.0,1.16,0.23496748770482298,0.1588194375173923
219,3,Florescent,ridge,full_mfcs,1.0,1.16,0.23496748770482298,0.1588194375173923
219,4,Florescent,ridge,full_ex,1.0,1.04,0.1969007577978179,0.21165342292151207
219,4,Florescent,ridge,full_1fcs,1.0,1.04,0.1969007577978179,0.21165342292151207
219,4,Florescent,ridge,full_mfcs,1.0,1.04,0.1969007577978179,0.21165342292151207
219,5,Florescent,ridge,full_ex,1.0,1.02,0.20181768464660474,0.184275911554858
219,5,Florescent,ridge,full_1fcs,1.0,1.02,0.20181768464660474,0.184275911554858
219,5,Florescent,ridge,full_mfcs,1.0,1.02,0.20181768464660474,0.184275911554858
220,1,Florescent,ridge,full_ex,1.0,1.04,0.4418986267166695,0.26458716379619496
220,1,Florescent,ridge,full_1fcs,1.0,2.22,0.4418986267166695,0.26458716379619496
220,1,Florescent,ridge,full_mfcs,1.0,2.22,0.4418986267166695,0.26458716379619496
220,2,Florescent,ridge,full_ex,1.0,0.96,0.1679235076826249,0.13679477533932188
220,2,Florescent,ridge,full_1fcs,1.0,0.96,0.1679235076826249,0.13679477533932188
220,2,Florescent,ridge,full_mfcs,1.0,0.96,0.1679235076826249,0.13679477533932188
220,3,Florescent,ridge,full_ex,1.0,0.8200000000000001,0.1368044790219024,0.13884130790911184
220,3,Florescent,ridge,full_1fcs,1.0,0.8200000000000001,0.1368044790219024,0.13884130790911184
220,3,Florescent,ridge,full_mfcs,1.0,0.8200000000000001,0.1368044790219024,0.13884130790911184
220,4,Florescent,ridge,full_ex,1.0,0.8,0.13782273470672943,0.13656175303449902
220,4,Florescent,ridge,full_1fcs,1.0,0.8,0.13782273470672943,0.13656175303449902
220,4,Florescent,ridge,full_mfcs,1.0,0.8,0.13782273470672943,0.13656175303449902
220,5,Florescent,ridge,full_ex,1.0,0.78,0.1374024511673406,0.1355806202228907
220,5,Florescent,ridge,full_1fcs,1.0,0.78,0.1374024511673406,0.1355806202228907
220,5,Florescent,ridge,full_mfcs,1.0,0.78,0.1374024511673406,0.1355806202228907
221,1,Florescent,ridge,full_ex,1.0,0.6,-0.158432623520325,0.1742838294478746
221,1,Florescent,ridge,full_1fcs,1.0,0.54,-0.158432623520325,0.1742838294478746
221,1,Florescent,ridge,full_mfcs,1.0,0.54,-0.158432623520325,0.1742838294478746
221,2,Florescent,ridge,full_ex,1.0,1.02,0.3125653359474606,0.06857576158748688
221,2,Florescent,ridge,full_1fcs,1.0,1.02,0.3125653359474606,0.06857576158748688
221,2,Florescent,ridge,full_mfcs,1.0,1.12,0.3125653359474606,0.06857576158748688
221,3,Florescent,ridge,full_ex,1.0,0.8200000000000001,0.06864780622315649,0.06666225226966876
221,3,Florescent,ridge,full_1fcs,1.0,0.78,0.06864780622315649,0.06666225226966876
221,3,Florescent,ridge,full_mfcs,1.0,0.8200000000000001,0.06864780622315649,0.06666225226966876
221,4,Florescent,ridge,full_ex,1.0,0.84,0.06765517584152461,0.06688207555523537
221,4,Florescent,ridge,full_1fcs,1.0,0.78,0.06765517584152461,0.06688207555523537
221,4,Florescent,ridge,full_mfcs,1.0,0.9,0.06765517584152461,0.06688207555523537
221,5,Florescent,ridge,full_ex,1.0,0.84,0.06739750111355426,0.06454132183393721
221,5,Florescent,ridge,full_1fcs,1.0,0.78,0.06739750111355426,0.06454132183393721
221,5,Florescent,ridge,full_mfcs,1.0,0.9,0.06739750111355426,0.06454132183393721
222,1,Florescent,ridge,full_ex,1.0,0.9400000000000001,0.2520578006646549,0.09250511206727839
222,1,Florescent,ridge,full_1fcs,1.0,0.9400000000000001,0.2520578006646549,0.09250511206727839
222,1,Florescent,ridge,full_mfcs,1.0,0.9400000000000001,0.2520578006646549,0.09250511206727839
222,2,Florescent,ridge,full_ex,1.0,1.16,0.46933643302697137,0.09684272827418207
222,2,Florescent,ridge,full_1fcs,1.0,1.78,0.46933643302697137,0.09684272827418207
222,2,Florescent,ridge,full_mfcs,1.0,1.9000000000000001,0.46933643302697137,0.09684272827418207
222,3,Florescent,ridge,full_ex,1.0,0.86,0.09693372131153365,0.09648809204149024
222,3,Florescent,ridge,full_1fcs,1.0,0.86,0.09693372131153365,0.09648809204149024
222,3,Florescent,ridge,full_mfcs,1.0,0.88,0.09693372131153365,0.09648809204149024
222,4,Florescent,ridge,full_ex,1.0,0.78,0.09671093389389131,0.09468054083214396
222,4,Florescent,ridge,full_1fcs,1.0,0.86,0.09671093389389131,0.09468054083214396
222,4,Florescent,ridge,full_mfcs,1.0,0.86,0.09671093389389131,0.09468054083214396
222,5,Florescent,ridge,full_ex,1.0,0.8,0.09603419132531545,0.0938453615030452
222,5,Florescent,ridge,full_1fcs,1.0,0.86,0.09603419132531545,0.0938453615030452
222,5,Florescent,ridge,full_mfcs,1.0,0.86,0.09603419132531545,0.0938453615030452
223,1,Florescent,ridge,full_ex,1.0,0.74,0.18805339767552753,0.10513771622140725
223,1,Florescent,ridge,full_1fcs,1.0,1.4000000000000001,0.18805339767552753,0.10513771622140725
223,1,Florescent,ridge,full_mfcs,1.0,1.4000000000000001,0.18805339767552753,0.10513771622140725
223,2,Florescent,ridge,full_ex,1.0,0.62,0.09757056242568618,0.14867690136018713
223,2,Florescent,ridge,full_1fcs,1.0,0.78,0.09757056242568618,0.14867690136018713
223,2,Florescent,ridge,full_mfcs,1.0,1.04,0.09757056242568618,0.14867690136018713
223,3,Florescent,ridge,full_ex,1.0,0.68,0.14866315320099976,0.1242792240158744
223,3,Florescent,ridge,full_1fcs,1.0,0.7000000000000001,0.14866315320099976,0.1242792240158744
223,3,Florescent,ridge,full_mfcs,1.0,0.84,0.14866315320099976,0.1242792240158744
223,4,Florescent,ridge,full_ex,1.0,0.66,0.13647282871460342,0.24607505432069088
223,4,Florescent,ridge,full_1fcs,1.0,0.8200000000000001,0.13647282871460342,0.24607505432069088
223,4,Florescent,ridge,full_mfcs,1.0,0.8200000000000001,0.13647282871460342,0.24607505432069088
223,5,Florescent,ridge,full_ex,1.0,0.7000000000000001,0.17300362730868243,0.1717588250444204
223,5,Florescent,ridge,full_1fcs,1.0,0.86,0.17300362730868243,0.1717588250444204
223,5,Florescent,ridge,full_mfcs,1.0,0.86,0.17300362730868243,0.1717588250444204
224,1,Florescent,ridge,full_ex,0.0,0.68,0.585678376840581,0.9370911934082538
224,1,Florescent,ridge,full_1fcs,1.0,2.22,0.585678376840581,0.9370911934082538
224,1,Florescent,ridge,full_mfcs,1.0,2.22,0.585678376840581,0.9370911934082538
224,2,Florescent,ridge,full_ex,1.0,0.92,0.5236678965493565,0.9164496817391847
224,2,Florescent,ridge,full_1fcs,0.0,0.92,0.5236678965493565,0.9164496817391847
224,2,Florescent,ridge,full_mfcs,1.0,1.16,0.5236678965493565,0.9164496817391847
224,3,Florescent,ridge,full_ex,1.0,1.12,0.9163318169131469,0.8881825286892339
224,3,Florescent,ridge,full_1fcs,1.0,1.3,0.9163318169131469,0.8881825286892339
224,3,Florescent,ridge,full_mfcs,1.0,1.2,0.9163318169131469,0.8881825286892339
224,4,Florescent,ridge,full_ex,1.0,0.9,0.9022592848574386,0.8916340998895709
224,4,Florescent,ridge,full_1fcs,1.0,1.36,0.9022592848574386,0.8916340998895709
224,4,Florescent,ridge,full_mfcs,1.0,1.22,0.9022592848574386,0.8916340998895709
224,5,Florescent,ridge,full_ex,1.0,0.9,0.8987179108685246,0.9645306864136545
224,5,Florescent,ridge,full_1fcs,1.0,1.36,0.8987179108685246,0.9645306864136545
224,5,Florescent,ridge,full_mfcs,1.0,1.24,0.8987179108685246,0.9645306864136545
225,1,Florescent,ridge,full_ex,1.0,0.68,0.23570982717388742,0.08930002005851699
225,1,Florescent,ridge,full_1fcs,1.0,0.46,0.23570982717388742,0.08930002005851699
225,1,Florescent,ridge,full_mfcs,1.0,0.46,0.23570982717388742,0.08930002005851699
225,2,Florescent,ridge,full_ex,1.0,0.52,0.0791933302951057,0.05920485263827153
225,2,Florescent,ridge,full_1fcs,1.0,0.34,0.0791933302951057,0.05920485263827153
225,2,Florescent,ridge,full_mfcs,1.0,0.98,0.0791933302951057,0.05920485263827153
225,3,Florescent,ridge,full_ex,1.0,0.52,0.05921276508233375,0.05704967460521903
225,3,Florescent,ridge,full_1fcs,1.0,0.3,0.05921276508233375,0.05704967460521903
225,3,Florescent,ridge,full_mfcs,1.0,0.48,0.05921276508233375,0.05704967460521903
225,4,Florescent,ridge,full_ex,1.0,0.52,0.05813143395081225,0.07650846522570175
225,4,Florescent,ridge,full_1fcs,1.0,0.3,0.05813143395081225,0.07650846522570175
225,4,Florescent,ridge,full_mfcs,1.0,0.48,0.05813143395081225,0.07650846522570175
225,5,Florescent,ridge,full_ex,1.0,0.52,0.06425630254575762,0.04927237539405931
225,5,Florescent,ridge,full_1fcs,1.0,0.3,0.06425630254575762,0.04927237539405931
225,5,Florescent,ridge,full_mfcs,1.0,0.48,0.06425630254575762,0.04927237539405931
226,1,Florescent,ridge,full_ex,1.0,0.92,0.37865375272849394,0.16069726715694815
226,1,Florescent,ridge,full_1fcs,1.0,1.42,0.37865375272849394,0.16069726715694815
226,1,Florescent,ridge,full_mfcs,1.0,1.42,0.37865375272849394,0.16069726715694815
226,2,Florescent,ridge,full_ex,1.0,0.66,0.1071053410287953,0.2987092269024944
226,2,Florescent,ridge,full_1fcs,1.0,0.36,0.1071053410287953,0.2987092269024944
226,2,Florescent,ridge,full_mfcs,1.0,0.58,0.1071053410287953,0.2987092269024944
226,3,Florescent,ridge,full_ex,1.0,0.86,0.2986535695192804,0.22789442018841155
226,3,Florescent,ridge,full_1fcs,1.0,0.46,0.2986535695192804,0.22789442018841155
226,3,Florescent,ridge,full_mfcs,1.0,0.66,0.2986535695192804,0.22789442018841155
226,4,Florescent,ridge,full_ex,1.0,0.84,0.2632791341562091,0.38242797996116706
226,4,Florescent,ridge,full_1fcs,1.0,0.44,0.2632791341562091,0.38242797996116706
226,4,Florescent,ridge,full_mfcs,1.0,0.66,0.2632791341562091,0.38242797996116706
226,5,Florescent,ridge,full_ex,1.0,0.88,0.3029915697312111,0.3388955645529224
226,5,Florescent,ridge,full_1fcs,1.0,0.44,0.3029915697312111,0.3388955645529224
226,5,Florescent,ridge,full_mfcs,1.0,0.7000000000000001,0.3029915697312111,0.3388955645529224
227,1,Florescent,ridge,full_ex,1.0,0.5,0.09819587819923188,0.10017203086591998
227,1,Florescent,ridge,full_1fcs,1.0,0.54,0.09819587819923188,0.10017203086591998
227,1,Florescent,ridge,full_mfcs,1.0,0.54,0.09819587819923188,0.10017203086591998
227,2,Florescent,ridge,full_ex,1.0,0.64,0.185372319718818,0.0787081400727509
227,2,Florescent,ridge,full_1fcs,1.0,0.64,0.185372319718818,0.0787081400727509
227,2,Florescent,ridge,full_mfcs,1.0,0.9400000000000001,0.185372319718818,0.0787081400727509
227,3,Florescent,ridge,full_ex,1.0,0.48,0.07873867826925639,0.080459122025671
227,3,Florescent,ridge,full_1fcs,1.0,0.52,0.07873867826925639,0.080459122025671
227,3,Florescent,ridge,full_mfcs,1.0,0.52,0.07873867826925639,0.080459122025671
227,4,Florescent,ridge,full_ex,1.0,0.46,0.07959877698799842,0.07030425630309722
227,4,Florescent,ridge,full_1fcs,1.0,0.5,0.07959877698799842,0.07030425630309722
227,4,Florescent,ridge,full_mfcs,1.0,0.5,0.07959877698799842,0.07030425630309722
227,5,Florescent,ridge,full_ex,1.0,0.46,0.07650089915410084,0.09166866310674811
227,5,Florescent,ridge,full_1fcs,1.0,0.5,0.07650089915410084,0.09166866310674811
227,5,Florescent,ridge,full_mfcs,1.0,0.5,0.07650089915410084,0.09166866310674811
228,1,Florescent,ridge,full_ex,1.0,0.72,0.8659934387293373,1.0817175801445824
228,1,Florescent,ridge,full_1fcs,1.0,2.22,0.8659934387293373,1.0817175801445824
228,1,Florescent,ridge,full_mfcs,1.0,2.22,0.8659934387293373,1.0817175801445824
228,2,Florescent,ridge,full_ex,0.0,0.62,0.5674549150673016,1.0777627399223455
228,2,Florescent,ridge,full_1fcs,0.0,0.86,0.5674549150673016,1.0777627399223455
228,2,Florescent,ridge,full_mfcs,1.0,2.12,0.5674549150673016,1.0777627399223455
228,3,Florescent,ridge,full_ex,1.0,0.9400000000000001,1.0776694507066098,1.4073630744327157
228,3,Florescent,ridge,full_1fcs,1.0,1.44,1.0776694507066098,1.4073630744327157
228,3,Florescent,ridge,full_mfcs,1.0,1.48,1.0776694507066098,1.4073630744327157
228,4,Florescent,ridge,full_ex,1.0,0.98,1.2425011933949859,1.2924455124626733
228,4,Florescent,ridge,full_1fcs,1.0,1.76,1.2425011933949859,1.2924455124626733
228,4,Florescent,ridge,full_mfcs,1.0,1.74,1.2425011933949859,1.2924455124626733
228,5,Florescent,ridge,full_ex,1.0,0.8,1.2591482851483813,1.14368023694838
228,5,Florescent,ridge,full_1fcs,1.0,1.82,1.2591482851483813,1.14368023694838
228,5,Florescent,ridge,full_mfcs,1.0,1.6400000000000001,1.2591482851483813,1.14368023694838
229,1,Florescent,ridge,full_ex,1.0,0.36,0.011035981949890637,0.19404250863880157
229,1,Florescent,ridge,full_1fcs,1.0,0.86,0.011035981949890637,0.19404250863880157
229,1,Florescent,ridge,full_mfcs,1.0,0.86,0.011035981949890637,0.19404250863880157
229,2,Florescent,ridge,full_ex,1.0,0.44,0.1368897137235338,0.022787281372474946
229,2,Florescent,ridge,full_1fcs,1.0,0.7000000000000001,0.1368897137235338,0.022787281372474946
229,2,Florescent,ridge,full_mfcs,1.0,0.96,0.1368897137235338,0.022787281372474946
229,3,Florescent,ridge,full_ex,1.0,0.34,0.022812446046460277,0.03807559261650427
229,3,Florescent,ridge,full_1fcs,1.0,0.5,0.022812446046460277,0.03807559261650427
229,3,Florescent,ridge,full_mfcs,1.0,0.5,0.022812446046460277,0.03807559261650427
229,4,Florescent,ridge,full_ex,1.0,0.34,0.030443177687892977,0.08458548908442207
229,4,Florescent,ridge,full_1fcs,1.0,0.5,0.030443177687892977,0.08458548908442207
229,4,Florescent,ridge,full_mfcs,1.0,0.5,0.030443177687892977,0.08458548908442207
229,5,Florescent,ridge,full_ex,1.0,0.36,0.04848928787041142,0.03502609232939109
229,5,Florescent,ridge,full_1fcs,1.0,0.5,0.04848928787041142,0.03502609232939109
229,5,Florescent,ridge,full_mfcs,1.0,0.5,0.04848928787041142,0.03502609232939109
230,1,Florescent,ridge,full_ex,0.0,0.68,0.2848642927674858,1.4070661865312946
230,1,Florescent,ridge,full_1fcs,0.0,1.46,0.2848642927674858,1.4070661865312946
230,1,Florescent,ridge,full_mfcs,0.0,1.46,0.2848642927674858,1.4070661865312946
230,2,Florescent,ridge,full_ex,1.0,1.1,0.9760741057169775,1.0502161150907077
230,2,Florescent,ridge,full_1fcs,1.0,2.22,0.9760741057169775,1.0502161150907077
230,2,Florescent,ridge,full_mfcs,1.0,2.1,0.9760741057169775,1.0502161150907077
230,3,Florescent,ridge,full_ex,1.0,0.96,1.0501868746963996,0.9449210686450493
230,3,Florescent,ridge,full_1fcs,1.0,1.42,1.0501868746963996,0.9449210686450493
230,3,Florescent,ridge,full_mfcs,1.0,1.42,1.0501868746963996,0.9449210686450493
230,4,Florescent,ridge,full_ex,1.0,0.98,0.9975643524943665,1.0242690765966627
230,4,Florescent,ridge,full_1fcs,1.0,1.44,0.9975643524943665,1.0242690765966627
230,4,Florescent,ridge,full_mfcs,1.0,1.44,0.9975643524943665,1.0242690765966627
230,5,Florescent,ridge,full_ex,1.0,0.96,1.0064647566749902,0.9570238506674927
230,5,Florescent,ridge,full_1fcs,1.0,1.46,1.0064647566749902,0.9570238506674927
230,5,Florescent,ridge,full_mfcs,1.0,1.46,1.0064647566749902,0.9570238506674927
231,1,Florescent,ridge,full_ex,1.0,0.4,0.07779036610790273,0.2647154531175364
231,1,Florescent,ridge,full_1fcs,1.0,1.44,0.07779036610790273,0.2647154531175364
231,1,Florescent,ridge,full_mfcs,1.0,1.44,0.07779036610790273,0.2647154531175364
231,2,Florescent,ridge,full_ex,1.0,0.54,0.22954527256598597,0.06587448045949702
231,2,Florescent,ridge,full_1fcs,1.0,1.1,0.22954527256598597,0.06587448045949702
231,2,Florescent,ridge,full_mfcs,1.0,1.24,0.22954527256598597,0.06587448045949702
231,3,Florescent,ridge,full_ex,1.0,0.4,0.06591824962480788,0.0
231,3,Florescent,ridge,full_1fcs,1.0,0.86,0.06591824962480788,0.0
231,3,Florescent,ridge,full_mfcs,1.0,1.02,0.06591824962480788,0.0
231,4,Florescent,ridge,full_ex,1.0,0.36,0.03296353239853643,0.09114635215216932
231,4,Florescent,ridge,full_1fcs,1.0,1.0,0.03296353239853643,0.09114635215216932
231,4,Florescent,ridge,full_mfcs,1.0,1.0,0.03296353239853643,0.09114635215216932
231,5,Florescent,ridge,full_ex,1.0,0.38,0.05235607652306726,0.07770891801900993
231,5,Florescent,ridge,full_1fcs,1.0,1.02,0.05235607652306726,0.07770891801900993
231,5,Florescent,ridge,full_mfcs,1.0,1.02,0.05235607652306726,0.07770891801900993
232,1,Florescent,ridge,full_ex,1.0,0.38,0.15743421280527864,0.12945113496133148
232,1,Florescent,ridge,full_1fcs,1.0,1.58,0.15743421280527864,0.12945113496133148
232,1,Florescent,ridge,full_mfcs,1.0,1.58,0.15743421280527864,0.12945113496133148
232,2,Florescent,ridge,full_ex,1.0,0.44,0.19545629243553334,0.19065919158045885
232,2,Florescent,ridge,full_1fcs,1.0,0.46,0.19545629243553334,0.19065919158045885
232,2,Florescent,ridge,full_mfcs,1.0,0.68,0.19545629243553334,0.19065919158045885
232,3,Florescent,ridge,full_ex,1.0,0.44,0.19066115090860591,0.30961310718675245
232,3,Florescent,ridge,full_1fcs,1.0,0.44,0.19066115090860591,0.30961310718675245
232,3,Florescent,ridge,full_mfcs,1.0,0.6,0.19066115090860591,0.30961310718675245
232,4,Florescent,ridge,full_ex,1.0,0.46,0.2501249803821475,0.20647839477095725
232,4,Florescent,ridge,full_1fcs,1.0,0.5,0.2501249803821475,0.20647839477095725
232,4,Florescent,ridge,full_mfcs,1.0,0.68,0.2501249803821475,0.20647839477095725
232,5,Florescent,ridge,full_ex,1.0,0.46,0.23557809982953234,0.29339392493574323
232,5,Florescent,ridge,full_1fcs,1.0,0.48,0.23557809982953234,0.29339392493574323
232,5,Florescent,ridge,full_mfcs,1.0,0.8200000000000001,0.23557809982953234,0.29339392493574323
233,1,Florescent,ridge,full_ex,1.0,1.08,0.4046187694897958,0.04467873093937911
233,1,Florescent,ridge,full_1fcs,1.0,1.4000000000000001,0.4046187694897958,0.04467873093937911
233,1,Florescent,ridge,full_mfcs,1.0,1.4000000000000001,0.4046187694897958,0.04467873093937911
233,2,Florescent,ridge,full_ex,1.0,0.6,-0.08658845802334969,0.07386034425617599
233,2,Florescent,ridge,full_1fcs,1.0,0.76,-0.08658845802334969,0.07386034425617599
233,2,Florescent,ridge,full_mfcs,1.0,0.76,-0.08658845802334969,0.07386034425617599
233,3,Florescent,ridge,full_ex,1.0,0.78,0.07383180340513217,0.07261131586220487
233,3,Florescent,ridge,full_1fcs,1.0,0.9,0.07383180340513217,0.07261131586220487
233,3,Florescent,ridge,full_mfcs,1.0,0.9,0.07383180340513217,0.07261131586220487
233,4,Florescent,ridge,full_ex,1.0,0.78,0.07322161391361398,0.07432426851340698
233,4,Florescent,ridge,full_1fcs,1.0,0.9,0.07322161391361398,0.07432426851340698
233,4,Florescent,ridge,full_mfcs,1.0,0.9,0.07322161391361398,0.07432426851340698
233,5,Florescent,ridge,full_ex,1.0,0.78,0.07358914365006447,0.07436523890106227
233,5,Florescent,ridge,full_1fcs,1.0,0.88,0.07358914365006447,0.07436523890106227
233,5,Florescent,ridge,full_mfcs,1.0,0.88,0.07358914365006447,0.07436523890106227
234,1,Florescent,ridge,full_ex,1.0,0.92,0.18967681187431065,0.12257072558415703
234,1,Florescent,ridge,full_1fcs,1.0,1.08,0.18967681187431065,0.12257072558415703
234,1,Florescent,ridge,full_mfcs,1.0,1.08,0.18967681187431065,0.12257072558415703
234,2,Florescent,ridge,full_ex,1.0,0.84,0.13366188412662128,0.19141665465090626
234,2,Florescent,ridge,full_1fcs,1.0,0.68,0.13366188412662128,0.19141665465090626
234,2,Florescent,ridge,full_mfcs,1.0,0.68,0.13366188412662128,0.19141665465090626
234,3,Florescent,ridge,full_ex,1.0,0.92,0.19139862789842246,0.21065362276554175
234,3,Florescent,ridge,full_1fcs,1.0,0.7000000000000001,0.19139862789842246,0.21065362276554175
234,3,Florescent,ridge,full_mfcs,1.0,0.7000000000000001,0.19139862789842246,0.21065362276554175
234,4,Florescent,ridge,full_ex,1.0,0.9400000000000001,0.2010246226028422,0.19164853429562367
234,4,Florescent,ridge,full_1fcs,1.0,0.7000000000000001,0.2010246226028422,0.19164853429562367
234,4,Florescent,ridge,full_mfcs,1.0,0.84,0.2010246226028422,0.19164853429562367
234,5,Florescent,ridge,full_ex,1.0,0.9400000000000001,0.19789958506888325,0.19791123098424954
234,5,Florescent,ridge,full_1fcs,1.0,0.68,0.19789958506888325,0.19791123098424954
234,5,Florescent,ridge,full_mfcs,1.0,0.9400000000000001,0.19789958506888325,0.19791123098424954
235,1,Florescent,ridge,full_ex,1.0,0.66,0.30741361589096355,0.0463758780814824
235,1,Florescent,ridge,full_1fcs,1.0,1.72,0.30741361589096355,0.0463758780814824
235,1,Florescent,ridge,full_mfcs,1.0,1.72,0.30741361589096355,0.0463758780814824
235,2,Florescent,ridge,full_ex,1.0,0.72,0.2875068388630626,0.08665967460550032
235,2,Florescent,ridge,full_1fcs,1.0,1.1400000000000001,0.2875068388630626,0.08665967460550032
235,2,Florescent,ridge,full_mfcs,1.0,1.44,0.2875068388630626,0.08665967460550032
235,3,Florescent,ridge,full_ex,1.0,0.54,0.08670880991899556,0.09818563599157588
235,3,Florescent,ridge,full_1fcs,1.0,0.84,0.08670880991899556,0.09818563599157588
235,3,Florescent,ridge,full_mfcs,1.0,0.84,0.08670880991899556,0.09818563599157588
235,4,Florescent,ridge,full_ex,1.0,0.54,0.09244652094533796,0.07693045175636619
235,4,Florescent,ridge,full_1fcs,1.0,0.88,0.09244652094533796,0.07693045175636619
235,4,Florescent,ridge,full_mfcs,1.0,0.88,0.09244652094533796,0.07693045175636619
235,5,Florescent,ridge,full_ex,1.0,0.54,0.08727491971321884,0.07190761342656021
235,5,Florescent,ridge,full_1fcs,1.0,0.88,0.08727491971321884,0.07190761342656021
235,5,Florescent,ridge,full_mfcs,1.0,0.88,0.08727491971321884,0.07190761342656021
236,1,Florescent,ridge,full_ex,1.0,0.64,0.16867238295034837,0.13251440414507143
236,1,Florescent,ridge,full_1fcs,1.0,1.04,0.16867238295034837,0.13251440414507143
236,1,Florescent,ridge,full_mfcs,1.0,1.04,0.16867238295034837,0.13251440414507143
236,2,Florescent,ridge,full_ex,1.0,0.68,0.1558030667594996,0.1361187967393011
236,2,Florescent,ridge,full_1fcs,1.0,0.58,0.1558030667594996,0.1361187967393011
236,2,Florescent,ridge,full_mfcs,1.0,0.8,0.1558030667594996,0.1361187967393011
236,3,Florescent,ridge,full_ex,1.0,0.58,0.13612538118321665,0.08615945374873708
236,3,Florescent,ridge,full_1fcs,1.0,0.5,0.13612538118321665,0.08615945374873708
236,3,Florescent,ridge,full_mfcs,1.0,0.54,0.13612538118321665,0.08615945374873708
236,4,Florescent,ridge,full_ex,1.0,0.58,0.11114659660047572,0.07192764978706279
236,4,Florescent,ridge,full_1fcs,1.0,0.44,0.11114659660047572,0.07192764978706279
236,4,Florescent,ridge,full_mfcs,1.0,0.52,0.11114659660047572,0.07192764978706279
236,5,Florescent,ridge,full_ex,1.0,0.58,0.09807507230363524,0.09179676218613388
236,5,Florescent,ridge,full_1fcs,1.0,0.52,0.09807507230363524,0.09179676218613388
236,5,Florescent,ridge,full_mfcs,1.0,0.52,0.09807507230363524,0.09179676218613388
237,1,Florescent,ridge,full_ex,1.0,0.7000000000000001,0.24314330974203338,0.27642762695065726
237,1,Florescent,ridge,full_1fcs,1.0,1.26,0.24314330974203338,0.27642762695065726
237,1,Florescent,ridge,full_mfcs,1.0,1.26,0.24314330974203338,0.27642762695065726
237,2,Florescent,ridge,full_ex,1.0,0.76,0.251271830291274,0.12340889227585568
237,2,Florescent,ridge,full_1fcs,1.0,1.1,0.251271830291274,0.12340889227585568
237,2,Florescent,ridge,full_mfcs,1.0,1.2,0.251271830291274,0.12340889227585568
237,3,Florescent,ridge,full_ex,1.0,0.6,0.12343267430512968,0.11693326802608656
237,3,Florescent,ridge,full_1fcs,1.0,1.04,0.12343267430512968,0.11693326802608656
237,3,Florescent,ridge,full_mfcs,1.0,1.04,0.12343267430512968,0.11693326802608656
237,4,Florescent,ridge,full_ex,1.0,0.6,0.12018327341112664,0.10450924507062538
237,4,Florescent,ridge,full_1fcs,1.0,1.06,0.12018327341112664,0.10450924507062538
237,4,Florescent,ridge,full_mfcs,1.0,1.06,0.12018327341112664,0.10450924507062538
237,5,Florescent,ridge,full_ex,1.0,0.58,0.11495892126098489,0.06648715936384506
237,5,Florescent,ridge,full_1fcs,1.0,1.06,0.11495892126098489,0.06648715936384506
237,5,Florescent,ridge,full_mfcs,1.0,1.06,0.11495892126098489,0.06648715936384506
238,1,Florescent,ridge,full_ex,1.0,0.76,0.2600167153635032,0.11668444303607395
238,1,Florescent,ridge,full_1fcs,1.0,1.06,0.2600167153635032,0.11668444303607395
238,1,Florescent,ridge,full_mfcs,1.0,1.06,0.2600167153635032,0.11668444303607395
238,2,Florescent,ridge,full_ex,1.0,0.78,0.08339917272357371,0.07770852998234697
238,2,Florescent,ridge,full_1fcs,1.0,0.78,0.08339917272357371,0.07770852998234697
238,2,Florescent,ridge,full_mfcs,1.0,0.92,0.08339917272357371,0.07770852998234697
238,3,Florescent,ridge,full_ex,1.0,0.56,0.07771137207827009,0.06604481545261172
238,3,Florescent,ridge,full_1fcs,1.0,0.68,0.07771137207827009,0.06604481545261172
238,3,Florescent,ridge,full_mfcs,1.0,0.92,0.07771137207827009,0.06604481545261172
238,4,Florescent,ridge,full_ex,1.0,0.56,0.07187955079639888,0.07422122051028042
238,4,Florescent,ridge,full_1fcs,1.0,0.92,0.07187955079639888,0.07422122051028042
238,4,Florescent,ridge,full_mfcs,1.0,1.04,0.07187955079639888,0.07422122051028042
238,5,Florescent,ridge,full_ex,1.0,0.56,0.07265997737960721,0.08682320745383175
238,5,Florescent,ridge,full_1fcs,1.0,1.06,0.07265997737960721,0.08682320745383175
238,5,Florescent,ridge,full_mfcs,1.0,1.06,0.07265997737960721,0.08682320745383175
239,1,Florescent,ridge,full_ex,1.0,0.74,0.39343472883127867,0.06905458969109479
239,1,Florescent,ridge,full_1fcs,1.0,2.22,0.39343472883127867,0.06905458969109479
239,1,Florescent,ridge,full_mfcs,1.0,2.22,0.39343472883127867,0.06905458969109479
239,2,Florescent,ridge,full_ex,1.0,0.74,0.2935619391444979,0.1403526094223247
239,2,Florescent,ridge,full_1fcs,1.0,0.98,0.2935619391444979,0.1403526094223247
239,2,Florescent,ridge,full_mfcs,1.0,0.98,0.2935619391444979,0.1403526094223247
239,3,Florescent,ridge,full_ex,1.0,0.56,0.1404059932940464,0.0
239,3,Florescent,ridge,full_1fcs,1.0,0.66,0.1404059932940464,0.0
239,3,Florescent,ridge,full_mfcs,1.0,0.7000000000000001,0.1404059932940464,0.0
239,4,Florescent,ridge,full_ex,1.0,0.48,0.07021522945559398,0.13069131958588456
239,4,Florescent,ridge,full_1fcs,1.0,0.6,0.07021522945559398,0.13069131958588456
239,4,Florescent,ridge,full_mfcs,1.0,0.6,0.07021522945559398,0.13069131958588456
239,5,Florescent,ridge,full_ex,1.0,0.5,0.09037158427296262,0.02609763501010126
239,5,Florescent,ridge,full_1fcs,1.0,0.62,0.09037158427296262,0.02609763501010126
239,5,Florescent,ridge,full_mfcs,1.0,0.62,0.09037158427296262,0.02609763501010126
240,1,Florescent,ridge,full_ex,1.0,0.76,0.37039792044979414,0.1530682978359429
240,1,Florescent,ridge,full_1fcs,1.0,0.8,0.37039792044979414,0.1530682978359429
240,1,Florescent,ridge,full_mfcs,1.0,0.8,0.37039792044979414,0.1530682978359429
240,2,Florescent,ridge,full_ex,1.0,0.8200000000000001,0.3522291634896063,0.06402716860385713
240,2,Florescent,ridge,full_1fcs,0.0,0.62,0.3522291634896063,0.06402716860385713
240,2,Florescent,ridge,full_mfcs,1.0,1.58,0.3522291634896063,0.06402716860385713
240,3,Florescent,ridge,full_ex,1.0,0.66,0.06410778261212276,0.055470016830106585
240,3,Florescent,ridge,full_1fcs,1.0,0.4,0.06410778261212276,0.055470016830106585
240,3,Florescent,ridge,full_mfcs,1.0,0.66,0.06410778261212276,0.055470016830106585
240,4,Florescent,ridge,full_ex,1.0,0.42,0.05978950382955484,0.05816623726332575
240,4,Florescent,ridge,full_1fcs,1.0,0.38,0.05978950382955484,0.05816623726332575
240,4,Florescent,ridge,full_mfcs,1.0,0.58,0.05978950382955484,0.05816623726332575
240,5,Florescent,ridge,full_ex,1.0,0.42,0.05924846543406376,0.05663055175974183
240,5,Florescent,ridge,full_1fcs,1.0,0.3,0.05924846543406376,0.05663055175974183
240,5,Florescent,ridge,full_mfcs,1.0,0.62,0.05924846543406376,0.05663055175974183
241,1,Florescent,ridge,full_ex,1.0,1.16,0.2435569547916057,0.15390667659374435
241,1,Florescent,ridge,full_1fcs,1.0,1.24,0.2435569547916057,0.15390667659374435
241,1,Florescent,ridge,full_mfcs,1.0,1.24,0.2435569547916057,0.15390667659374435
241,2,Florescent,ridge,full_ex,1.0,1.1400000000000001,0.32609425809044784,0.11107449234602733
241,2,Florescent,ridge,full_1fcs,1.0,1.16,0.32609425809044784,0.11107449234602733
241,2,Florescent,ridge,full_mfcs,1.0,1.32,0.32609425809044784,0.11107449234602733
241,3,Florescent,ridge,full_ex,1.0,1.02,0.11115510503728981,0.1209838760715956
241,3,Florescent,ridge,full_1fcs,1.0,1.16,0.11115510503728981,0.1209838760715956
241,3,Florescent,ridge,full_mfcs,1.0,1.16,0.11115510503728981,0.1209838760715956
241,4,Florescent,ridge,full_ex,1.0,1.06,0.11606856915853678,0.12900626752785224
241,4,Florescent,ridge,full_1fcs,1.0,1.2,0.11606856915853678,0.12900626752785224
241,4,Florescent,ridge,full_mfcs,1.0,1.2,0.11606856915853678,0.12900626752785224
241,5,Florescent,ridge,full_ex,1.0,1.08,0.12038059620618431,0.10676647990309103
241,5,Florescent,ridge,full_1fcs,1.0,1.2,0.12038059620618431,0.10676647990309103
241,5,Florescent,ridge,full_mfcs,1.0,1.2,0.12038059620618431,0.10676647990309103
242,1,Florescent,ridge,full_ex,1.0,0.9,0.556238963467396,0.6068882220532594
242,1,Florescent,ridge,full_1fcs,1.0,0.9,0.556238963467396,0.6068882220532594
242,1,Florescent,ridge,full_mfcs,1.0,0.9,0.556238963467396,0.6068882220532594
242,2,Florescent,ridge,full_ex,0.0,0.8200000000000001,0.42122400571624324,0.04078785829971996
242,2,Florescent,ridge,full_1fcs,1.0,2.0,0.42122400571624324,0.04078785829971996
242,2,Florescent,ridge,full_mfcs,1.0,2.22,0.42122400571624324,0.04078785829971996
242,3,Florescent,ridge,full_ex,1.0,0.8200000000000001,0.040881424938689626,0.03157866534680279
242,3,Florescent,ridge,full_1fcs,1.0,0.8200000000000001,0.040881424938689626,0.03157866534680279
242,3,Florescent,ridge,full_mfcs,1.0,0.9400000000000001,0.040881424938689626,0.03157866534680279
242,4,Florescent,ridge,full_ex,1.0,0.36,0.03623061720688304,0.023648986290946063
242,4,Florescent,ridge,full_1fcs,1.0,0.36,0.03623061720688304,0.023648986290946063
242,4,Florescent,ridge,full_mfcs,1.0,0.96,0.03623061720688304,0.023648986290946063
242,5,Florescent,ridge,full_ex,1.0,0.36,0.03203708411235461,0.08692255313307853
242,5,Florescent,ridge,full_1fcs,1.0,0.36,0.03203708411235461,0.08692255313307853
242,5,Florescent,ridge,full_mfcs,1.0,0.96,0.03203708411235461,0.08692255313307853
243,1,Florescent,ridge,full_ex,1.0,0.68,0.013819348242609105,0.1149444231669239
243,1,Florescent,ridge,full_1fcs,0.0,0.06,0.013819348242609105,0.1149444231669239
243,1,Florescent,ridge,full_mfcs,0.0,0.06,0.013819348242609105,0.1149444231669239
243,2,Florescent,ridge,full_ex,1.0,0.96,0.2923903208871596,0.1665530980208458
243,2,Florescent,ridge,full_1fcs,0.0,0.04,0.2923903208871596,0.1665530980208458
243,2,Florescent,ridge,full_mfcs,1.0,1.24,0.2923903208871596,0.1665530980208458
243,3,Florescent,ridge,full_ex,1.0,0.84,0.16656730279310086,0.190902750476165
243,3,Florescent,ridge,full_1fcs,0.0,0.06,0.16656730279310086,0.190902750476165
243,3,Florescent,ridge,full_mfcs,1.0,0.9,0.16656730279310086,0.190902750476165
243,4,Florescent,ridge,full_ex,1.0,0.86,0.17873433983722797,0.1840951158058593
243,4,Florescent,ridge,full_1fcs,1.0,0.06,0.17873433983722797,0.1840951158058593
243,4,Florescent,ridge,full_mfcs,1.0,0.92,0.17873433983722797,0.1840951158058593
243,5,Florescent,ridge,full_ex,1.0,0.86,0.18052119791712115,0.15881897605666648
243,5,Florescent,ridge,full_1fcs,1.0,0.06,0.18052119791712115,0.15881897605666648
243,5,Florescent,ridge,full_mfcs,1.0,0.92,0.18052119791712115,0.15881897605666648
244,1,Florescent,ridge,full_ex,1.0,0.98,0.34423847658898193,0.49166322231685494
244,1,Florescent,ridge,full_1fcs,1.0,1.3800000000000001,0.34423847658898193,0.49166322231685494
244,1,Florescent,ridge,full_mfcs,1.0,1.3800000000000001,0.34423847658898193,0.49166322231685494
244,2,Florescent,ridge,full_ex,1.0,0.84,0.19968704813844496,0.09614538051479586
244,2,Florescent,ridge,full_1fcs,1.0,0.66,0.19968704813844496,0.09614538051479586
244,2,Florescent,ridge,full_mfcs,1.0,0.96,0.19968704813844496,0.09614538051479586
244,3,Florescent,ridge,full_ex,1.0,0.74,0.09616356671628862,0.09688347373830576
244,3,Florescent,ridge,full_1fcs,1.0,0.76,0.09616356671628862,0.09688347373830576
244,3,Florescent,ridge,full_mfcs,1.0,1.24,0.09616356671628862,0.09688347373830576
244,4,Florescent,ridge,full_ex,1.0,0.74,0.09652348861366368,0.09408050538830029
244,4,Florescent,ridge,full_1fcs,1.0,0.76,0.09652348861366368,0.09408050538830029
244,4,Florescent,ridge,full_mfcs,1.0,1.22,0.09652348861366368,0.09408050538830029
244,5,Florescent,ridge,full_ex,1.0,0.74,0.0957092085531521,0.08741313493852951
244,5,Florescent,ridge,full_1fcs,1.0,0.9400000000000001,0.0957092085531521,0.08741313493852951
244,5,Florescent,ridge,full_mfcs,1.0,1.22,0.0957092085531521,0.08741313493852951
245,1,Florescent,ridge,full_ex,1.0,0.24,0.12345384885115455,0.10287079136035039
245,1,Florescent,ridge,full_1fcs,1.0,1.1400000000000001,0.12345384885115455,0.10287079136035039
245,1,Florescent,ridge,full_mfcs,1.0,1.1400000000000001,0.12345384885115455,0.10287079136035039
245,2,Florescent,ridge,full_ex,1.0,0.16,0.019808944441653285,0.10824072380289851
245,2,Florescent,ridge,full_1fcs,1.0,0.16,0.019808944441653285,0.10824072380289851
245,2,Florescent,ridge,full_mfcs,1.0,0.64,0.019808944441653285,0.10824072380289851
245,3,Florescent,ridge,full_ex,1.0,0.26,0.10821925011864636,0.06823714785458626
245,3,Florescent,ridge,full_1fcs,1.0,0.24,0.10821925011864636,0.06823714785458626
245,3,Florescent,ridge,full_mfcs,1.0,0.24,0.10821925011864636,0.06823714785458626
245,4,Florescent,ridge,full_ex,1.0,0.22,0.08823062647223473,0.08321524497473089
245,4,Florescent,ridge,full_1fcs,1.0,0.22,0.08823062647223473,0.08321524497473089
245,4,Florescent,ridge,full_mfcs,1.0,0.22,0.08823062647223473,0.08321524497473089
245,5,Florescent,ridge,full_ex,1.0,0.22,0.0865589679805139,0.07438280067266788
245,5,Florescent,ridge,full_1fcs,1.0,0.22,0.0865589679805139,0.07438280067266788
245,5,Florescent,ridge,full_mfcs,1.0,0.22,0.0865589679805139,0.07438280067266788
246,1,Florescent,ridge,full_ex,1.0,0.9,0.4049485235458928,0.15198822598630035
246,1,Florescent,ridge,full_1fcs,1.0,0.88,0.4049485235458928,0.15198822598630035
246,1,Florescent,ridge,full_mfcs,1.0,0.88,0.4049485235458928,0.15198822598630035
246,2,Florescent,ridge,full_ex,1.0,0.76,0.15017377897467782,0.15237761374739672
246,2,Florescent,ridge,full_1fcs,1.0,0.52,0.15017377897467782,0.15237761374739672
246,2,Florescent,ridge,full_mfcs,1.0,0.76,0.15017377897467782,0.15237761374739672
246,3,Florescent,ridge,full_ex,1.0,0.58,0.1523768625325894,0.0861226646416054
246,3,Florescent,ridge,full_1fcs,1.0,0.52,0.1523768625325894,0.0861226646416054
246,3,Florescent,ridge,full_mfcs,1.0,0.58,0.1523768625325894,0.0861226646416054
246,4,Florescent,ridge,full_ex,1.0,0.54,0.11925541053407954,0.05926098119567265
246,4,Florescent,ridge,full_1fcs,1.0,0.5,0.11925541053407954,0.05926098119567265
246,4,Florescent,ridge,full_mfcs,1.0,0.54,0.11925541053407954,0.05926098119567265
246,5,Florescent,ridge,full_ex,1.0,0.52,0.09925954018022365,0.10807990562579867
246,5,Florescent,ridge,full_1fcs,1.0,0.48,0.09925954018022365,0.10807990562579867
246,5,Florescent,ridge,full_mfcs,1.0,0.52,0.09925954018022365,0.10807990562579867
247,1,Florescent,ridge,full_ex,1.0,1.0,0.5210209870236584,0.12488707641630592
247,1,Florescent,ridge,full_1fcs,0.0,0.7000000000000001,0.5210209870236584,0.12488707641630592
247,1,Florescent,ridge,full_mfcs,0.0,0.7000000000000001,0.5210209870236584,0.12488707641630592
247,2,Florescent,ridge,full_ex,1.0,0.72,0.20197165425397934,0.17425444779337343
247,2,Florescent,ridge,full_1fcs,1.0,0.44,0.20197165425397934,0.17425444779337343
247,2,Florescent,ridge,full_mfcs,1.0,0.96,0.20197165425397934,0.17425444779337343
247,3,Florescent,ridge,full_ex,1.0,0.7000000000000001,0.17426523658650417,0.17881633269194885
247,3,Florescent,ridge,full_1fcs,1.0,0.4,0.17426523658650417,0.17881633269194885
247,3,Florescent,ridge,full_mfcs,1.0,0.54,0.17426523658650417,0.17881633269194885
247,4,Florescent,ridge,full_ex,1.0,0.7000000000000001,0.17654034167882257,0.17129611198863715
247,4,Florescent,ridge,full_1fcs,1.0,0.4,0.17654034167882257,0.17129611198863715
247,4,Florescent,ridge,full_mfcs,1.0,0.54,0.17654034167882257,0.17129611198863715
247,5,Florescent,ridge,full_ex,1.0,0.7000000000000001,0.1747924919851008,0.16151825986121288
247,5,Florescent,ridge,full_1fcs,1.0,0.4,0.1747924919851008,0.16151825986121288
247,5,Florescent,ridge,full_mfcs,1.0,0.56,0.1747924919851008,0.16151825986121288
248,1,Florescent,ridge,full_ex,1.0,0.66,0.19099061818801313,0.06669307903340416
248,1,Florescent,ridge,full_1fcs,1.0,0.96,0.19099061818801313,0.06669307903340416
248,1,Florescent,ridge,full_mfcs,1.0,0.96,0.19099061818801313,0.06669307903340416
248,2,Florescent,ridge,full_ex,1.0,0.64,0.04769387500498402,0.11438137817976332
248,2,Florescent,ridge,full_1fcs,1.0,0.64,0.04769387500498402,0.11438137817976332
248,2,Florescent,ridge,full_mfcs,1.0,1.0,0.04769387500498402,0.11438137817976332
248,3,Florescent,ridge,full_ex,1.0,0.6,0.11436803076612524,0.11864093794808546
248,3,Florescent,ridge,full_1fcs,1.0,0.74,0.11436803076612524,0.11864093794808546
248,3,Florescent,ridge,full_mfcs,1.0,1.04,0.11436803076612524,0.11864093794808546
248,4,Florescent,ridge,full_ex,1.0,0.56,0.11650427053294132,0.12572253264047667
248,4,Florescent,ridge,full_1fcs,1.0,1.04,0.11650427053294132,0.12572253264047667
248,4,Florescent,ridge,full_mfcs,1.0,1.04,0.11650427053294132,0.12572253264047667
248,5,Florescent,ridge,full_ex,1.0,0.56,0.11957681953904314,0.12724977691542527
248,5,Florescent,ridge,full_1fcs,1.0,1.04,0.11957681953904314,0.12724977691542527
248,5,Florescent,ridge,full_mfcs,1.0,1.04,0.11957681953904314,0.12724977691542527
249,1,Florescent,ridge,full_ex,1.0,1.08,1.1690940548184758,0.8280458226874164
249,1,Florescent,ridge,full_1fcs,1.0,2.22,1.1690940548184758,0.8280458226874164
249,1,Florescent,ridge,full_mfcs,1.0,2.22,1.1690940548184758,0.8280458226874164
249,2,Florescent,ridge,full_ex,1.0,1.12,0.6167921128002656,1.1362676996876664
249,2,Florescent,ridge,full_1fcs,0.0,1.1,0.6167921128002656,1.1362676996876664
249,2,Florescent,ridge,full_mfcs,1.0,1.9000000000000001,0.6167921128002656,1.1362676996876664
249,3,Florescent,ridge,full_ex,1.0,1.12,1.1362010736022257,1.1201766663539778
249,3,Florescent,ridge,full_1fcs,1.0,1.5,1.1362010736022257,1.1201766663539778
249,3,Florescent,ridge,full_mfcs,1.0,1.58,1.1362010736022257,1.1201766663539778
249,4,Florescent,ridge,full_ex,1.0,1.04,1.1281893838185768,1.123505340198733
249,4,Florescent,ridge,full_1fcs,1.0,1.6,1.1281893838185768,1.123505340198733
249,4,Florescent,ridge,full_mfcs,1.0,1.5,1.1281893838185768,1.123505340198733
249,5,Florescent,ridge,full_ex,1.0,1.04,1.1266281027036558,1.140399429014967
249,5,Florescent,ridge,full_1fcs,1.0,1.6,1.1266281027036558,1.140399429014967
249,5,Florescent,ridge,full_mfcs,1.0,1.6,1.1266281027036558,1.140399429014967
250,1,Florescent,ridge,full_ex,1.0,0.32,0.13554722386096907,0.13612329626303432
250,1,Florescent,ridge,full_1fcs,1.0,0.74,0.13554722386096907,0.13612329626303432
250,1,Florescent,ridge,full_mfcs,1.0,0.74,0.13554722386096907,0.13612329626303432
250,2,Florescent,ridge,full_ex,1.0,0.36,0.18181497301533028,0.13682787280282752
250,2,Florescent,ridge,full_1fcs,1.0,0.56,0.18181497301533028,0.13682787280282752
250,2,Florescent,ridge,full_mfcs,1.0,1.08,0.18181497301533028,0.13682787280282752
250,3,Florescent,ridge,full_ex,1.0,0.34,0.13684189098007876,0.13183592158792604
250,3,Florescent,ridge,full_1fcs,1.0,0.34,0.13684189098007876,0.13183592158792604
250,3,Florescent,ridge,full_mfcs,1.0,0.46,0.13684189098007876,0.13183592158792604
250,4,Florescent,ridge,full_ex,1.0,0.34,0.13433929631573485,0.15552215685306733
250,4,Florescent,ridge,full_1fcs,1.0,0.34,0.13433929631573485,0.15552215685306733
250,4,Florescent,ridge,full_mfcs,1.0,0.5,0.13433929631573485,0.15552215685306733
250,5,Florescent,ridge,full_ex,1.0,0.34,0.14139951626709638,0.1611486323597788
250,5,Florescent,ridge,full_1fcs,1.0,0.34,0.14139951626709638,0.1611486323597788
250,5,Florescent,ridge,full_mfcs,1.0,0.54,0.14139951626709638,0.1611486323597788
251,1,Florescent,ridge,full_ex,1.0,0.66,0.20712663349468508,0.6364463341662215
251,1,Florescent,ridge,full_1fcs,1.0,1.28,0.20712663349468508,0.6364463341662215
251,1,Florescent,ridge,full_mfcs,1.0,1.28,0.20712663349468508,0.6364463341662215
251,2,Florescent,ridge,full_ex,1.0,0.96,0.5591163920882053,0.05259353311019371
251,2,Florescent,ridge,full_1fcs,1.0,1.78,0.5591163920882053,0.05259353311019371
251,2,Florescent,ridge,full_mfcs,1.0,2.14,0.5591163920882053,0.05259353311019371
251,3,Florescent,ridge,full_ex,1.0,0.6,0.052706453124405514,0.11536759576983413
251,3,Florescent,ridge,full_1fcs,1.0,1.12,0.052706453124405514,0.11536759576983413
251,3,Florescent,ridge,full_mfcs,1.0,1.12,0.052706453124405514,0.11536759576983413
251,4,Florescent,ridge,full_ex,1.0,0.56,0.08403353176873647,0.09811791585086914
251,4,Florescent,ridge,full_1fcs,1.0,1.18,0.08403353176873647,0.09811791585086914
251,4,Florescent,ridge,full_mfcs,1.0,1.18,0.08403353176873647,0.09811791585086914
251,5,Florescent,ridge,full_ex,1.0,0.58,0.08872797753948647,0.10017776993300982
251,5,Florescent,ridge,full_1fcs,1.0,1.18,0.08872797753948647,0.10017776993300982
251,5,Florescent,ridge,full_mfcs,1.0,1.18,0.08872797753948647,0.10017776993300982
252,1,Florescent,ridge,full_ex,1.0,1.02,0.11685866341714933,0.2076325461533076
252,1,Florescent,ridge,full_1fcs,1.0,0.88,0.11685866341714933,0.2076325461533076
252,1,Florescent,ridge,full_mfcs,1.0,0.88,0.11685866341714933,0.2076325461533076
252,2,Florescent,ridge,full_ex,1.0,1.3,0.6505812930911377,0.22158482644235045
252,2,Florescent,ridge,full_1fcs,1.0,2.22,0.6505812930911377,0.22158482644235045
252,2,Florescent,ridge,full_mfcs,1.0,2.22,0.6505812930911377,0.22158482644235045
252,3,Florescent,ridge,full_ex,1.0,1.1,0.22164429844407102,0.07491452977476314
252,3,Florescent,ridge,full_1fcs,1.0,1.08,0.22164429844407102,0.07491452977476314
252,3,Florescent,ridge,full_mfcs,1.0,1.26,0.22164429844407102,0.07491452977476314
252,4,Florescent,ridge,full_ex,1.0,1.08,0.14828449976878175,0.12009054081903398
252,4,Florescent,ridge,full_1fcs,1.0,1.08,0.14828449976878175,0.12009054081903398
252,4,Florescent,ridge,full_mfcs,1.0,1.08,0.14828449976878175,0.12009054081903398
252,5,Florescent,ridge,full_ex,1.0,1.1,0.1388869477749037,0.02196713100158272
252,5,Florescent,ridge,full_1fcs,1.0,1.1,0.1388869477749037,0.02196713100158272
252,5,Florescent,ridge,full_mfcs,1.0,1.54,0.1388869477749037,0.02196713100158272
253,1,Florescent,ridge,full_ex,1.0,0.92,0.409120411752996,0.10403781648868136
253,1,Florescent,ridge,full_1fcs,1.0,1.54,0.409120411752996,0.10403781648868136
253,1,Florescent,ridge,full_mfcs,1.0,1.54,0.409120411752996,0.10403781648868136
253,2,Florescent,ridge,full_ex,1.0,0.74,0.2187663356311996,0.11882188826939835
253,2,Florescent,ridge,full_1fcs,1.0,0.8200000000000001,0.2187663356311996,0.11882188826939835
253,2,Florescent,ridge,full_mfcs,1.0,1.3,0.2187663356311996,0.11882188826939835
253,3,Florescent,ridge,full_ex,1.0,0.68,0.11884266469640935,0.06065787407892052
253,3,Florescent,ridge,full_1fcs,1.0,0.68,0.11884266469640935,0.06065787407892052
253,3,Florescent,ridge,full_mfcs,1.0,0.68,0.11884266469640935,0.06065787407892052
253,4,Florescent,ridge,full_ex,1.0,0.64,0.08975329356187775,0.09315203996499698
253,4,Florescent,ridge,full_1fcs,1.0,0.64,0.08975329356187775,0.09315203996499698
253,4,Florescent,ridge,full_mfcs,1.0,0.64,0.08975329356187775,0.09315203996499698
253,5,Florescent,ridge,full_ex,1.0,0.64,0.09088613051549285,0.07817375901503365
253,5,Florescent,ridge,full_1fcs,1.0,0.64,0.09088613051549285,0.07817375901503365
253,5,Florescent,ridge,full_mfcs,1.0,0.64,0.09088613051549285,0.07817375901503365
254,1,Florescent,ridge,full_ex,1.0,0.72,0.08950774552770849,0.2533895474816927
254,1,Florescent,ridge,full_1fcs,1.0,0.64,0.08950774552770849,0.2533895474816927
254,1,Florescent,ridge,full_mfcs,1.0,0.64,0.08950774552770849,0.2533895474816927
254,2,Florescent,ridge,full_ex,1.0,0.98,0.46794047089429286,0.0956958312966904
254,2,Florescent,ridge,full_1fcs,1.0,1.9000000000000001,0.46794047089429286,0.0956958312966904
254,2,Florescent,ridge,full_mfcs,1.0,2.22,0.46794047089429286,0.0956958312966904
254,3,Florescent,ridge,full_ex,1.0,0.74,0.09575818219394902,0.09901570379404005
254,3,Florescent,ridge,full_1fcs,1.0,0.86,0.09575818219394902,0.09901570379404005
254,3,Florescent,ridge,full_mfcs,1.0,0.86,0.09575818219394902,0.09901570379404005
254,4,Florescent,ridge,full_ex,1.0,0.74,0.09738680657567918,0.10613212431455896
254,4,Florescent,ridge,full_1fcs,1.0,0.66,0.09738680657567918,0.10613212431455896
254,4,Florescent,ridge,full_mfcs,1.0,0.66,0.09738680657567918,0.10613212431455896
254,5,Florescent,ridge,full_ex,1.0,0.74,0.10030174970867321,0.10603707733414086
254,5,Florescent,ridge,full_1fcs,1.0,0.68,0.10030174970867321,0.10603707733414086
254,5,Florescent,ridge,full_mfcs,1.0,0.68,0.10030174970867321,0.10603707733414086
255,1,Florescent,ridge,full_ex,1.0,0.64,0.08344332922921163,0.17858908519670047
255,1,Florescent,ridge,full_1fcs,1.0,0.9,0.08344332922921163,0.17858908519670047
255,1,Florescent,ridge,full_mfcs,1.0,0.9,0.08344332922921163,0.17858908519670047
255,2,Florescent,ridge,full_ex,0.0,0.88,0.5457716863977976,0.0
255,2,Florescent,ridge,full_1fcs,1.0,2.22,0.5457716863977976,0.0
255,2,Florescent,ridge,full_mfcs,1.0,2.22,0.5457716863977976,0.0
255,3,Florescent,ridge,full_ex,1.0,0.6,0.000116115427957076,0.17736867806650988
255,3,Florescent,ridge,full_1fcs,1.0,1.1,0.000116115427957076,0.17736867806650988
255,3,Florescent,ridge,full_mfcs,1.0,1.1,0.000116115427957076,0.17736867806650988
255,4,Florescent,ridge,full_ex,1.0,0.58,0.0887329679200679,0.014726310132630413
255,4,Florescent,ridge,full_1fcs,1.0,0.58,0.0887329679200679,0.014726310132630413
255,4,Florescent,ridge,full_mfcs,1.0,0.58,0.0887329679200679,0.014726310132630413
255,5,Florescent,ridge,full_ex,1.0,0.58,0.06406583171197185,0.14590106722818574
255,5,Florescent,ridge,full_1fcs,1.0,0.58,0.06406583171197185,0.14590106722818574
255,5,Florescent,ridge,full_mfcs,1.0,0.58,0.06406583171197185,0.14590106722818574
256,1,Florescent,ridge,full_ex,1.0,1.0,0.35471966644005565,0.10022067508858677
256,1,Florescent,ridge,full_1fcs,1.0,1.12,0.35471966644005565,0.10022067508858677
256,1,Florescent,ridge,full_mfcs,1.0,1.12,0.35471966644005565,0.10022067508858677
256,2,Florescent,ridge,full_ex,1.0,0.9,0.23281017055804568,0.09477835735500302
256,2,Florescent,ridge,full_1fcs,1.0,0.9,0.23281017055804568,0.09477835735500302
256,2,Florescent,ridge,full_mfcs,1.0,0.9,0.23281017055804568,0.09477835735500302
256,3,Florescent,ridge,full_ex,1.0,0.7000000000000001,0.09481830264272924,0.09085057324329224
256,3,Florescent,ridge,full_1fcs,1.0,0.7000000000000001,0.09481830264272924,0.09085057324329224
256,3,Florescent,ridge,full_mfcs,1.0,0.7000000000000001,0.09481830264272924,0.09085057324329224
256,4,Florescent,ridge,full_ex,1.0,0.68,0.09283472504049448,0.09121644287742783
256,4,Florescent,ridge,full_1fcs,1.0,0.68,0.09283472504049448,0.09121644287742783
256,4,Florescent,ridge,full_mfcs,1.0,0.68,0.09283472504049448,0.09121644287742783
256,5,Florescent,ridge,full_ex,1.0,0.68,0.09229534969887568,0.0902405752698446
256,5,Florescent,ridge,full_1fcs,1.0,0.68,0.09229534969887568,0.0902405752698446
256,5,Florescent,ridge,full_mfcs,1.0,0.68,0.09229534969887568,0.0902405752698446
257,1,Florescent,ridge,full_ex,1.0,0.64,0.23885283150699532,0.12869069792018303
257,1,Florescent,ridge,full_1fcs,1.0,2.22,0.23885283150699532,0.12869069792018303
257,1,Florescent,ridge,full_mfcs,1.0,2.22,0.23885283150699532,0.12869069792018303
257,2,Florescent,ridge,full_ex,1.0,0.54,0.11197226975726343,0.1848446185184644
257,2,Florescent,ridge,full_1fcs,1.0,0.78,0.11197226975726343,0.1848446185184644
257,2,Florescent,ridge,full_mfcs,1.0,1.54,0.11197226975726343,0.1848446185184644
257,3,Florescent,ridge,full_ex,1.0,0.6,0.1848353475035931,0.13477211487833538
257,3,Florescent,ridge,full_1fcs,1.0,0.6,0.1848353475035931,0.13477211487833538
257,3,Florescent,ridge,full_mfcs,1.0,1.32,0.1848353475035931,0.13477211487833538
257,4,Florescent,ridge,full_ex,1.0,0.56,0.15980532358712657,0.2002760343566172
257,4,Florescent,ridge,full_1fcs,1.0,0.56,0.15980532358712657,0.2002760343566172
257,4,Florescent,ridge,full_mfcs,1.0,1.02,0.15980532358712657,0.2002760343566172
257,5,Florescent,ridge,full_ex,1.0,0.58,0.17329498837395935,0.15576306770724224
257,5,Florescent,ridge,full_1fcs,1.0,0.58,0.17329498837395935,0.15576306770724224
257,5,Florescent,ridge,full_mfcs,1.0,1.54,0.17329498837395935,0.15576306770724224
258,1,Florescent,ridge,full_ex,1.0,0.66,0.15023471921824866,0.0
258,1,Florescent,ridge,full_1fcs,1.0,1.04,0.15023471921824866,0.0
258,1,Florescent,ridge,full_mfcs,1.0,1.04,0.15023471921824866,0.0
258,2,Florescent,ridge,full_ex,1.0,0.56,0.00501332667023234,0.0
258,2,Florescent,ridge,full_1fcs,1.0,0.66,0.00501332667023234,0.0
258,2,Florescent,ridge,full_mfcs,1.0,0.86,0.00501332667023234,0.0
258,3,Florescent,ridge,full_ex,1.0,0.52,1.6297782054718046e-06,0.07786098360723162
258,3,Florescent,ridge,full_1fcs,1.0,0.58,1.6297782054718046e-06,0.07786098360723162
258,3,Florescent,ridge,full_mfcs,1.0,0.96,1.6297782054718046e-06,0.07786098360723162
258,4,Florescent,ridge,full_ex,1.0,0.56,0.03892497785467852,0.03520185968693787
258,4,Florescent,ridge,full_1fcs,1.0,0.8,0.03892497785467852,0.03520185968693787
258,4,Florescent,ridge,full_mfcs,1.0,1.04,0.03892497785467852,0.03520185968693787
258,5,Florescent,ridge,full_ex,1.0,0.56,0.03768407297704042,0.08782096587552499
258,5,Florescent,ridge,full_1fcs,1.0,0.78,0.03768407297704042,0.08782096587552499
258,5,Florescent,ridge,full_mfcs,1.0,1.06,0.03768407297704042,0.08782096587552499
259,1,Florescent,ridge,full_ex,1.0,1.36,0.39552666573313744,0.09790591810884217
259,1,Florescent,ridge,full_1fcs,1.0,1.52,0.39552666573313744,0.09790591810884217
259,1,Florescent,ridge,full_mfcs,1.0,1.52,0.39552666573313744,0.09790591810884217
259,2,Florescent,ridge,full_ex,1.0,1.1,0.06469785864416766,0.07539602070082946
259,2,Florescent,ridge,full_1fcs,1.0,1.36,0.06469785864416766,0.07539602070082946
259,2,Florescent,ridge,full_mfcs,1.0,1.36,0.06469785864416766,0.07539602070082946
259,3,Florescent,ridge,full_ex,1.0,1.12,0.07539432541031388,0.0686686341035611
259,3,Florescent,ridge,full_1fcs,1.0,1.28,0.07539432541031388,0.0686686341035611
259,3,Florescent,ridge,full_mfcs,1.0,1.28,0.07539432541031388,0.0686686341035611
259,4,Florescent,ridge,full_ex,1.0,1.12,0.07203174622503074,0.07678588939991189
259,4,Florescent,ridge,full_1fcs,1.0,1.24,0.07203174622503074,0.07678588939991189
259,4,Florescent,ridge,full_mfcs,1.0,1.24,0.07203174622503074,0.07678588939991189
259,5,Florescent,ridge,full_ex,1.0,1.12,0.07361637690142786,0.08108778084722841
259,5,Florescent,ridge,full_1fcs,1.0,1.24,0.07361637690142786,0.08108778084722841
259,5,Florescent,ridge,full_mfcs,1.0,1.24,0.07361637690142786,0.08108778084722841
260,1,Florescent,ridge,full_ex,1.0,0.68,0.21326968604805643,0.19826737583414303
260,1,Florescent,ridge,full_1fcs,1.0,0.76,0.21326968604805643,0.19826737583414303
260,1,Florescent,ridge,full_mfcs,1.0,0.76,0.21326968604805643,0.19826737583414303
260,2,Florescent,ridge,full_ex,1.0,0.62,0.09463841064421362,0.013948529182423758
260,2,Florescent,ridge,full_1fcs,1.0,0.56,0.09463841064421362,0.013948529182423758
260,2,Florescent,ridge,full_mfcs,1.0,0.56,0.09463841064421362,0.013948529182423758
260,3,Florescent,ridge,full_ex,1.0,0.52,0.013977064505314492,0.07713670998101431
260,3,Florescent,ridge,full_1fcs,1.0,0.46,0.013977064505314492,0.07713670998101431
260,3,Florescent,ridge,full_mfcs,1.0,0.52,0.013977064505314492,0.07713670998101431
260,4,Florescent,ridge,full_ex,1.0,0.54,0.04555130228153342,0.0
260,4,Florescent,ridge,full_1fcs,1.0,0.54,0.04555130228153342,0.0
260,4,Florescent,ridge,full_mfcs,1.0,0.58,0.04555130228153342,0.0
260,5,Florescent,ridge,full_ex,1.0,0.5,0.03036932514820877,0.17446157612629548
260,5,Florescent,ridge,full_1fcs,1.0,0.5,0.03036932514820877,0.17446157612629548
260,5,Florescent,ridge,full_mfcs,1.0,0.62,0.03036932514820877,0.17446157612629548
261,1,Florescent,ridge,full_ex,1.0,0.68,0.08052807051516993,0.06115398686993648
261,1,Florescent,ridge,full_1fcs,1.0,0.86,0.08052807051516993,0.06115398686993648
261,1,Florescent,ridge,full_mfcs,1.0,0.86,0.08052807051516993,0.06115398686993648
261,2,Florescent,ridge,full_ex,1.0,0.54,-0.06592369181034605,0.22353109465101845
261,2,Florescent,ridge,full_1fcs,1.0,0.86,-0.06592369181034605,0.22353109465101845
261,2,Florescent,ridge,full_mfcs,1.0,0.86,-0.06592369181034605,0.22353109465101845
261,3,Florescent,ridge,full_ex,1.0,0.8200000000000001,0.22343185367735277,0.19250933472593523
261,3,Florescent,ridge,full_1fcs,1.0,1.06,0.22343185367735277,0.19250933472593523
261,3,Florescent,ridge,full_mfcs,1.0,1.06,0.22343185367735277,0.19250933472593523
261,4,Florescent,ridge,full_ex,1.0,0.8,0.2079732451390155,0.2027776723677654
261,4,Florescent,ridge,full_1fcs,1.0,0.98,0.2079732451390155,0.2027776723677654
261,4,Florescent,ridge,full_mfcs,1.0,0.98,0.2079732451390155,0.2027776723677654
261,5,Florescent,ridge,full_ex,1.0,0.8,0.20624158551944025,0.16897936278252124
261,5,Florescent,ridge,full_1fcs,1.0,0.9400000000000001,0.20624158551944025,0.16897936278252124
261,5,Florescent,ridge,full_mfcs,1.0,0.9400000000000001,0.20624158551944025,0.16897936278252124
262,1,Florescent,ridge,full_ex,1.0,0.86,0.339330708850086,0.16724496886345988
262,1,Florescent,ridge,full_1fcs,1.0,1.3800000000000001,0.339330708850086,0.16724496886345988
262,1,Florescent,ridge,full_mfcs,1.0,1.3800000000000001,0.339330708850086,0.16724496886345988
262,2,Florescent,ridge,full_ex,1.0,0.62,0.10736236860419976,0.14413086102040812
262,2,Florescent,ridge,full_1fcs,1.0,0.56,0.10736236860419976,0.14413086102040812
262,2,Florescent,ridge,full_mfcs,1.0,0.56,0.10736236860419976,0.14413086102040812
262,3,Florescent,ridge,full_ex,1.0,0.66,0.14411909623160488,0.16589067495545196
262,3,Florescent,ridge,full_1fcs,1.0,0.64,0.14411909623160488,0.16589067495545196
262,3,Florescent,ridge,full_mfcs,1.0,0.64,0.14411909623160488,0.16589067495545196
262,4,Florescent,ridge,full_ex,1.0,0.66,0.15500314375600513,0.15557866526731698
262,4,Florescent,ridge,full_1fcs,1.0,0.66,0.15500314375600513,0.15557866526731698
262,4,Florescent,ridge,full_mfcs,1.0,0.66,0.15500314375600513,0.15557866526731698
262,5,Florescent,ridge,full_ex,1.0,0.68,0.15519496379421333,0.1634562830586463
262,5,Florescent,ridge,full_1fcs,1.0,0.68,0.15519496379421333,0.1634562830586463
262,5,Florescent,ridge,full_mfcs,1.0,0.68,0.15519496379421333,0.1634562830586463
263,1,Florescent,ridge,full_ex,1.0,0.3,0.04025116001837476,0.18954937956625742
263,1,Florescent,ridge,full_1fcs,1.0,0.32,0.04025116001837476,0.18954937956625742
263,1,Florescent,ridge,full_mfcs,1.0,0.32,0.04025116001837476,0.18954937956625742
263,2,Florescent,ridge,full_ex,1.0,0.42,0.17250531970598273,0.1885891581537732
263,2,Florescent,ridge,full_1fcs,1.0,1.08,0.17250531970598273,0.1885891581537732
263,2,Florescent,ridge,full_mfcs,1.0,1.36,0.17250531970598273,0.1885891581537732
263,3,Florescent,ridge,full_ex,1.0,0.44,0.18858610931873437,0.1612350256900776
263,3,Florescent,ridge,full_1fcs,1.0,0.48,0.18858610931873437,0.1612350256900776
263,3,Florescent,ridge,full_mfcs,1.0,0.48,0.18858610931873437,0.1612350256900776
263,4,Florescent,ridge,full_ex,1.0,0.42,0.17491186378779902,0.13618106945576763
263,4,Florescent,ridge,full_1fcs,1.0,0.46,0.17491186378779902,0.13618106945576763
263,4,Florescent,ridge,full_mfcs,1.0,0.46,0.17491186378779902,0.13618106945576763
263,5,Florescent,ridge,full_ex,1.0,0.4,0.16200241486610298,0.1651121907671384
263,5,Florescent,ridge,full_1fcs,1.0,0.42,0.16200241486610298,0.1651121907671384
263,5,Florescent,ridge,full_mfcs,1.0,0.42,0.16200241486610298,0.1651121907671384
264,1,Florescent,ridge,full_ex,1.0,0.7000000000000001,0.041428101066709966,0.19075664982823182
264,1,Florescent,ridge,full_1fcs,1.0,0.7000000000000001,0.041428101066709966,0.19075664982823182
264,1,Florescent,ridge,full_mfcs,1.0,0.7000000000000001,0.041428101066709966,0.19075664982823182
264,2,Florescent,ridge,full_ex,1.0,0.96,0.4143067314069811,0.12853146394381162
264,2,Florescent,ridge,full_1fcs,1.0,0.96,0.4143067314069811,0.12853146394381162
264,2,Florescent,ridge,full_mfcs,1.0,1.34,0.4143067314069811,0.12853146394381162
264,3,Florescent,ridge,full_ex,1.0,0.72,0.1286647576290973,0.14693144702288882
264,3,Florescent,ridge,full_1fcs,1.0,0.72,0.1286647576290973,0.14693144702288882
264,3,Florescent,ridge,full_mfcs,1.0,0.72,0.1286647576290973,0.14693144702288882
264,4,Florescent,ridge,full_ex,1.0,0.74,0.13779597180310113,0.11516773800380971
264,4,Florescent,ridge,full_1fcs,1.0,0.74,0.13779597180310113,0.11516773800380971
264,4,Florescent,ridge,full_mfcs,1.0,0.74,0.13779597180310113,0.11516773800380971
264,5,Florescent,ridge,full_ex,1.0,0.74,0.1302544002849156,0.12432511088320793
264,5,Florescent,ridge,full_1fcs,1.0,0.74,0.1302544002849156,0.12432511088320793
264,5,Florescent,ridge,full_mfcs,1.0,0.74,0.1302544002849156,0.12432511088320793
265,1,Florescent,ridge,full_ex,1.0,0.24,0.0034196474818481877,0.15990662755341858
265,1,Florescent,ridge,full_1fcs,1.0,0.54,0.0034196474818481877,0.15990662755341858
265,1,Florescent,ridge,full_mfcs,1.0,0.54,0.0034196474818481877,0.15990662755341858
265,2,Florescent,ridge,full_ex,0.0,0.42,0.15921525862167266,0.6183482335674378
265,2,Florescent,ridge,full_1fcs,1.0,0.64,0.15921525862167266,0.6183482335674378
265,2,Florescent,ridge,full_mfcs,1.0,0.74,0.15921525862167266,0.6183482335674378
265,3,Florescent,ridge,full_ex,1.0,0.74,0.6181399467611826,0.5215642255838644
265,3,Florescent,ridge,full_1fcs,1.0,1.32,0.6181399467611826,0.5215642255838644
265,3,Florescent,ridge,full_mfcs,1.0,1.32,0.6181399467611826,0.5215642255838644
265,4,Florescent,ridge,full_ex,1.0,0.62,0.5698630416110748,0.5234448415110046
265,4,Florescent,ridge,full_1fcs,1.0,1.1400000000000001,0.5698630416110748,0.5234448415110046
265,4,Florescent,ridge,full_mfcs,1.0,1.1400000000000001,0.5698630416110748,0.5234448415110046
265,5,Florescent,ridge,full_ex,1.0,0.62,0.5543926486999412,0.5712312146065102
265,5,Florescent,ridge,full_1fcs,1.0,1.06,0.5543926486999412,0.5712312146065102
265,5,Florescent,ridge,full_mfcs,1.0,1.06,0.5543926486999412,0.5712312146065102
266,1,Florescent,ridge,full_ex,1.0,1.0,0.45247273191709375,0.0696825651862617
266,1,Florescent,ridge,full_1fcs,1.0,0.8,0.45247273191709375,0.0696825651862617
266,1,Florescent,ridge,full_mfcs,1.0,0.8,0.45247273191709375,0.0696825651862617
266,2,Florescent,ridge,full_ex,1.0,0.56,-0.006483154852793792,0.161795506602815
266,2,Florescent,ridge,full_1fcs,1.0,0.76,-0.006483154852793792,0.161795506602815
266,2,Florescent,ridge,full_mfcs,1.0,0.76,-0.006483154852793792,0.161795506602815
266,3,Florescent,ridge,full_ex,1.0,0.74,0.16174164471561392,0.1618683531597614
266,3,Florescent,ridge,full_1fcs,1.0,0.88,0.16174164471561392,0.1618683531597614
266,3,Florescent,ridge,full_mfcs,1.0,0.88,0.16174164471561392,0.1618683531597614
266,4,Florescent,ridge,full_ex,1.0,0.76,0.16180498879584107,0.16187223945612159
266,4,Florescent,ridge,full_1fcs,1.0,0.86,0.16180498879584107,0.16187223945612159
266,4,Florescent,ridge,full_mfcs,1.0,0.86,0.16180498879584107,0.16187223945612159
266,5,Florescent,ridge,full_ex,1.0,0.76,0.16182740329345796,0.1619691668710253
266,5,Florescent,ridge,full_1fcs,1.0,0.84,0.16182740329345796,0.1619691668710253
266,5,Florescent,ridge,full_mfcs,1.0,0.84,0.16182740329345796,0.1619691668710253
267,1,Florescent,ridge,full_ex,1.0,0.62,0.3646632642782727,0.20711396090809858
267,1,Florescent,ridge,full_1fcs,1.0,2.06,0.3646632642782727,0.20711396090809858
267,1,Florescent,ridge,full_mfcs,1.0,2.06,0.3646632642782727,0.20711396090809858
267,2,Florescent,ridge,full_ex,1.0,0.5,0.22035558540328848,0.22837826229730335
267,2,Florescent,ridge,full_1fcs,1.0,1.12,0.22035558540328848,0.22837826229730335
267,2,Florescent,ridge,full_mfcs,1.0,1.44,0.22035558540328848,0.22837826229730335
267,3,Florescent,ridge,full_ex,1.0,0.54,0.2283767311880126,0.24999137348391473
267,3,Florescent,ridge,full_1fcs,1.0,0.62,0.2283767311880126,0.24999137348391473
267,3,Florescent,ridge,full_mfcs,1.0,0.62,0.2283767311880126,0.24999137348391473
267,4,Florescent,ridge,full_ex,1.0,0.56,0.23918302096155383,0.22610545453474162
267,4,Florescent,ridge,full_1fcs,1.0,0.62,0.23918302096155383,0.22610545453474162
267,4,Florescent,ridge,full_mfcs,1.0,0.62,0.23918302096155383,0.22610545453474162
267,5,Florescent,ridge,full_ex,1.0,0.56,0.23482410950213276,0.2326738729591206
267,5,Florescent,ridge,full_1fcs,1.0,0.62,0.23482410950213276,0.2326738729591206
267,5,Florescent,ridge,full_mfcs,1.0,0.72,0.23482410950213276,0.2326738729591206
268,1,Florescent,ridge,full_ex,1.0,0.4,0.19159726410934957,0.08934713205309107
268,1,Florescent,ridge,full_1fcs,1.0,1.22,0.19159726410934957,0.08934713205309107
268,1,Florescent,ridge,full_mfcs,1.0,1.22,0.19159726410934957,0.08934713205309107
268,2,Florescent,ridge,full_ex,1.0,0.42,0.24043924264781386,0.09240549831317296
268,2,Florescent,ridge,full_1fcs,1.0,1.3,0.24043924264781386,0.09240549831317296
268,2,Florescent,ridge,full_mfcs,1.0,1.58,0.24043924264781386,0.09240549831317296
268,3,Florescent,ridge,full_ex,1.0,0.34,0.09243106272984263,0.08626683869253096
268,3,Florescent,ridge,full_1fcs,1.0,0.36,0.09243106272984263,0.08626683869253096
268,3,Florescent,ridge,full_mfcs,1.0,0.38,0.09243106272984263,0.08626683869253096
268,4,Florescent,ridge,full_ex,1.0,0.34,0.08934921686421901,0.14078374579427916
268,4,Florescent,ridge,full_1fcs,1.0,0.36,0.08934921686421901,0.14078374579427916
268,4,Florescent,ridge,full_mfcs,1.0,0.36,0.08934921686421901,0.14078374579427916
268,5,Florescent,ridge,full_ex,1.0,0.36,0.10649307279393613,0.2333653996301654
268,5,Florescent,ridge,full_1fcs,1.0,0.38,0.10649307279393613,0.2333653996301654
268,5,Florescent,ridge,full_mfcs,1.0,0.38,0.10649307279393613,0.2333653996301654
269,1,Florescent,ridge,full_ex,1.0,1.0,0.18140015104022525,0.08146448989622405
269,1,Florescent,ridge,full_1fcs,1.0,0.58,0.18140015104022525,0.08146448989622405
269,1,Florescent,ridge,full_mfcs,1.0,0.58,0.18140015104022525,0.08146448989622405
269,2,Florescent,ridge,full_ex,1.0,0.96,0.2518415076288566,0.15015473437362284
269,2,Florescent,ridge,full_1fcs,1.0,1.0,0.2518415076288566,0.15015473437362284
269,2,Florescent,ridge,full_mfcs,1.0,1.0,0.2518415076288566,0.15015473437362284
269,3,Florescent,ridge,full_ex,1.0,0.92,0.15018782647302253,0.1750625946010476
269,3,Florescent,ridge,full_1fcs,1.0,0.6,0.15018782647302253,0.1750625946010476
269,3,Florescent,ridge,full_mfcs,1.0,0.6,0.15018782647302253,0.1750625946010476
269,4,Florescent,ridge,full_ex,1.0,0.9400000000000001,0.1626231864478335,0.14713424461576105
269,4,Florescent,ridge,full_1fcs,1.0,0.62,0.1626231864478335,0.14713424461576105
269,4,Florescent,ridge,full_mfcs,1.0,0.62,0.1626231864478335,0.14713424461576105
269,5,Florescent,ridge,full_ex,1.0,0.96,0.15746076602452996,0.00514970503325507
269,5,Florescent,ridge,full_1fcs,1.0,0.6,0.15746076602452996,0.00514970503325507
269,5,Florescent,ridge,full_mfcs,1.0,0.6,0.15746076602452996,0.00514970503325507
270,1,Florescent,ridge,full_ex,1.0,0.8200000000000001,0.14117234335877737,0.10108787455492832
270,1,Florescent,ridge,full_1fcs,1.0,1.02,0.14117234335877737,0.10108787455492832
270,1,Florescent,ridge,full_mfcs,1.0,1.02,0.14117234335877737,0.10108787455492832
270,2,Florescent,ridge,full_ex,1.0,1.02,0.1804719865702849,0.3565081810457068
270,2,Florescent,ridge,full_1fcs,1.0,0.92,0.1804719865702849,0.3565081810457068
270,2,Florescent,ridge,full_mfcs,1.0,1.08,0.1804719865702849,0.3565081810457068
270,3,Florescent,ridge,full_ex,1.0,1.1400000000000001,0.35644911301266863,0.319044354955995
270,3,Florescent,ridge,full_1fcs,1.0,1.0,0.35644911301266863,0.319044354955995
270,3,Florescent,ridge,full_mfcs,1.0,1.22,0.35644911301266863,0.319044354955995
270,4,Florescent,ridge,full_ex,1.0,1.08,0.3377498722536329,0.17584645496399454
270,4,Florescent,ridge,full_1fcs,1.0,1.2,0.3377498722536329,0.17584645496399454
270,4,Florescent,ridge,full_mfcs,1.0,1.2,0.3377498722536329,0.17584645496399454
270,5,Florescent,ridge,full_ex,1.0,1.0,0.28378810404667126,0.07749862835087695
270,5,Florescent,ridge,full_1fcs,1.0,1.1400000000000001,0.28378810404667126,0.07749862835087695
270,5,Florescent,ridge,full_mfcs,1.0,1.1400000000000001,0.28378810404667126,0.07749862835087695
271,1,Florescent,ridge,full_ex,1.0,0.74,0.20823218075816338,0.07871785450394463
271,1,Florescent,ridge,full_1fcs,1.0,0.9,0.20823218075816338,0.07871785450394463
271,1,Florescent,ridge,full_mfcs,1.0,0.9,0.20823218075816338,0.07871785450394463
271,2,Florescent,ridge,full_ex,1.0,0.9,0.25887292995013206,0.13267210408163166
271,2,Florescent,ridge,full_1fcs,1.0,0.64,0.25887292995013206,0.13267210408163166
271,2,Florescent,ridge,full_mfcs,1.0,0.96,0.25887292995013206,0.13267210408163166
271,3,Florescent,ridge,full_ex,1.0,0.76,0.1326951945810143,0.12941079848433631
271,3,Florescent,ridge,full_1fcs,1.0,0.54,0.1326951945810143,0.12941079848433631
271,3,Florescent,ridge,full_mfcs,1.0,0.54,0.1326951945810143,0.12941079848433631
271,4,Florescent,ridge,full_ex,1.0,0.76,0.1310531467800313,0.1349546995820323
271,4,Florescent,ridge,full_1fcs,1.0,0.54,0.1310531467800313,0.1349546995820323
271,4,Florescent,ridge,full_mfcs,1.0,0.54,0.1310531467800313,0.1349546995820323
271,5,Florescent,ridge,full_ex,1.0,0.76,0.13235358505161945,0.1332451520812831
271,5,Florescent,ridge,full_1fcs,1.0,0.54,0.13235358505161945,0.1332451520812831
271,5,Florescent,ridge,full_mfcs,1.0,0.54,0.13235358505161945,0.1332451520812831
272,1,Florescent,ridge,full_ex,1.0,1.04,0.29702434125747623,0.7369501808970286
272,1,Florescent,ridge,full_1fcs,1.0,1.16,0.29702434125747623,0.7369501808970286
272,1,Florescent,ridge,full_mfcs,1.0,1.16,0.29702434125747623,0.7369501808970286
272,2,Florescent,ridge,full_ex,1.0,1.2,0.48933292529996003,0.9702783077445934
272,2,Florescent,ridge,full_1fcs,1.0,1.32,0.48933292529996003,0.9702783077445934
272,2,Florescent,ridge,full_mfcs,1.0,1.6600000000000001,0.48933292529996003,0.9702783077445934
272,3,Florescent,ridge,full_ex,1.0,1.4000000000000001,0.9701027856147896,1.0026435175584916
272,3,Florescent,ridge,full_1fcs,1.0,1.8,0.9701027856147896,1.0026435175584916
272,3,Florescent,ridge,full_mfcs,1.0,1.8800000000000001,0.9701027856147896,1.0026435175584916
272,4,Florescent,ridge,full_ex,1.0,1.3800000000000001,0.9863701820905129,0.9929483320101915
272,4,Florescent,ridge,full_1fcs,1.0,1.84,0.9863701820905129,0.9929483320101915
272,4,Florescent,ridge,full_mfcs,1.0,1.84,0.9863701820905129,0.9929483320101915
272,5,Florescent,ridge,full_ex,1.0,1.3800000000000001,0.9885626319207516,0.9774220849235741
272,5,Florescent,ridge,full_1fcs,1.0,1.82,0.9885626319207516,0.9774220849235741
272,5,Florescent,ridge,full_mfcs,1.0,1.82,0.9885626319207516,0.9774220849235741
273,1,Florescent,ridge,full_ex,1.0,0.78,0.1759882174047352,0.09083090492921074
273,1,Florescent,ridge,full_1fcs,1.0,1.02,0.1759882174047352,0.09083090492921074
273,1,Florescent,ridge,full_mfcs,1.0,1.02,0.1759882174047352,0.09083090492921074
273,2,Florescent,ridge,full_ex,1.0,0.66,0.02449994920392006,0.0
273,2,Florescent,ridge,full_1fcs,1.0,0.66,0.02449994920392006,0.0
273,2,Florescent,ridge,full_mfcs,1.0,0.66,0.02449994920392006,0.0
273,3,Florescent,ridge,full_ex,1.0,0.6,9.220766168648812e-06,0.016514423595152664
273,3,Florescent,ridge,full_1fcs,1.0,0.6,9.220766168648812e-06,0.016514423595152664
273,3,Florescent,ridge,full_mfcs,1.0,0.6,9.220766168648812e-06,0.016514423595152664
273,4,Florescent,ridge,full_ex,1.0,0.62,0.008260268918976996,0.06928226679539483
273,4,Florescent,ridge,full_1fcs,1.0,0.62,0.008260268918976996,0.06928226679539483
273,4,Florescent,ridge,full_mfcs,1.0,0.62,0.008260268918976996,0.06928226679539483
273,5,Florescent,ridge,full_ex,1.0,0.62,0.028598382442376117,0.0647349549112656
273,5,Florescent,ridge,full_1fcs,1.0,0.62,0.028598382442376117,0.0647349549112656
273,5,Florescent,ridge,full_mfcs,1.0,0.62,0.028598382442376117,0.0647349549112656
274,1,Florescent,ridge,full_ex,1.0,0.86,0.43159548693216837,0.1894334680538068
274,1,Florescent,ridge,full_1fcs,1.0,1.76,0.43159548693216837,0.1894334680538068
274,1,Florescent,ridge,full_mfcs,1.0,1.76,0.43159548693216837,0.1894334680538068
274,2,Florescent,ridge,full_ex,1.0,0.76,0.33702552654417894,0.23790970715894177
274,2,Florescent,ridge,full_1fcs,1.0,1.3,0.33702552654417894,0.23790970715894177
274,2,Florescent,ridge,full_mfcs,1.0,1.7,0.33702552654417894,0.23790970715894177
274,3,Florescent,ridge,full_ex,1.0,0.72,0.2379267226749511,0.249459183935364
274,3,Florescent,ridge,full_1fcs,1.0,0.96,0.2379267226749511,0.249459183935364
274,3,Florescent,ridge,full_mfcs,1.0,1.02,0.2379267226749511,0.249459183935364
274,4,Florescent,ridge,full_ex,1.0,0.74,0.2436924583073406,0.31955016148281457
274,4,Florescent,ridge,full_1fcs,1.0,1.04,0.2436924583073406,0.31955016148281457
274,4,Florescent,ridge,full_mfcs,1.0,1.04,0.2436924583073406,0.31955016148281457
274,5,Florescent,ridge,full_ex,1.0,0.76,0.2689769122329621,0.4645221558552606
274,5,Florescent,ridge,full_1fcs,1.0,1.06,0.2689769122329621,0.4645221558552606
274,5,Florescent,ridge,full_mfcs,1.0,1.06,0.2689769122329621,0.4645221558552606
275,1,Florescent,ridge,full_ex,1.0,0.44,0.10556514084312417,0.1112213577160743
275,1,Florescent,ridge,full_1fcs,1.0,0.8,0.10556514084312417,0.1112213577160743
275,1,Florescent,ridge,full_mfcs,1.0,0.8,0.10556514084312417,0.1112213577160743
275,2,Florescent,ridge,full_ex,1.0,0.5,0.19690989322304112,0.18369660614795755
275,2,Florescent,ridge,full_1fcs,1.0,1.34,0.19690989322304112,0.18369660614795755
275,2,Florescent,ridge,full_mfcs,1.0,1.9000000000000001,0.19690989322304112,0.18369660614795755
275,3,Florescent,ridge,full_ex,1.0,0.48,0.18369811064832473,0.18028475560909163
275,3,Florescent,ridge,full_1fcs,1.0,0.56,0.18369811064832473,0.18028475560909163
275,3,Florescent,ridge,full_mfcs,1.0,0.56,0.18369811064832473,0.18028475560909163
275,4,Florescent,ridge,full_ex,1.0,0.48,0.18199153029740792,0.16352927463878422
275,4,Florescent,ridge,full_1fcs,1.0,0.56,0.18199153029740792,0.16352927463878422
275,4,Florescent,ridge,full_mfcs,1.0,0.56,0.18199153029740792,0.16352927463878422
275,5,Florescent,ridge,full_ex,1.0,0.48,0.17583767866980943,0.19521800382766624
275,5,Florescent,ridge,full_1fcs,1.0,0.54,0.17583767866980943,0.19521800382766624
275,5,Florescent,ridge,full_mfcs,1.0,0.54,0.17583767866980943,0.19521800382766624
276,1,Florescent,ridge,full_ex,1.0,0.64,0.2363205519822741,0.05045916382688225
276,1,Florescent,ridge,full_1fcs,1.0,0.68,0.2363205519822741,0.05045916382688225
276,1,Florescent,ridge,full_mfcs,1.0,0.68,0.2363205519822741,0.05045916382688225
276,2,Florescent,ridge,full_ex,1.0,0.7000000000000001,0.23591257899418147,0.2419768080987286
276,2,Florescent,ridge,full_1fcs,1.0,0.7000000000000001,0.23591257899418147,0.2419768080987286
276,2,Florescent,ridge,full_mfcs,1.0,0.72,0.23591257899418147,0.2419768080987286
276,3,Florescent,ridge,full_ex,1.0,0.68,0.23894407757404862,0.21079997294415742
276,3,Florescent,ridge,full_1fcs,1.0,0.76,0.23894407757404862,0.21079997294415742
276,3,Florescent,ridge,full_mfcs,1.0,0.76,0.23894407757404862,0.21079997294415742
276,4,Florescent,ridge,full_ex,1.0,0.68,0.22956397999721284,0.23436701273812868
276,4,Florescent,ridge,full_1fcs,1.0,0.78,0.22956397999721284,0.23436701273812868
276,4,Florescent,ridge,full_mfcs,1.0,0.78,0.22956397999721284,0.23436701273812868
276,5,Florescent,ridge,full_ex,1.0,0.66,0.23076461620284736,0.26053189856070247
276,5,Florescent,ridge,full_1fcs,1.0,0.78,0.23076461620284736,0.26053189856070247
276,5,Florescent,ridge,full_mfcs,1.0,0.8,0.23076461620284736,0.26053189856070247
277,1,Florescent,ridge,full_ex,1.0,0.56,0.12556836094919227,0.08151935830919313
277,1,Florescent,ridge,full_1fcs,1.0,0.68,0.12556836094919227,0.08151935830919313
277,1,Florescent,ridge,full_mfcs,1.0,0.68,0.12556836094919227,0.08151935830919313
277,2,Florescent,ridge,full_ex,1.0,0.4,0.09765930635260421,0.10318602100262124
277,2,Florescent,ridge,full_1fcs,1.0,0.66,0.09765930635260421,0.10318602100262124
277,2,Florescent,ridge,full_mfcs,1.0,0.66,0.09765930635260421,0.10318602100262124
277,3,Florescent,ridge,full_ex,1.0,0.38,0.10318420398612167,0.09666152653417034
277,3,Florescent,ridge,full_1fcs,1.0,0.7000000000000001,0.10318420398612167,0.09666152653417034
277,3,Florescent,ridge,full_mfcs,1.0,0.7000000000000001,0.10318420398612167,0.09666152653417034
277,4,Florescent,ridge,full_ex,1.0,0.38,0.09992340146336752,0.103622446513418
277,4,Florescent,ridge,full_1fcs,1.0,0.72,0.09992340146336752,0.103622446513418
277,4,Florescent,ridge,full_mfcs,1.0,0.7000000000000001,0.09992340146336752,0.103622446513418
277,5,Florescent,ridge,full_ex,1.0,0.38,0.10115628132519879,0.09960282068644753
277,5,Florescent,ridge,full_1fcs,1.0,0.68,0.10115628132519879,0.09960282068644753
277,5,Florescent,ridge,full_mfcs,1.0,0.68,0.10115628132519879,0.09960282068644753
278,1,Florescent,ridge,full_ex,1.0,0.38,0.12742940706178668,0.24256978604418405
278,1,Florescent,ridge,full_1fcs,1.0,1.1400000000000001,0.12742940706178668,0.24256978604418405
278,1,Florescent,ridge,full_mfcs,1.0,1.1400000000000001,0.12742940706178668,0.24256978604418405
278,2,Florescent,ridge,full_ex,1.0,0.44,0.20886914959732947,0.09613482330000528
278,2,Florescent,ridge,full_1fcs,1.0,0.44,0.20886914959732947,0.09613482330000528
278,2,Florescent,ridge,full_mfcs,1.0,0.9,0.20886914959732947,0.09613482330000528
278,3,Florescent,ridge,full_ex,1.0,0.34,0.09616945012405453,0.08646485220273216
278,3,Florescent,ridge,full_1fcs,1.0,0.36,0.09616945012405453,0.08646485220273216
278,3,Florescent,ridge,full_mfcs,1.0,0.36,0.09616945012405453,0.08646485220273216
278,4,Florescent,ridge,full_ex,1.0,0.34,0.09131789648003871,0.07207062146573334
278,4,Florescent,ridge,full_1fcs,1.0,0.36,0.09131789648003871,0.07207062146573334
278,4,Florescent,ridge,full_mfcs,1.0,0.36,0.09131789648003871,0.07207062146573334
278,5,Florescent,ridge,full_ex,1.0,0.34,0.08490279515217428,0.09142608232001455
278,5,Florescent,ridge,full_1fcs,1.0,0.36,0.08490279515217428,0.09142608232001455
278,5,Florescent,ridge,full_mfcs,1.0,0.36,0.08490279515217428,0.09142608232001455
279,1,Florescent,ridge,full_ex,1.0,0.32,0.07350502545156071,0.13717539820049682
279,1,Florescent,ridge,full_1fcs,1.0,0.62,0.07350502545156071,0.13717539820049682
279,1,Florescent,ridge,full_mfcs,1.0,0.62,0.07350502545156071,0.13717539820049682
279,2,Florescent,ridge,full_ex,1.0,0.34,0.0666338109174307,0.14809441739535628
279,2,Florescent,ridge,full_1fcs,1.0,0.4,0.0666338109174307,0.14809441739535628
279,2,Florescent,ridge,full_mfcs,1.0,0.4,0.0666338109174307,0.14809441739535628
279,3,Florescent,ridge,full_ex,1.0,0.42,0.14806960913909414,0.14634685951922702
279,3,Florescent,ridge,full_1fcs,1.0,0.48,0.14806960913909414,0.14634685951922702
279,3,Florescent,ridge,full_mfcs,1.0,0.48,0.14806960913909414,0.14634685951922702
279,4,Florescent,ridge,full_ex,1.0,0.42,0.14720836551264035,0.14239120747948253
279,4,Florescent,ridge,full_1fcs,1.0,0.48,0.14720836551264035,0.14239120747948253
279,4,Florescent,ridge,full_mfcs,1.0,0.48,0.14720836551264035,0.14239120747948253
279,5,Florescent,ridge,full_ex,1.0,0.42,0.14560280920547417,0.14803234186020547
279,5,Florescent,ridge,full_1fcs,1.0,0.46,0.14560280920547417,0.14803234186020547
279,5,Florescent,ridge,full_mfcs,1.0,0.46,0.14560280920547417,0.14803234186020547
280,1,Florescent,ridge,full_ex,0.0,0.58,0.08207063666656945,1.1035640105153974
280,1,Florescent,ridge,full_1fcs,0.0,0.48,0.08207063666656945,1.1035640105153974
280,1,Florescent,ridge,full_mfcs,0.0,0.48,0.08207063666656945,1.1035640105153974
280,2,Florescent,ridge,full_ex,1.0,1.26,0.9118532777372844,0.8513838509361275
280,2,Florescent,ridge,full_1fcs,1.0,1.46,0.9118532777372844,0.8513838509361275
280,2,Florescent,ridge,full_mfcs,1.0,1.84,0.9118532777372844,0.8513838509361275
280,3,Florescent,ridge,full_ex,1.0,1.18,0.8514012587509258,0.9012876881403022
280,3,Florescent,ridge,full_1fcs,1.0,1.02,0.8514012587509258,0.9012876881403022
280,3,Florescent,ridge,full_mfcs,1.0,1.24,0.8514012587509258,0.9012876881403022
280,4,Florescent,ridge,full_ex,1.0,1.16,0.8763408826285608,0.8639506016554912
280,4,Florescent,ridge,full_1fcs,1.0,1.02,0.8763408826285608,0.8639506016554912
280,4,Florescent,ridge,full_mfcs,1.0,1.28,0.8763408826285608,0.8639506016554912
280,5,Florescent,ridge,full_ex,1.0,1.16,0.8722111853683617,0.9239323948792703
280,5,Florescent,ridge,full_1fcs,1.0,0.9,0.8722111853683617,0.9239323948792703
280,5,Florescent,ridge,full_mfcs,1.0,1.3,0.8722111853683617,0.9239323948792703
281,1,Florescent,ridge,full_ex,0.0,0.52,0.09535848597163993,0.9946379632695455
281,1,Florescent,ridge,full_1fcs,0.0,0.66,0.09535848597163993,0.9946379632695455
281,1,Florescent,ridge,full_mfcs,0.0,0.66,0.09535848597163993,0.9946379632695455
281,2,Florescent,ridge,full_ex,1.0,1.02,0.6052782835014058,0.9589285514263141
281,2,Florescent,ridge,full_1fcs,1.0,2.22,0.6052782835014058,0.9589285514263141
281,2,Florescent,ridge,full_mfcs,1.0,1.96,0.6052782835014058,0.9589285514263141
281,3,Florescent,ridge,full_ex,1.0,1.18,0.9588163726443364,0.6921212935415592
281,3,Florescent,ridge,full_1fcs,1.0,1.36,0.9588163726443364,0.6921212935415592
281,3,Florescent,ridge,full_mfcs,1.0,1.6,0.9588163726443364,0.6921212935415592
281,4,Florescent,ridge,full_ex,1.0,0.92,0.825489985539826,1.1039914600933225
281,4,Florescent,ridge,full_1fcs,1.0,1.28,0.825489985539826,1.1039914600933225
281,4,Florescent,ridge,full_mfcs,1.0,1.24,0.825489985539826,1.1039914600933225
281,5,Florescent,ridge,full_ex,1.0,0.88,0.9183139926041907,1.0913775657827884
281,5,Florescent,ridge,full_1fcs,1.0,1.4000000000000001,0.9183139926041907,1.0913775657827884
281,5,Florescent,ridge,full_mfcs,1.0,1.3800000000000001,0.9183139926041907,1.0913775657827884
282,1,Florescent,ridge,full_ex,1.0,0.58,0.11506756054083356,0.17279454320583398
282,1,Florescent,ridge,full_1fcs,1.0,0.62,0.11506756054083356,0.17279454320583398
282,1,Florescent,ridge,full_mfcs,1.0,0.62,0.11506756054083356,0.17279454320583398
282,2,Florescent,ridge,full_ex,1.0,0.48,0.10349460329454982,0.07347698721562869
282,2,Florescent,ridge,full_1fcs,1.0,0.8,0.10349460329454982,0.07347698721562869
282,2,Florescent,ridge,full_mfcs,1.0,1.46,0.10349460329454982,0.07347698721562869
282,3,Florescent,ridge,full_ex,1.0,0.46,0.07348187520685105,0.1389468555207719
282,3,Florescent,ridge,full_1fcs,1.0,0.64,0.07348187520685105,0.1389468555207719
282,3,Florescent,ridge,full_mfcs,1.0,0.98,0.07348187520685105,0.1389468555207719
282,4,Florescent,ridge,full_ex,1.0,0.48,0.10621170011010486,0.2451953976603144
282,4,Florescent,ridge,full_1fcs,1.0,0.98,0.10621170011010486,0.2451953976603144
282,4,Florescent,ridge,full_mfcs,1.0,1.0,0.10621170011010486,0.2451953976603144
282,5,Florescent,ridge,full_ex,1.0,0.52,0.15253708438269856,0.23338136820156846
282,5,Florescent,ridge,full_1fcs,1.0,1.04,0.15253708438269856,0.23338136820156846
282,5,Florescent,ridge,full_mfcs,1.0,1.04,0.15253708438269856,0.23338136820156846
283,1,Florescent,ridge,full_ex,1.0,0.6,0.10443324990103683,0.13835296115232024
283,1,Florescent,ridge,full_1fcs,1.0,0.62,0.10443324990103683,0.13835296115232024
283,1,Florescent,ridge,full_mfcs,1.0,0.62,0.10443324990103683,0.13835296115232024
283,2,Florescent,ridge,full_ex,1.0,0.78,0.2319672227114925,0.11497116928219031
283,2,Florescent,ridge,full_1fcs,1.0,0.78,0.2319672227114925,0.11497116928219031
283,2,Florescent,ridge,full_mfcs,1.0,0.86,0.2319672227114925,0.11497116928219031
283,3,Florescent,ridge,full_ex,1.0,0.64,0.11501482847147272,0.12474899880107067
283,3,Florescent,ridge,full_1fcs,1.0,0.64,0.11501482847147272,0.12474899880107067
283,3,Florescent,ridge,full_mfcs,1.0,0.92,0.11501482847147272,0.12474899880107067
283,4,Florescent,ridge,full_ex,1.0,0.64,0.11988100534601388,0.1300183480682869
283,4,Florescent,ridge,full_1fcs,1.0,0.64,0.11988100534601388,0.1300183480682869
283,4,Florescent,ridge,full_mfcs,1.0,0.98,0.11988100534601388,0.1300183480682869
283,5,Florescent,ridge,full_ex,1.0,0.64,0.12325969915689536,0.11924289400717984
283,5,Florescent,ridge,full_1fcs,1.0,0.64,0.12325969915689536,0.11924289400717984
283,5,Florescent,ridge,full_mfcs,1.0,1.48,0.12325969915689536,0.11924289400717984
284,1,Florescent,ridge,full_ex,1.0,1.06,0.47414274985833266,0.12607343099474647
284,1,Florescent,ridge,full_1fcs,1.0,1.22,0.47414274985833266,0.12607343099474647
284,1,Florescent,ridge,full_mfcs,1.0,1.22,0.47414274985833266,0.12607343099474647
284,2,Florescent,ridge,full_ex,1.0,0.98,0.07345731265078052,0.13732430460426007
284,2,Florescent,ridge,full_1fcs,1.0,0.76,0.07345731265078052,0.13732430460426007
284,2,Florescent,ridge,full_mfcs,1.0,0.98,0.07345731265078052,0.13732430460426007
284,3,Florescent,ridge,full_ex,1.0,1.0,0.13730877572594016,0.11883692593879523
284,3,Florescent,ridge,full_1fcs,1.0,0.68,0.13730877572594016,0.11883692593879523
284,3,Florescent,ridge,full_mfcs,1.0,1.0,0.13730877572594016,0.11883692593879523
284,4,Florescent,ridge,full_ex,1.0,0.96,0.12807397379867333,0.12542862441695216
284,4,Florescent,ridge,full_1fcs,1.0,0.96,0.12807397379867333,0.12542862441695216
284,4,Florescent,ridge,full_mfcs,1.0,0.96,0.12807397379867333,0.12542862441695216
284,5,Florescent,ridge,full_ex,1.0,0.96,0.12719226214906665,0.12755461828950235
284,5,Florescent,ridge,full_1fcs,1.0,0.96,0.12719226214906665,0.12755461828950235
284,5,Florescent,ridge,full_mfcs,1.0,1.16,0.12719226214906665,0.12755461828950235
285,1,Florescent,ridge,full_ex,1.0,0.9,0.29609333769142526,0.15410675016705142
285,1,Florescent,ridge,full_1fcs,1.0,0.76,0.29609333769142526,0.15410675016705142
285,1,Florescent,ridge,full_mfcs,1.0,0.76,0.29609333769142526,0.15410675016705142
285,2,Florescent,ridge,full_ex,1.0,0.76,0.1990379126578968,0.12806135673456415
285,2,Florescent,ridge,full_1fcs,1.0,0.76,0.1990379126578968,0.12806135673456415
285,2,Florescent,ridge,full_mfcs,1.0,1.04,0.1990379126578968,0.12806135673456415
285,3,Florescent,ridge,full_ex,1.0,0.7000000000000001,0.12808592947181974,0.1244393924643458
285,3,Florescent,ridge,full_1fcs,1.0,0.7000000000000001,0.12808592947181974,0.1244393924643458
285,3,Florescent,ridge,full_mfcs,1.0,0.78,0.12808592947181974,0.1244393924643458
285,4,Florescent,ridge,full_ex,1.0,0.68,0.12626297663901628,0.14604424365996976
285,4,Florescent,ridge,full_1fcs,1.0,0.68,0.12626297663901628,0.14604424365996976
285,4,Florescent,ridge,full_mfcs,1.0,0.78,0.12626297663901628,0.14604424365996976
285,5,Florescent,ridge,full_ex,1.0,0.7000000000000001,0.13285597119822976,0.11525324412774907
285,5,Florescent,ridge,full_1fcs,1.0,0.7000000000000001,0.13285597119822976,0.11525324412774907
285,5,Florescent,ridge,full_mfcs,1.0,0.8,0.13285597119822976,0.11525324412774907
286,1,Florescent,ridge,full_ex,1.0,0.46,0.3330681010869905,0.2914024011970584
286,1,Florescent,ridge,full_1fcs,1.0,1.1400000000000001,0.3330681010869905,0.2914024011970584
286,1,Florescent,ridge,full_mfcs,1.0,1.1400000000000001,0.3330681010869905,0.2914024011970584
286,2,Florescent,ridge,full_ex,1.0,0.44,0.15169827225719948,0.18584166186256126
286,2,Florescent,ridge,full_1fcs,1.0,0.52,0.15169827225719948,0.18584166186256126
286,2,Florescent,ridge,full_mfcs,1.0,0.52,0.15169827225719948,0.18584166186256126
286,3,Florescent,ridge,full_ex,1.0,0.42,0.18583083589128294,0.18059550214155315
286,3,Florescent,ridge,full_1fcs,1.0,0.54,0.18583083589128294,0.18059550214155315
286,3,Florescent,ridge,full_mfcs,1.0,0.54,0.18583083589128294,0.18059550214155315
286,4,Florescent,ridge,full_ex,1.0,0.42,0.18321358407980096,0.20297962810041706
286,4,Florescent,ridge,full_1fcs,1.0,0.52,0.18321358407980096,0.20297962810041706
286,4,Florescent,ridge,full_mfcs,1.0,0.52,0.18321358407980096,0.20297962810041706
286,5,Florescent,ridge,full_ex,1.0,0.42,0.189801568907132,0.18906388032039967
286,5,Florescent,ridge,full_1fcs,1.0,0.54,0.189801568907132,0.18906388032039967
286,5,Florescent,ridge,full_mfcs,1.0,0.54,0.189801568907132,0.18906388032039967
287,1,Florescent,ridge,full_ex,0.0,0.56,0.08556525093312813,1.2251798552341053
287,1,Florescent,ridge,full_1fcs,0.0,1.08,0.08556525093312813,1.2251798552341053
287,1,Florescent,ridge,full_mfcs,0.0,1.08,0.08556525093312813,1.2251798552341053
287,2,Florescent,ridge,full_ex,0.0,1.18,0.7783173905498313,1.372756582967679
287,2,Florescent,ridge,full_1fcs,1.0,2.22,0.7783173905498313,1.372756582967679
287,2,Florescent,ridge,full_mfcs,1.0,2.22,0.7783173905498313,1.372756582967679
287,3,Florescent,ridge,full_ex,1.0,1.18,1.37262354682448,1.376722177517147
287,3,Florescent,ridge,full_1fcs,1.0,2.12,1.37262354682448,1.376722177517147
287,3,Florescent,ridge,full_mfcs,1.0,1.9000000000000001,1.37262354682448,1.376722177517147
287,4,Florescent,ridge,full_ex,1.0,1.06,1.374672632825502,1.3872883014493382
287,4,Florescent,ridge,full_1fcs,1.0,2.1,1.374672632825502,1.3872883014493382
287,4,Florescent,ridge,full_mfcs,1.0,1.68,1.374672632825502,1.3872883014493382
287,5,Florescent,ridge,full_ex,1.0,1.04,1.3788775419417882,1.32182740972405
287,5,Florescent,ridge,full_1fcs,1.0,2.1,1.3788775419417882,1.32182740972405
287,5,Florescent,ridge,full_mfcs,1.0,1.72,1.3788775419417882,1.32182740972405
288,1,Florescent,ridge,full_ex,1.0,1.04,0.3431684749169548,0.15053902384546125
288,1,Florescent,ridge,full_1fcs,1.0,1.04,0.3431684749169548,0.15053902384546125
288,1,Florescent,ridge,full_mfcs,1.0,1.04,0.3431684749169548,0.15053902384546125
288,2,Florescent,ridge,full_ex,1.0,0.9,0.18177279719830408,0.1747218986042292
288,2,Florescent,ridge,full_1fcs,1.0,0.76,0.18177279719830408,0.1747218986042292
288,2,Florescent,ridge,full_mfcs,1.0,1.02,0.18177279719830408,0.1747218986042292
288,3,Florescent,ridge,full_ex,1.0,0.9,0.17472294948038847,0.15089679459766603
288,3,Florescent,ridge,full_1fcs,1.0,0.76,0.17472294948038847,0.15089679459766603
288,3,Florescent,ridge,full_mfcs,1.0,0.76,0.17472294948038847,0.15089679459766603
288,4,Florescent,ridge,full_ex,1.0,0.88,0.16281075987807325,0.1603558717284493
288,4,Florescent,ridge,full_1fcs,1.0,0.74,0.16281075987807325,0.1603558717284493
288,4,Florescent,ridge,full_mfcs,1.0,0.74,0.16281075987807325,0.1603558717284493
288,5,Florescent,ridge,full_ex,1.0,0.88,0.16199250448599106,0.15497351750288826
288,5,Florescent,ridge,full_1fcs,1.0,0.74,0.16199250448599106,0.15497351750288826
288,5,Florescent,ridge,full_mfcs,1.0,0.74,0.16199250448599106,0.15497351750288826
289,1,Florescent,ridge,full_ex,1.0,0.9,0.4063349780325018,0.21006247414118287
289,1,Florescent,ridge,full_1fcs,1.0,0.9,0.4063349780325018,0.21006247414118287
289,1,Florescent,ridge,full_mfcs,1.0,0.9,0.4063349780325018,0.21006247414118287
289,2,Florescent,ridge,full_ex,1.0,0.8200000000000001,0.41415973118590144,0.05290166322838365
289,2,Florescent,ridge,full_1fcs,1.0,0.8,0.41415973118590144,0.05290166322838365
289,2,Florescent,ridge,full_mfcs,1.0,0.8,0.41415973118590144,0.05290166322838365
289,3,Florescent,ridge,full_ex,1.0,0.58,0.05304947726163038,0.204209733037926
289,3,Florescent,ridge,full_1fcs,1.0,0.78,0.05304947726163038,0.204209733037926
289,3,Florescent,ridge,full_mfcs,1.0,0.78,0.05304947726163038,0.204209733037926
289,4,Florescent,ridge,full_ex,1.0,0.58,0.1286141396288769,0.11407826639933838
289,4,Florescent,ridge,full_1fcs,1.0,0.84,0.1286141396288769,0.11407826639933838
289,4,Florescent,ridge,full_mfcs,1.0,0.84,0.1286141396288769,0.11407826639933838
289,5,Florescent,ridge,full_ex,1.0,0.58,0.12376950957233471,0.13218266822734745
289,5,Florescent,ridge,full_1fcs,1.0,0.84,0.12376950957233471,0.13218266822734745
289,5,Florescent,ridge,full_mfcs,1.0,0.84,0.12376950957233471,0.13218266822734745
290,1,Florescent,ridge,full_ex,0.0,0.76,0.6147903821820325,0.07797706303816189
290,1,Florescent,ridge,full_1fcs,1.0,2.22,0.6147903821820325,0.07797706303816189
290,1,Florescent,ridge,full_mfcs,1.0,2.22,0.6147903821820325,0.07797706303816189
290,2,Florescent,ridge,full_ex,1.0,0.6,-0.106244565612468,0.11852899030456084
290,2,Florescent,ridge,full_1fcs,1.0,0.6,-0.106244565612468,0.11852899030456084
290,2,Florescent,ridge,full_mfcs,1.0,0.6,-0.106244565612468,0.11852899030456084
290,3,Florescent,ridge,full_ex,1.0,0.78,0.11849257658946946,0.11125126795177862
290,3,Florescent,ridge,full_1fcs,1.0,0.78,0.11849257658946946,0.11125126795177862
290,3,Florescent,ridge,full_mfcs,1.0,0.78,0.11849257658946946,0.11125126795177862
290,4,Florescent,ridge,full_ex,1.0,0.74,0.11487221557141068,0.07862803763512786
290,4,Florescent,ridge,full_1fcs,1.0,0.74,0.11487221557141068,0.07862803763512786
290,4,Florescent,ridge,full_mfcs,1.0,0.74,0.11487221557141068,0.07862803763512786
290,5,Florescent,ridge,full_ex,1.0,0.72,0.10279147539823069,0.09612516108041483
290,5,Florescent,ridge,full_1fcs,1.0,0.72,0.10279147539823069,0.09612516108041483
290,5,Florescent,ridge,full_mfcs,1.0,0.72,0.10279147539823069,0.09612516108041483
291,1,Florescent,ridge,full_ex,1.0,0.58,0.07915631814492907,0.11482068307324236
291,1,Florescent,ridge,full_1fcs,1.0,0.78,0.07915631814492907,0.11482068307324236
291,1,Florescent,ridge,full_mfcs,1.0,0.78,0.07915631814492907,0.11482068307324236
291,2,Florescent,ridge,full_ex,1.0,0.6,0.1747369519073525,0.15805261478643526
291,2,Florescent,ridge,full_1fcs,1.0,0.84,0.1747369519073525,0.15805261478643526
291,2,Florescent,ridge,full_mfcs,1.0,0.88,0.1747369519073525,0.15805261478643526
291,3,Florescent,ridge,full_ex,1.0,0.6,0.15805828792286164,0.14907319753923354
291,3,Florescent,ridge,full_1fcs,1.0,0.72,0.15805828792286164,0.14907319753923354
291,3,Florescent,ridge,full_mfcs,1.0,0.9,0.15805828792286164,0.14907319753923354
291,4,Florescent,ridge,full_ex,1.0,0.62,0.15356650665649513,0.14593836696674867
291,4,Florescent,ridge,full_1fcs,1.0,0.9,0.15356650665649513,0.14593836696674867
291,4,Florescent,ridge,full_mfcs,1.0,0.9,0.15356650665649513,0.14593836696674867
291,5,Florescent,ridge,full_ex,1.0,0.62,0.15102408168960968,0.14839556141768145
291,5,Florescent,ridge,full_1fcs,1.0,0.9,0.15102408168960968,0.14839556141768145
291,5,Florescent,ridge,full_mfcs,1.0,0.9,0.15102408168960968,0.14839556141768145
292,1,Florescent,ridge,full_ex,1.0,0.38,0.0528228011455925,0.1934079474171862
292,1,Florescent,ridge,full_1fcs,1.0,0.74,0.0528228011455925,0.1934079474171862
292,1,Florescent,ridge,full_mfcs,1.0,0.74,0.0528228011455925,0.1934079474171862
292,2,Florescent,ridge,full_ex,1.0,0.48,0.09844100730122556,0.17141090260903707
292,2,Florescent,ridge,full_1fcs,1.0,0.84,0.09844100730122556,0.17141090260903707
292,2,Florescent,ridge,full_mfcs,1.0,0.84,0.09844100730122556,0.17141090260903707
292,3,Florescent,ridge,full_ex,1.0,0.52,0.17138575783210636,0.23418778821412745
292,3,Florescent,ridge,full_1fcs,1.0,0.9,0.17138575783210636,0.23418778821412745
292,3,Florescent,ridge,full_mfcs,1.0,0.9,0.17138575783210636,0.23418778821412745
292,4,Florescent,ridge,full_ex,1.0,0.54,0.20278136183550838,0.18886517768159375
292,4,Florescent,ridge,full_1fcs,1.0,0.92,0.20278136183550838,0.18886517768159375
292,4,Florescent,ridge,full_mfcs,1.0,0.92,0.20278136183550838,0.18886517768159375
292,5,Florescent,ridge,full_ex,1.0,0.52,0.19814316672807736,0.18582534440351664
292,5,Florescent,ridge,full_1fcs,1.0,0.9,0.19814316672807736,0.18582534440351664
292,5,Florescent,ridge,full_mfcs,1.0,0.9,0.19814316672807736,0.18582534440351664
293,1,Florescent,ridge,full_ex,1.0,0.8,0.3072672196438016,0.1950583057788704
293,1,Florescent,ridge,full_1fcs,1.0,0.78,0.3072672196438016,0.1950583057788704
293,1,Florescent,ridge,full_mfcs,1.0,0.78,0.3072672196438016,0.1950583057788704
293,2,Florescent,ridge,full_ex,1.0,0.68,0.1865786054212918,0.262672465618304
293,2,Florescent,ridge,full_1fcs,1.0,0.68,0.1865786054212918,0.262672465618304
293,2,Florescent,ridge,full_mfcs,1.0,0.78,0.1865786054212918,0.262672465618304
293,3,Florescent,ridge,full_ex,1.0,0.74,0.26264852999888505,0.1294950862007368
293,3,Florescent,ridge,full_1fcs,1.0,0.74,0.26264852999888505,0.1294950862007368
293,3,Florescent,ridge,full_mfcs,1.0,0.8,0.26264852999888505,0.1294950862007368
293,4,Florescent,ridge,full_ex,1.0,0.68,0.19608228073001663,0.2721680120490064
293,4,Florescent,ridge,full_1fcs,1.0,0.68,0.19608228073001663,0.2721680120490064
293,4,Florescent,ridge,full_mfcs,1.0,0.8,0.19608228073001663,0.2721680120490064
293,5,Florescent,ridge,full_ex,1.0,0.7000000000000001,0.22144153138247352,0.10637373569463206
293,5,Florescent,ridge,full_1fcs,1.0,0.7000000000000001,0.22144153138247352,0.10637373569463206
293,5,Florescent,ridge,full_mfcs,1.0,0.8200000000000001,0.22144153138247352,0.10637373569463206
294,1,Florescent,ridge,full_ex,1.0,0.74,0.07525539944930648,0.18724373553204648
294,1,Florescent,ridge,full_1fcs,1.0,0.3,0.07525539944930648,0.18724373553204648
294,1,Florescent,ridge,full_mfcs,1.0,0.3,0.07525539944930648,0.18724373553204648
294,2,Florescent,ridge,full_ex,1.0,0.9400000000000001,0.23987372431951234,0.17349494407908567
294,2,Florescent,ridge,full_1fcs,1.0,0.42,0.23987372431951234,0.17349494407908567
294,2,Florescent,ridge,full_mfcs,1.0,0.9400000000000001,0.23987372431951234,0.17349494407908567
294,3,Florescent,ridge,full_ex,1.0,0.8,0.17351520182795482,0.17823033138754335
294,3,Florescent,ridge,full_1fcs,1.0,0.4,0.17351520182795482,0.17823033138754335
294,3,Florescent,ridge,full_mfcs,1.0,0.86,0.17351520182795482,0.17823033138754335
294,4,Florescent,ridge,full_ex,1.0,0.78,0.1758724068066236,0.21218680468256387
294,4,Florescent,ridge,full_1fcs,1.0,0.4,0.1758724068066236,0.21218680468256387
294,4,Florescent,ridge,full_mfcs,1.0,0.84,0.1758724068066236,0.21218680468256387
294,5,Florescent,ridge,full_ex,1.0,0.8,0.18797597445023403,0.20511372394177296
294,5,Florescent,ridge,full_1fcs,1.0,0.42,0.18797597445023403,0.20511372394177296
294,5,Florescent,ridge,full_mfcs,1.0,0.86,0.18797597445023403,0.20511372394177296
295,1,Florescent,ridge,full_ex,1.0,0.76,0.32103369197310294,0.1587021147005341
295,1,Florescent,ridge,full_1fcs,1.0,1.04,0.32103369197310294,0.1587021147005341
295,1,Florescent,ridge,full_mfcs,1.0,1.04,0.32103369197310294,0.1587021147005341
295,2,Florescent,ridge,full_ex,1.0,0.8,0.34152693421367464,0.14861761871991153
295,2,Florescent,ridge,full_1fcs,1.0,1.0,0.34152693421367464,0.14861761871991153
295,2,Florescent,ridge,full_mfcs,1.0,1.28,0.34152693421367464,0.14861761871991153
295,3,Florescent,ridge,full_ex,1.0,0.58,0.14864653511334033,0.19200586320671761
295,3,Florescent,ridge,full_1fcs,1.0,0.6,0.14864653511334033,0.19200586320671761
295,3,Florescent,ridge,full_mfcs,1.0,0.6,0.14864653511334033,0.19200586320671761
295,4,Florescent,ridge,full_ex,1.0,0.6,0.1703245741875603,0.1404542501308364
295,4,Florescent,ridge,full_1fcs,1.0,0.64,0.1703245741875603,0.1404542501308364
295,4,Florescent,ridge,full_mfcs,1.0,0.64,0.1703245741875603,0.1404542501308364
295,5,Florescent,ridge,full_ex,1.0,0.58,0.16036829704523986,0.11929641127343266
295,5,Florescent,ridge,full_1fcs,1.0,0.62,0.16036829704523986,0.11929641127343266
295,5,Florescent,ridge,full_mfcs,1.0,0.62,0.16036829704523986,0.11929641127343266
296,1,Florescent,ridge,full_ex,1.0,0.56,0.20823480887909634,0.2763444249381614
296,1,Florescent,ridge,full_1fcs,1.0,1.1400000000000001,0.20823480887909634,0.2763444249381614
296,1,Florescent,ridge,full_mfcs,1.0,1.1400000000000001,0.20823480887909634,0.2763444249381614
296,2,Florescent,ridge,full_ex,1.0,0.52,0.20252689294594778,0.07788746816746878
296,2,Florescent,ridge,full_1fcs,1.0,1.0,0.20252689294594778,0.07788746816746878
296,2,Florescent,ridge,full_mfcs,1.0,1.3,0.20252689294594778,0.07788746816746878
296,3,Florescent,ridge,full_ex,1.0,0.4,0.0779122687652728,0.060889454380522776
296,3,Florescent,ridge,full_1fcs,1.0,0.4,0.0779122687652728,0.060889454380522776
296,3,Florescent,ridge,full_mfcs,1.0,0.4,0.0779122687652728,0.060889454380522776
296,4,Florescent,ridge,full_ex,1.0,0.4,0.06940170845199108,0.08548895490463676
296,4,Florescent,ridge,full_1fcs,1.0,0.4,0.06940170845199108,0.08548895490463676
296,4,Florescent,ridge,full_mfcs,1.0,0.4,0.06940170845199108,0.08548895490463676
296,5,Florescent,ridge,full_ex,1.0,0.42,0.07476376822014473,0.0930521953044774
296,5,Florescent,ridge,full_1fcs,1.0,0.4,0.07476376822014473,0.0930521953044774
296,5,Florescent,ridge,full_mfcs,1.0,0.42,0.07476376822014473,0.0930521953044774
297,1,Florescent,ridge,full_ex,1.0,1.08,0.4526812515837569,0.9290282425249101
297,1,Florescent,ridge,full_1fcs,1.0,1.06,0.4526812515837569,0.9290282425249101
297,1,Florescent,ridge,full_mfcs,1.0,1.06,0.4526812515837569,0.9290282425249101
297,2,Florescent,ridge,full_ex,1.0,1.56,0.921900217935953,1.2654737018264148
297,2,Florescent,ridge,full_1fcs,1.0,2.22,0.921900217935953,1.2654737018264148
297,2,Florescent,ridge,full_mfcs,1.0,2.22,0.921900217935953,1.2654737018264148
297,3,Florescent,ridge,full_ex,1.0,1.22,1.265356125903443,0.8887439724393713
297,3,Florescent,ridge,full_1fcs,1.0,1.72,1.265356125903443,0.8887439724393713
297,3,Florescent,ridge,full_mfcs,1.0,2.16,1.265356125903443,0.8887439724393713
297,4,Florescent,ridge,full_ex,1.0,1.16,1.0770822752464329,0.9381229726738631
297,4,Florescent,ridge,full_1fcs,1.0,1.6600000000000001,1.0770822752464329,0.9381229726738631
297,4,Florescent,ridge,full_mfcs,1.0,1.6600000000000001,1.0770822752464329,0.9381229726738631
297,5,Florescent,ridge,full_ex,1.0,1.08,1.0307677926998247,1.0042354024314675
297,5,Florescent,ridge,full_1fcs,1.0,1.52,1.0307677926998247,1.0042354024314675
297,5,Florescent,ridge,full_mfcs,1.0,1.36,1.0307677926998247,1.0042354024314675
298,1,Florescent,ridge,full_ex,1.0,0.44,0.15786850816856338,0.13374373949719362
298,1,Florescent,ridge,full_1fcs,1.0,0.7000000000000001,0.15786850816856338,0.13374373949719362
298,1,Florescent,ridge,full_mfcs,1.0,0.7000000000000001,0.15786850816856338,0.13374373949719362
298,2,Florescent,ridge,full_ex,0.0,0.46,0.19504879455572033,0.9507770772191966
298,2,Florescent,ridge,full_1fcs,0.0,1.22,0.19504879455572033,0.9507770772191966
298,2,Florescent,ridge,full_mfcs,0.0,1.56,0.19504879455572033,0.9507770772191966
298,3,Florescent,ridge,full_ex,1.0,0.8200000000000001,0.950632933122873,0.903482705548002
298,3,Florescent,ridge,full_1fcs,1.0,1.44,0.950632933122873,0.903482705548002
298,3,Florescent,ridge,full_mfcs,1.0,1.4000000000000001,0.950632933122873,0.903482705548002
298,4,Florescent,ridge,full_ex,1.0,0.7000000000000001,0.9270600678537737,0.989705976751253
298,4,Florescent,ridge,full_1fcs,1.0,1.5,0.9270600678537737,0.989705976751253
298,4,Florescent,ridge,full_mfcs,1.0,1.24,0.9270600678537737,0.989705976751253
298,5,Florescent,ridge,full_ex,1.0,0.72,0.9479407096748687,0.8764382677372609
298,5,Florescent,ridge,full_1fcs,1.0,1.56,0.9479407096748687,0.8764382677372609
298,5,Florescent,ridge,full_mfcs,1.0,1.28,0.9479407096748687,0.8764382677372609
299,1,Florescent,ridge,full_ex,1.0,0.5,0.13772115427268822,0.19034558471629687
299,1,Florescent,ridge,full_1fcs,1.0,1.28,0.13772115427268822,0.19034558471629687
299,1,Florescent,ridge,full_mfcs,1.0,1.28,0.13772115427268822,0.19034558471629687
299,2,Florescent,ridge,full_ex,1.0,0.56,0.1816837635179191,0.489014409047542
299,2,Florescent,ridge,full_1fcs,1.0,1.18,0.1816837635179191,0.489014409047542
299,2,Florescent,ridge,full_mfcs,1.0,1.62,0.1816837635179191,0.489014409047542
299,3,Florescent,ridge,full_ex,1.0,0.74,0.48895801841988595,0.3199365207570468
299,3,Florescent,ridge,full_1fcs,1.0,0.86,0.48895801841988595,0.3199365207570468
299,3,Florescent,ridge,full_mfcs,1.0,0.86,0.48895801841988595,0.3199365207570468
299,4,Florescent,ridge,full_ex,1.0,0.74,0.4044550235359606,0.47945231396987237
299,4,Florescent,ridge,full_1fcs,1.0,0.78,0.4044550235359606,0.47945231396987237
299,4,Florescent,ridge,full_mfcs,1.0,0.78,0.4044550235359606,0.47945231396987237
299,5,Florescent,ridge,full_ex,1.0,0.76,0.42945259117234824,0.43622629722019524
299,5,Florescent,ridge,full_1fcs,1.0,0.8200000000000001,0.42945259117234824,0.43622629722019524
299,5,Florescent,ridge,full_mfcs,1.0,0.8200000000000001,0.42945259117234824,0.43622629722019524
300,1,Florescent,ridge,full_ex,1.0,0.42,0.08504552145187577,0.08851332937774553
300,1,Florescent,ridge,full_1fcs,1.0,0.4,0.08504552145187577,0.08851332937774553
300,1,Florescent,ridge,full_mfcs,1.0,0.4,0.08504552145187577,0.08851332937774553
300,2,Florescent,ridge,full_ex,1.0,0.66,0.33913900429739824,0.125710415633924
300,2,Florescent,ridge,full_1fcs,1.0,0.78,0.33913900429739824,0.125710415633924
300,2,Florescent,ridge,full_mfcs,1.0,1.08,0.33913900429739824,0.125710415633924
300,3,Florescent,ridge,full_ex,1.0,0.56,0.1257642877776093,0.13265190086760442
300,3,Florescent,ridge,full_1fcs,1.0,0.56,0.1257642877776093,0.13265190086760442
300,3,Florescent,ridge,full_mfcs,1.0,0.56,0.1257642877776093,0.13265190086760442
300,4,Florescent,ridge,full_ex,1.0,0.44,0.12920765963815614,0.12653261865136234
300,4,Florescent,ridge,full_1fcs,1.0,0.6,0.12920765963815614,0.12653261865136234
300,4,Florescent,ridge,full_mfcs,1.0,0.6,0.12920765963815614,0.12653261865136234
300,5,Florescent,ridge,full_ex,1.0,0.44,0.12831605434490811,0.12471451297768421
300,5,Florescent,ridge,full_1fcs,1.0,0.52,0.12831605434490811,0.12471451297768421
300,5,Florescent,ridge,full_mfcs,1.0,0.62,0.12831605434490811,0.12471451297768421
301,1,Florescent,ridge,full_ex,1.0,0.8,-0.08222990312335496,0.05063763914489059
301,1,Florescent,ridge,full_1fcs,1.0,0.86,-0.08222990312335496,0.05063763914489059
301,1,Florescent,ridge,full_mfcs,1.0,0.86,-0.08222990312335496,0.05063763914489059
301,2,Florescent,ridge,full_ex,1.0,1.1,0.53626656483204,0.08070385632861565
301,2,Florescent,ridge,full_1fcs,0.0,1.12,0.53626656483204,0.08070385632861565
301,2,Florescent,ridge,full_mfcs,1.0,1.98,0.53626656483204,0.08070385632861565
301,3,Florescent,ridge,full_ex,1.0,0.9,0.08081052910605337,0.07990951020324032
301,3,Florescent,ridge,full_1fcs,1.0,0.8,0.08081052910605337,0.07990951020324032
301,3,Florescent,ridge,full_mfcs,1.0,1.0,0.08081052910605337,0.07990951020324032
301,4,Florescent,ridge,full_ex,1.0,0.64,0.08036007240494905,0.08027397049735022
301,4,Florescent,ridge,full_1fcs,1.0,0.46,0.08036007240494905,0.08027397049735022
301,4,Florescent,ridge,full_mfcs,1.0,0.56,0.08036007240494905,0.08027397049735022
301,5,Florescent,ridge,full_ex,1.0,0.64,0.08033137400933621,0.0794495741384955
301,5,Florescent,ridge,full_1fcs,1.0,0.46,0.08033137400933621,0.0794495741384955
301,5,Florescent,ridge,full_mfcs,1.0,0.56,0.08033137400933621,0.0794495741384955
302,1,Florescent,ridge,full_ex,0.0,0.46,0.1539102159945276,0.6265776595612094
302,1,Florescent,ridge,full_1fcs,0.0,0.96,0.1539102159945276,0.6265776595612094
302,1,Florescent,ridge,full_mfcs,0.0,0.96,0.1539102159945276,0.6265776595612094
302,2,Florescent,ridge,full_ex,1.0,0.98,0.6421678947615637,0.027863390771220985
302,2,Florescent,ridge,full_1fcs,1.0,2.22,0.6421678947615637,0.027863390771220985
302,2,Florescent,ridge,full_mfcs,1.0,2.22,0.6421678947615637,0.027863390771220985
302,3,Florescent,ridge,full_ex,1.0,0.8,0.027966655265796003,0.12051476039910836
302,3,Florescent,ridge,full_1fcs,1.0,1.26,0.027966655265796003,0.12051476039910836
302,3,Florescent,ridge,full_mfcs,1.0,1.26,0.027966655265796003,0.12051476039910836
302,4,Florescent,ridge,full_ex,1.0,0.6,0.07423681817513998,0.0
302,4,Florescent,ridge,full_1fcs,1.0,0.42,0.07423681817513998,0.0
302,4,Florescent,ridge,full_mfcs,1.0,0.42,0.07423681817513998,0.0
302,5,Florescent,ridge,full_ex,1.0,0.62,0.049492598849195796,0.017793462083745396
302,5,Florescent,ridge,full_1fcs,1.0,0.42,0.049492598849195796,0.017793462083745396
302,5,Florescent,ridge,full_mfcs,1.0,0.42,0.049492598849195796,0.017793462083745396
303,1,Florescent,ridge,full_ex,1.0,0.72,0.15377861028142822,0.1828445542681391
303,1,Florescent,ridge,full_1fcs,1.0,0.6,0.15377861028142822,0.1828445542681391
303,1,Florescent,ridge,full_mfcs,1.0,0.6,0.15377861028142822,0.1828445542681391
303,2,Florescent,ridge,full_ex,1.0,0.92,0.3746312399380361,0.18929403130358097
303,2,Florescent,ridge,full_1fcs,1.0,1.0,0.3746312399380361,0.18929403130358097
303,2,Florescent,ridge,full_mfcs,1.0,1.26,0.3746312399380361,0.18929403130358097
303,3,Florescent,ridge,full_ex,1.0,0.78,0.1893661492778599,0.19912028188067044
303,3,Florescent,ridge,full_1fcs,1.0,0.56,0.1893661492778599,0.19912028188067044
303,3,Florescent,ridge,full_mfcs,1.0,0.84,0.1893661492778599,0.19912028188067044
303,4,Florescent,ridge,full_ex,1.0,0.8,0.1942422665181184,0.17687963434413834
303,4,Florescent,ridge,full_1fcs,1.0,0.52,0.1942422665181184,0.17687963434413834
303,4,Florescent,ridge,full_mfcs,1.0,0.78,0.1942422665181184,0.17687963434413834
303,5,Florescent,ridge,full_ex,1.0,0.8,0.1884554733335049,0.18219073646963074
303,5,Florescent,ridge,full_1fcs,1.0,0.52,0.1884554733335049,0.18219073646963074
303,5,Florescent,ridge,full_mfcs,1.0,0.68,0.1884554733335049,0.18219073646963074
304,1,Florescent,ridge,full_ex,1.0,0.48,0.09219879972543177,0.1640181245145817
304,1,Florescent,ridge,full_1fcs,1.0,0.96,0.09219879972543177,0.1640181245145817
304,1,Florescent,ridge,full_mfcs,1.0,0.96,0.09219879972543177,0.1640181245145817
304,2,Florescent,ridge,full_ex,1.0,0.52,0.12051370347796272,0.14205239822414345
304,2,Florescent,ridge,full_1fcs,1.0,0.54,0.12051370347796272,0.14205239822414345
304,2,Florescent,ridge,full_mfcs,1.0,1.06,0.12051370347796272,0.14205239822414345
304,3,Florescent,ridge,full_ex,1.0,0.54,0.14204913322045296,0.18259040876450103
304,3,Florescent,ridge,full_1fcs,1.0,0.54,0.14204913322045296,0.18259040876450103
304,3,Florescent,ridge,full_mfcs,1.0,0.54,0.14204913322045296,0.18259040876450103
304,4,Florescent,ridge,full_ex,1.0,0.54,0.16231823448546678,0.16997258072341917
304,4,Florescent,ridge,full_1fcs,1.0,0.56,0.16231823448546678,0.16997258072341917
304,4,Florescent,ridge,full_mfcs,1.0,0.56,0.16231823448546678,0.16997258072341917
304,5,Florescent,ridge,full_ex,1.0,0.54,0.1648695542946402,0.16333726558528674
304,5,Florescent,ridge,full_1fcs,1.0,0.56,0.1648695542946402,0.16333726558528674
304,5,Florescent,ridge,full_mfcs,1.0,0.56,0.1648695542946402,0.16333726558528674
305,1,Florescent,ridge,full_ex,0.0,0.86,0.32116519963980583,1.049975313307981
305,1,Florescent,ridge,full_1fcs,0.0,1.3,0.32116519963980583,1.049975313307981
305,1,Florescent,ridge,full_mfcs,0.0,1.3,0.32116519963980583,1.049975313307981
305,2,Florescent,ridge,full_ex,1.0,1.24,1.1925423858698203,0.9757239252983718
305,2,Florescent,ridge,full_1fcs,1.0,2.22,1.1925423858698203,0.9757239252983718
305,2,Florescent,ridge,full_mfcs,1.0,2.22,1.1925423858698203,0.9757239252983718
305,3,Florescent,ridge,full_ex,1.0,1.28,0.9758007326724426,0.9856115103556685
305,3,Florescent,ridge,full_1fcs,1.0,1.42,0.9758007326724426,0.9856115103556685
305,3,Florescent,ridge,full_mfcs,1.0,1.42,0.9758007326724426,0.9856115103556685
305,4,Florescent,ridge,full_ex,1.0,1.18,0.980705252500151,0.9760170444962105
305,4,Florescent,ridge,full_1fcs,1.0,1.44,0.980705252500151,0.9760170444962105
305,4,Florescent,ridge,full_mfcs,1.0,1.28,0.980705252500151,0.9760170444962105
305,5,Florescent,ridge,full_ex,1.0,1.1400000000000001,0.9791427010733524,0.9631810139419769
305,5,Florescent,ridge,full_1fcs,1.0,1.46,0.9791427010733524,0.9631810139419769
305,5,Florescent,ridge,full_mfcs,1.0,1.34,0.9791427010733524,0.9631810139419769
306,1,Florescent,ridge,full_ex,1.0,0.8,0.1815314720252779,0.12866455880403604
306,1,Florescent,ridge,full_1fcs,1.0,0.76,0.1815314720252779,0.12866455880403604
306,1,Florescent,ridge,full_mfcs,1.0,0.76,0.1815314720252779,0.12866455880403604
306,2,Florescent,ridge,full_ex,1.0,0.9400000000000001,0.39905776586051794,0.08359994202283193
306,2,Florescent,ridge,full_1fcs,1.0,1.06,0.39905776586051794,0.08359994202283193
306,2,Florescent,ridge,full_mfcs,1.0,1.6400000000000001,0.39905776586051794,0.08359994202283193
306,3,Florescent,ridge,full_ex,1.0,0.68,0.08369077653538622,0.05606489127466944
306,3,Florescent,ridge,full_1fcs,1.0,0.72,0.08369077653538622,0.05606489127466944
306,3,Florescent,ridge,full_mfcs,1.0,1.1400000000000001,0.08369077653538622,0.05606489127466944
306,4,Florescent,ridge,full_ex,1.0,0.64,0.06987982287701411,0.08247956694229289
306,4,Florescent,ridge,full_1fcs,1.0,0.66,0.06987982287701411,0.08247956694229289
306,4,Florescent,ridge,full_mfcs,1.0,1.02,0.06987982287701411,0.08247956694229289
306,5,Florescent,ridge,full_ex,1.0,0.64,0.07407933437302258,0.09646485738913774
306,5,Florescent,ridge,full_1fcs,1.0,0.66,0.07407933437302258,0.09646485738913774
306,5,Florescent,ridge,full_mfcs,1.0,1.16,0.07407933437302258,0.09646485738913774
307,1,Florescent,ridge,full_ex,1.0,0.96,0.31853558900134044,0.13449247747519794
307,1,Florescent,ridge,full_1fcs,1.0,1.06,0.31853558900134044,0.13449247747519794
307,1,Florescent,ridge,full_mfcs,1.0,1.06,0.31853558900134044,0.13449247747519794
307,2,Florescent,ridge,full_ex,1.0,0.62,-0.07665918598146579,0.037069786058757506
307,2,Florescent,ridge,full_1fcs,1.0,0.66,-0.07665918598146579,0.037069786058757506
307,2,Florescent,ridge,full_mfcs,1.0,0.66,-0.07665918598146579,0.037069786058757506
307,3,Florescent,ridge,full_ex,1.0,0.76,0.037052205192196916,0.06977917362873196
307,3,Florescent,ridge,full_1fcs,1.0,0.76,0.037052205192196916,0.06977917362873196
307,3,Florescent,ridge,full_mfcs,1.0,0.76,0.037052205192196916,0.06977917362873196
307,4,Florescent,ridge,full_ex,1.0,0.76,0.05341442453378156,0.10287509681474258
307,4,Florescent,ridge,full_1fcs,1.0,0.78,0.05341442453378156,0.10287509681474258
307,4,Florescent,ridge,full_mfcs,1.0,0.78,0.05341442453378156,0.10287509681474258
307,5,Florescent,ridge,full_ex,1.0,0.78,0.0699004656618401,0.11648712753113241
307,5,Florescent,ridge,full_1fcs,1.0,0.8,0.0699004656618401,0.11648712753113241
307,5,Florescent,ridge,full_mfcs,1.0,0.8,0.0699004656618401,0.11648712753113241
308,1,Florescent,ridge,full_ex,1.0,0.74,0.12499120004149082,0.1500986635229199
308,1,Florescent,ridge,full_1fcs,1.0,0.52,0.12499120004149082,0.1500986635229199
308,1,Florescent,ridge,full_mfcs,1.0,0.52,0.12499120004149082,0.1500986635229199
308,2,Florescent,ridge,full_ex,1.0,0.84,0.35680905732235235,0.12374103404326717
308,2,Florescent,ridge,full_1fcs,1.0,1.6400000000000001,0.35680905732235235,0.12374103404326717
308,2,Florescent,ridge,full_mfcs,1.0,1.94,0.35680905732235235,0.12374103404326717
308,3,Florescent,ridge,full_ex,1.0,0.68,0.12378095019202787,0.19497682007203748
308,3,Florescent,ridge,full_1fcs,1.0,0.68,0.12378095019202787,0.19497682007203748
308,3,Florescent,ridge,full_mfcs,1.0,0.68,0.12378095019202787,0.19497682007203748
308,4,Florescent,ridge,full_ex,1.0,0.72,0.1593758365495353,0.1343392523994495
308,4,Florescent,ridge,full_1fcs,1.0,0.74,0.1593758365495353,0.1343392523994495
308,4,Florescent,ridge,full_mfcs,1.0,0.74,0.1593758365495353,0.1343392523994495
308,5,Florescent,ridge,full_ex,1.0,0.72,0.15103078498384595,0.14466773323762883
308,5,Florescent,ridge,full_1fcs,1.0,0.74,0.15103078498384595,0.14466773323762883
308,5,Florescent,ridge,full_mfcs,1.0,0.74,0.15103078498384595,0.14466773323762883
309,1,Florescent,ridge,full_ex,1.0,0.62,0.12993755025324133,0.02660185475253977
309,1,Florescent,ridge,full_1fcs,1.0,0.62,0.12993755025324133,0.02660185475253977
309,1,Florescent,ridge,full_mfcs,1.0,0.62,0.12993755025324133,0.02660185475253977
309,2,Florescent,ridge,full_ex,1.0,0.58,0.15229136198229276,0.061804253236869985
309,2,Florescent,ridge,full_1fcs,1.0,0.58,0.15229136198229276,0.061804253236869985
309,2,Florescent,ridge,full_mfcs,1.0,0.58,0.15229136198229276,0.061804253236869985
309,3,Florescent,ridge,full_ex,1.0,0.48,0.06183147806519844,0.0308781461268339
309,3,Florescent,ridge,full_1fcs,1.0,0.48,0.06183147806519844,0.0308781461268339
309,3,Florescent,ridge,full_mfcs,1.0,0.48,0.06183147806519844,0.0308781461268339
309,4,Florescent,ridge,full_ex,1.0,0.46,0.046357140676420744,0.3270455774480907
309,4,Florescent,ridge,full_1fcs,1.0,0.46,0.046357140676420744,0.3270455774480907
309,4,Florescent,ridge,full_mfcs,1.0,0.46,0.046357140676420744,0.3270455774480907
309,5,Florescent,ridge,full_ex,1.0,0.56,0.13991056764888396,0.17652492151488647
309,5,Florescent,ridge,full_1fcs,1.0,0.54,0.13991056764888396,0.17652492151488647
309,5,Florescent,ridge,full_mfcs,1.0,0.56,0.13991056764888396,0.17652492151488647
310,1,Florescent,ridge,full_ex,1.0,0.8,0.2314436151092427,0.04952374111885828
310,1,Florescent,ridge,full_1fcs,1.0,0.86,0.2314436151092427,0.04952374111885828
310,1,Florescent,ridge,full_mfcs,1.0,0.86,0.2314436151092427,0.04952374111885828
310,2,Florescent,ridge,full_ex,1.0,0.76,0.1821113019332805,0.0006286580034038786
310,2,Florescent,ridge,full_1fcs,1.0,0.8,0.1821113019332805,0.0006286580034038786
310,2,Florescent,ridge,full_mfcs,1.0,1.18,0.1821113019332805,0.0006286580034038786
310,3,Florescent,ridge,full_ex,1.0,0.56,0.0006523376414813171,0.05991941304513072
310,3,Florescent,ridge,full_1fcs,1.0,0.64,0.0006523376414813171,0.05991941304513072
310,3,Florescent,ridge,full_mfcs,1.0,0.64,0.0006523376414813171,0.05991941304513072
310,4,Florescent,ridge,full_ex,1.0,0.58,0.03028394194191488,0.03139216311817755
310,4,Florescent,ridge,full_1fcs,1.0,0.66,0.03028394194191488,0.03139216311817755
310,4,Florescent,ridge,full_mfcs,1.0,0.66,0.03028394194191488,0.03139216311817755
310,5,Florescent,ridge,full_ex,1.0,0.58,0.030653332934445398,0.11060743090176983
310,5,Florescent,ridge,full_1fcs,1.0,0.66,0.030653332934445398,0.11060743090176983
310,5,Florescent,ridge,full_mfcs,1.0,0.66,0.030653332934445398,0.11060743090176983
311,1,Florescent,ridge,full_ex,1.0,0.68,0.1743066788899759,0.13981940413076432
311,1,Florescent,ridge,full_1fcs,1.0,1.12,0.1743066788899759,0.13981940413076432
311,1,Florescent,ridge,full_mfcs,1.0,1.12,0.1743066788899759,0.13981940413076432
311,2,Florescent,ridge,full_ex,1.0,0.68,0.2595518132440366,0.12660000004975974
311,2,Florescent,ridge,full_1fcs,1.0,1.2,0.2595518132440366,0.12660000004975974
311,2,Florescent,ridge,full_mfcs,1.0,1.54,0.2595518132440366,0.12660000004975974
311,3,Florescent,ridge,full_ex,1.0,0.62,0.1266178888549948,0.24933838151585105
311,3,Florescent,ridge,full_1fcs,1.0,0.66,0.1266178888549948,0.24933838151585105
311,3,Florescent,ridge,full_mfcs,1.0,0.66,0.1266178888549948,0.24933838151585105
311,4,Florescent,ridge,full_ex,1.0,0.68,0.18797400686520815,0.24448080972471703
311,4,Florescent,ridge,full_1fcs,1.0,0.72,0.18797400686520815,0.24448080972471703
311,4,Florescent,ridge,full_mfcs,1.0,0.72,0.18797400686520815,0.24448080972471703
311,5,Florescent,ridge,full_ex,1.0,0.72,0.20680876295853526,0.21160398841969433
311,5,Florescent,ridge,full_1fcs,1.0,0.74,0.20680876295853526,0.21160398841969433
311,5,Florescent,ridge,full_mfcs,1.0,0.74,0.20680876295853526,0.21160398841969433
312,1,Florescent,ridge,full_ex,0.0,0.9400000000000001,0.473492428798108,1.315210344586891
312,1,Florescent,ridge,full_1fcs,1.0,2.22,0.473492428798108,1.315210344586891
312,1,Florescent,ridge,full_mfcs,1.0,2.22,0.473492428798108,1.315210344586891
312,2,Florescent,ridge,full_ex,1.0,1.26,1.0835025056482601,1.429789404649784
312,2,Florescent,ridge,full_1fcs,1.0,2.22,1.0835025056482601,1.429789404649784
312,2,Florescent,ridge,full_mfcs,1.0,2.22,1.0835025056482601,1.429789404649784
312,3,Florescent,ridge,full_ex,1.0,1.18,1.4297144991409219,1.4723949605191482
312,3,Florescent,ridge,full_1fcs,1.0,2.06,1.4297144991409219,1.4723949605191482
312,3,Florescent,ridge,full_mfcs,1.0,2.1,1.4297144991409219,1.4723949605191482
312,4,Florescent,ridge,full_ex,1.0,1.1,1.4510524215243823,1.1129651589924283
312,4,Florescent,ridge,full_1fcs,1.0,2.18,1.4510524215243823,1.1129651589924283
312,4,Florescent,ridge,full_mfcs,1.0,1.76,1.4510524215243823,1.1129651589924283
312,5,Florescent,ridge,full_ex,1.0,1.1,1.338364794275335,1.384895652804637
312,5,Florescent,ridge,full_1fcs,1.0,1.94,1.338364794275335,1.384895652804637
312,5,Florescent,ridge,full_mfcs,1.0,1.8,1.338364794275335,1.384895652804637
313,1,Florescent,ridge,full_ex,0.0,0.86,0.38397591580656687,1.4692858383807321
313,1,Florescent,ridge,full_1fcs,1.0,2.22,0.38397591580656687,1.4692858383807321
313,1,Florescent,ridge,full_mfcs,1.0,2.22,0.38397591580656687,1.4692858383807321
313,2,Florescent,ridge,full_ex,1.0,0.84,1.3689137999223417,0.9595859008660046
313,2,Florescent,ridge,full_1fcs,1.0,2.22,1.3689137999223417,0.9595859008660046
313,2,Florescent,ridge,full_mfcs,1.0,2.22,1.3689137999223417,0.9595859008660046
313,3,Florescent,ridge,full_ex,1.0,1.02,0.9597263107601394,0.9761254206967398
313,3,Florescent,ridge,full_1fcs,1.0,1.78,0.9597263107601394,0.9761254206967398
313,3,Florescent,ridge,full_mfcs,1.0,1.78,0.9597263107601394,0.9761254206967398
313,4,Florescent,ridge,full_ex,1.0,0.9,0.9679244591598378,0.9682536675201451
313,4,Florescent,ridge,full_1fcs,1.0,1.5,0.9679244591598378,0.9682536675201451
313,4,Florescent,ridge,full_mfcs,1.0,1.36,0.9679244591598378,0.9682536675201451
313,5,Florescent,ridge,full_ex,1.0,0.9,0.9680341827290452,0.9935747931829231
313,5,Florescent,ridge,full_1fcs,1.0,1.58,0.9680341827290452,0.9935747931829231
313,5,Florescent,ridge,full_mfcs,1.0,1.56,0.9680341827290452,0.9935747931829231
314,1,Florescent,ridge,full_ex,1.0,1.06,0.38498525183196625,0.15127788929722985
314,1,Florescent,ridge,full_1fcs,1.0,1.32,0.38498525183196625,0.15127788929722985
314,1,Florescent,ridge,full_mfcs,1.0,1.32,0.38498525183196625,0.15127788929722985
314,2,Florescent,ridge,full_ex,1.0,0.86,0.08789540957911035,0.11915511588766078
314,2,Florescent,ridge,full_1fcs,1.0,0.66,0.08789540957911035,0.11915511588766078
314,2,Florescent,ridge,full_mfcs,1.0,1.02,0.08789540957911035,0.11915511588766078
314,3,Florescent,ridge,full_ex,1.0,0.92,0.11915005530764046,0.11912831349444865
314,3,Florescent,ridge,full_1fcs,1.0,0.68,0.11915005530764046,0.11912831349444865
314,3,Florescent,ridge,full_mfcs,1.0,0.68,0.11915005530764046,0.11912831349444865
314,4,Florescent,ridge,full_ex,1.0,0.9400000000000001,0.11913918527953166,0.1189166049565657
314,4,Florescent,ridge,full_1fcs,1.0,0.68,0.11913918527953166,0.1189166049565657
314,4,Florescent,ridge,full_mfcs,1.0,0.68,0.11913918527953166,0.1189166049565657
314,5,Florescent,ridge,full_ex,1.0,0.9400000000000001,0.11906499584320407,0.11805847970129332
314,5,Florescent,ridge,full_1fcs,1.0,0.68,0.11906499584320407,0.11805847970129332
314,5,Florescent,ridge,full_mfcs,1.0,0.68,0.11906499584320407,0.11805847970129332
315,1,Florescent,ridge,full_ex,0.0,0.68,0.552470737537011,0.09180367354147614
315,1,Florescent,ridge,full_1fcs,1.0,2.22,0.552470737537011,0.09180367354147614
315,1,Florescent,ridge,full_mfcs,1.0,2.22,0.552470737537011,0.09180367354147614
315,2,Florescent,ridge,full_ex,1.0,0.66,0.1742349051960105,0.09829954753122144
315,2,Florescent,ridge,full_1fcs,1.0,1.1400000000000001,0.1742349051960105,0.09829954753122144
315,2,Florescent,ridge,full_mfcs,1.0,1.72,0.1742349051960105,0.09829954753122144
315,3,Florescent,ridge,full_ex,1.0,0.58,0.09830890142265672,0.07839853200198038
315,3,Florescent,ridge,full_1fcs,1.0,0.62,0.09830890142265672,0.07839853200198038
315,3,Florescent,ridge,full_mfcs,1.0,1.3,0.09830890142265672,0.07839853200198038
315,4,Florescent,ridge,full_ex,1.0,0.56,0.08835432990147818,0.08815883440312915
315,4,Florescent,ridge,full_1fcs,1.0,0.86,0.08835432990147818,0.08815883440312915
315,4,Florescent,ridge,full_mfcs,1.0,1.04,0.08835432990147818,0.08815883440312915
315,5,Florescent,ridge,full_ex,1.0,0.56,0.08828916741260129,0.07901759486059234
315,5,Florescent,ridge,full_1fcs,1.0,1.02,0.08828916741260129,0.07901759486059234
315,5,Florescent,ridge,full_mfcs,1.0,1.28,0.08828916741260129,0.07901759486059234
316,1,Florescent,ridge,full_ex,1.0,0.86,0.45053414743888204,0.29377189717478935
316,1,Florescent,ridge,full_1fcs,1.0,1.6,0.45053414743888204,0.29377189717478935
316,1,Florescent,ridge,full_mfcs,1.0,1.6,0.45053414743888204,0.29377189717478935
316,2,Florescent,ridge,full_ex,1.0,0.84,0.36003648474302213,0.14547267534192754
316,2,Florescent,ridge,full_1fcs,1.0,1.3800000000000001,0.36003648474302213,0.14547267534192754
316,2,Florescent,ridge,full_mfcs,1.0,1.7,0.36003648474302213,0.14547267534192754
316,3,Florescent,ridge,full_ex,1.0,0.68,0.14552448596505574,0.13304474171230138
316,3,Florescent,ridge,full_1fcs,1.0,0.68,0.14552448596505574,0.13304474171230138
316,3,Florescent,ridge,full_mfcs,1.0,0.68,0.14552448596505574,0.13304474171230138
316,4,Florescent,ridge,full_ex,1.0,0.68,0.13928536729780577,0.13090036110858103
316,4,Florescent,ridge,full_1fcs,1.0,0.72,0.13928536729780577,0.13090036110858103
316,4,Florescent,ridge,full_mfcs,1.0,0.72,0.13928536729780577,0.13090036110858103
316,5,Florescent,ridge,full_ex,1.0,0.68,0.1364905902418376,0.13403553541624022
316,5,Florescent,ridge,full_1fcs,1.0,0.72,0.1364905902418376,0.13403553541624022
316,5,Florescent,ridge,full_mfcs,1.0,0.72,0.1364905902418376,0.13403553541624022
317,1,Florescent,ridge,full_ex,1.0,1.06,0.5114426359168636,0.05631860438968548
317,1,Florescent,ridge,full_1fcs,1.0,2.22,0.5114426359168636,0.05631860438968548
317,1,Florescent,ridge,full_mfcs,1.0,2.22,0.5114426359168636,0.05631860438968548
317,2,Florescent,ridge,full_ex,1.0,1.1400000000000001,0.35688180861531343,1.1165158274778038
317,2,Florescent,ridge,full_1fcs,1.0,1.78,0.35688180861531343,1.1165158274778038
317,2,Florescent,ridge,full_mfcs,1.0,2.02,0.35688180861531343,1.1165158274778038
317,3,Florescent,ridge,full_ex,1.0,1.54,1.1164148846636253,1.2549560422461
317,3,Florescent,ridge,full_1fcs,1.0,1.52,1.1164148846636253,1.2549560422461
317,3,Florescent,ridge,full_mfcs,1.0,1.8800000000000001,1.1164148846636253,1.2549560422461
317,4,Florescent,ridge,full_ex,1.0,1.52,1.1856808606895666,1.033034501405634
317,4,Florescent,ridge,full_1fcs,1.0,1.74,1.1856808606895666,1.033034501405634
317,4,Florescent,ridge,full_mfcs,1.0,1.44,1.1856808606895666,1.033034501405634
317,5,Florescent,ridge,full_ex,1.0,1.52,1.1348009949269429,1.1679733872708729
317,5,Florescent,ridge,full_1fcs,1.0,1.68,1.1348009949269429,1.1679733872708729
317,5,Florescent,ridge,full_mfcs,1.0,1.42,1.1348009949269429,1.1679733872708729
318,1,Florescent,ridge,full_ex,0.0,0.28,0.264941482172957,1.0908650665826012
318,1,Florescent,ridge,full_1fcs,1.0,2.12,0.264941482172957,1.0908650665826012
318,1,Florescent,ridge,full_mfcs,1.0,2.12,0.264941482172957,1.0908650665826012
318,2,Florescent,ridge,full_ex,1.0,0.46,1.1291178119389296,0.9251261912053649
318,2,Florescent,ridge,full_1fcs,1.0,2.22,1.1291178119389296,0.9251261912053649
318,2,Florescent,ridge,full_mfcs,1.0,2.22,1.1291178119389296,0.9251261912053649
318,3,Florescent,ridge,full_ex,1.0,0.66,0.9251958098294917,0.9298868757860111
318,3,Florescent,ridge,full_1fcs,1.0,1.34,0.9251958098294917,0.9298868757860111
318,3,Florescent,ridge,full_mfcs,1.0,1.34,0.9251958098294917,0.9298868757860111
318,4,Florescent,ridge,full_ex,1.0,0.54,0.927540942495244,0.9234829204922511
318,4,Florescent,ridge,full_1fcs,1.0,1.34,0.927540942495244,0.9234829204922511
318,4,Florescent,ridge,full_mfcs,1.0,1.18,0.927540942495244,0.9234829204922511
318,5,Florescent,ridge,full_ex,1.0,0.54,0.9261884224099044,0.9221950968595612
318,5,Florescent,ridge,full_1fcs,1.0,1.36,0.9261884224099044,0.9221950968595612
318,5,Florescent,ridge,full_mfcs,1.0,1.22,0.9261884224099044,0.9221950968595612
319,1,Florescent,ridge,full_ex,1.0,0.74,0.09987284605831401,0.03496897185470392
319,1,Florescent,ridge,full_1fcs,1.0,0.9400000000000001,0.09987284605831401,0.03496897185470392
319,1,Florescent,ridge,full_mfcs,1.0,0.9400000000000001,0.09987284605831401,0.03496897185470392
319,2,Florescent,ridge,full_ex,1.0,0.66,0.006118621484371386,0.13958613047343163
319,2,Florescent,ridge,full_1fcs,1.0,0.66,0.006118621484371386,0.13958613047343163
319,2,Florescent,ridge,full_mfcs,1.0,0.98,0.006118621484371386,0.13958613047343163
319,3,Florescent,ridge,full_ex,1.0,0.76,0.13956772035904447,0.13577095532167088
319,3,Florescent,ridge,full_1fcs,1.0,0.76,0.13956772035904447,0.13577095532167088
319,3,Florescent,ridge,full_mfcs,1.0,0.76,0.13956772035904447,0.13577095532167088
319,4,Florescent,ridge,full_ex,1.0,0.72,0.1376694687786027,0.05772672585677107
319,4,Florescent,ridge,full_1fcs,1.0,0.72,0.1376694687786027,0.05772672585677107
319,4,Florescent,ridge,full_mfcs,1.0,0.72,0.1376694687786027,0.05772672585677107
319,5,Florescent,ridge,full_ex,1.0,0.68,0.11102311314614909,0.01630047996629458
319,5,Florescent,ridge,full_1fcs,1.0,0.68,0.11102311314614909,0.01630047996629458
319,5,Florescent,ridge,full_mfcs,1.0,0.68,0.11102311314614909,0.01630047996629458
320,1,Florescent,ridge,full_ex,1.0,0.84,0.35523299556896765,0.13446736001307127
320,1,Florescent,ridge,full_1fcs,1.0,1.32,0.35523299556896765,0.13446736001307127
320,1,Florescent,ridge,full_mfcs,1.0,1.32,0.35523299556896765,0.13446736001307127
320,2,Florescent,ridge,full_ex,1.0,0.72,0.22694134271308594,0.19052250534670462
320,2,Florescent,ridge,full_1fcs,1.0,0.5,0.22694134271308594,0.19052250534670462
320,2,Florescent,ridge,full_mfcs,1.0,1.02,0.22694134271308594,0.19052250534670462
320,3,Florescent,ridge,full_ex,1.0,0.68,0.19052780751060508,0.14967226938000425
320,3,Florescent,ridge,full_1fcs,1.0,0.54,0.19052780751060508,0.14967226938000425
320,3,Florescent,ridge,full_mfcs,1.0,0.68,0.19052780751060508,0.14967226938000425
320,4,Florescent,ridge,full_ex,1.0,0.66,0.1701015255783688,0.16120117352822672
320,4,Florescent,ridge,full_1fcs,1.0,0.52,0.1701015255783688,0.16120117352822672
320,4,Florescent,ridge,full_mfcs,1.0,0.66,0.1701015255783688,0.16120117352822672
320,5,Florescent,ridge,full_ex,1.0,0.66,0.16713488555204484,0.1336545533684183
320,5,Florescent,ridge,full_1fcs,1.0,0.52,0.16713488555204484,0.1336545533684183
320,5,Florescent,ridge,full_mfcs,1.0,0.66,0.16713488555204484,0.1336545533684183
321,1,Florescent,ridge,full_ex,1.0,0.8,0.20122893359307717,0.06683068253450877
321,1,Florescent,ridge,full_1fcs,1.0,1.22,0.20122893359307717,0.06683068253450877
321,1,Florescent,ridge,full_mfcs,1.0,1.22,0.20122893359307717,0.06683068253450877
321,2,Florescent,ridge,full_ex,1.0,0.74,0.1774076337696713,0.17519107781366883
321,2,Florescent,ridge,full_1fcs,1.0,1.1400000000000001,0.1774076337696713,0.17519107781366883
321,2,Florescent,ridge,full_mfcs,1.0,1.46,0.1774076337696713,0.17519107781366883
321,3,Florescent,ridge,full_ex,1.0,0.72,0.17519142141422636,0.19611720094323934
321,3,Florescent,ridge,full_1fcs,1.0,0.64,0.17519142141422636,0.19611720094323934
321,3,Florescent,ridge,full_mfcs,1.0,0.8,0.17519142141422636,0.19611720094323934
321,4,Florescent,ridge,full_ex,1.0,0.74,0.18565350016055665,0.159131397168254
321,4,Florescent,ridge,full_1fcs,1.0,0.8,0.18565350016055665,0.159131397168254
321,4,Florescent,ridge,full_mfcs,1.0,0.8,0.18565350016055665,0.159131397168254
321,5,Florescent,ridge,full_ex,1.0,0.72,0.17681325602573694,0.18282045485724674
321,5,Florescent,ridge,full_1fcs,1.0,0.8,0.17681325602573694,0.18282045485724674
321,5,Florescent,ridge,full_mfcs,1.0,0.88,0.17681325602573694,0.18282045485724674
322,1,Florescent,ridge,full_ex,1.0,0.52,0.12435617932928156,0.05610032271009827
322,1,Florescent,ridge,full_1fcs,1.0,1.04,0.12435617932928156,0.05610032271009827
322,1,Florescent,ridge,full_mfcs,1.0,1.04,0.12435617932928156,0.05610032271009827
322,2,Florescent,ridge,full_ex,1.0,0.46,0.002985761837183164,0.06190832741860792
322,2,Florescent,ridge,full_1fcs,1.0,0.56,0.002985761837183164,0.06190832741860792
322,2,Florescent,ridge,full_mfcs,1.0,0.56,0.002985761837183164,0.06190832741860792
322,3,Florescent,ridge,full_ex,1.0,0.44,0.06187239944084097,0.047172318043269164
322,3,Florescent,ridge,full_1fcs,1.0,0.44,0.06187239944084097,0.047172318043269164
322,3,Florescent,ridge,full_mfcs,1.0,0.62,0.06187239944084097,0.047172318043269164
322,4,Florescent,ridge,full_ex,1.0,0.38,0.05452460026523682,0.021617666412185727
322,4,Florescent,ridge,full_1fcs,1.0,0.38,0.05452460026523682,0.021617666412185727
322,4,Florescent,ridge,full_mfcs,1.0,0.88,0.05452460026523682,0.021617666412185727
322,5,Florescent,ridge,full_ex,1.0,0.36,0.04355785266230089,0.045743474326831575
322,5,Florescent,ridge,full_1fcs,1.0,0.46,0.04355785266230089,0.045743474326831575
322,5,Florescent,ridge,full_mfcs,1.0,1.2,0.04355785266230089,0.045743474326831575
323,1,Florescent,ridge,full_ex,1.0,0.64,0.18449354577977894,0.06907210406805853
323,1,Florescent,ridge,full_1fcs,1.0,1.06,0.18449354577977894,0.06907210406805853
323,1,Florescent,ridge,full_mfcs,1.0,1.06,0.18449354577977894,0.06907210406805853
323,2,Florescent,ridge,full_ex,1.0,0.6,0.22240509794639118,0.10539447724828682
323,2,Florescent,ridge,full_1fcs,1.0,1.1400000000000001,0.22240509794639118,0.10539447724828682
323,2,Florescent,ridge,full_mfcs,1.0,1.72,0.22240509794639118,0.10539447724828682
323,3,Florescent,ridge,full_ex,1.0,0.48,0.10541938087867532,0.11311801890956573
323,3,Florescent,ridge,full_1fcs,1.0,0.56,0.10541938087867532,0.11311801890956573
323,3,Florescent,ridge,full_mfcs,1.0,0.76,0.10541938087867532,0.11311801890956573
323,4,Florescent,ridge,full_ex,1.0,0.48,0.10926829022081477,0.08244301884070929
323,4,Florescent,ridge,full_1fcs,1.0,0.56,0.10926829022081477,0.08244301884070929
323,4,Florescent,ridge,full_mfcs,1.0,0.86,0.10926829022081477,0.08244301884070929
323,5,Florescent,ridge,full_ex,1.0,0.48,0.10032716754909993,0.09677989732312124
323,5,Florescent,ridge,full_1fcs,1.0,0.56,0.10032716754909993,0.09677989732312124
323,5,Florescent,ridge,full_mfcs,1.0,1.16,0.10032716754909993,0.09677989732312124
324,1,Florescent,ridge,full_ex,1.0,0.92,0.28940153957842907,0.03918459403952809
324,1,Florescent,ridge,full_1fcs,1.0,1.1400000000000001,0.28940153957842907,0.03918459403952809
324,1,Florescent,ridge,full_mfcs,1.0,1.1400000000000001,0.28940153957842907,0.03918459403952809
324,2,Florescent,ridge,full_ex,1.0,1.32,0.723520469312774,1.0661763231834611
324,2,Florescent,ridge,full_1fcs,1.0,2.22,0.723520469312774,1.0661763231834611
324,2,Florescent,ridge,full_mfcs,1.0,2.22,0.723520469312774,1.0661763231834611
324,3,Florescent,ridge,full_ex,1.0,1.26,1.066112248694641,0.8535725539482051
324,3,Florescent,ridge,full_1fcs,1.0,1.46,1.066112248694641,0.8535725539482051
324,3,Florescent,ridge,full_mfcs,1.0,1.58,1.066112248694641,0.8535725539482051
324,4,Florescent,ridge,full_ex,1.0,1.24,0.9598523381472972,0.9375069256425226
324,4,Florescent,ridge,full_1fcs,1.0,1.42,0.9598523381472972,0.9375069256425226
324,4,Florescent,ridge,full_mfcs,1.0,1.36,0.9598523381472972,0.9375069256425226
324,5,Florescent,ridge,full_ex,1.0,1.24,0.9524043316416372,1.0203295512930504
324,5,Florescent,ridge,full_1fcs,1.0,1.44,0.9524043316416372,1.0203295512930504
324,5,Florescent,ridge,full_mfcs,1.0,1.42,0.9524043316416372,1.0203295512930504
325,1,Florescent,ridge,full_ex,1.0,0.5,0.069832888318903,0.0910834065473699
325,1,Florescent,ridge,full_1fcs,1.0,0.8,0.069832888318903,0.0910834065473699
325,1,Florescent,ridge,full_mfcs,1.0,0.8,0.069832888318903,0.0910834065473699
325,2,Florescent,ridge,full_ex,1.0,0.62,0.17550784584202916,0.1248493260642038
325,2,Florescent,ridge,full_1fcs,1.0,1.1,0.17550784584202916,0.1248493260642038
325,2,Florescent,ridge,full_mfcs,1.0,1.42,0.17550784584202916,0.1248493260642038
325,3,Florescent,ridge,full_ex,1.0,0.54,0.12485817762411269,0.013784772093541765
325,3,Florescent,ridge,full_1fcs,1.0,0.58,0.12485817762411269,0.013784772093541765
325,3,Florescent,ridge,full_mfcs,1.0,0.58,0.12485817762411269,0.013784772093541765
325,4,Florescent,ridge,full_ex,1.0,0.48,0.06932632724525585,0.01906037795029725
325,4,Florescent,ridge,full_1fcs,1.0,0.52,0.06932632724525585,0.01906037795029725
325,4,Florescent,ridge,full_mfcs,1.0,0.52,0.06932632724525585,0.01906037795029725
325,5,Florescent,ridge,full_ex,1.0,0.46,0.05257198681191548,0.09793410841644759
325,5,Florescent,ridge,full_1fcs,1.0,0.5,0.05257198681191548,0.09793410841644759
325,5,Florescent,ridge,full_mfcs,1.0,0.5,0.05257198681191548,0.09793410841644759
326,1,Florescent,ridge,full_ex,1.0,0.54,0.04428736077908502,0.16440975895562282
326,1,Florescent,ridge,full_1fcs,1.0,0.54,0.04428736077908502,0.16440975895562282
326,1,Florescent,ridge,full_mfcs,1.0,0.54,0.04428736077908502,0.16440975895562282
326,2,Florescent,ridge,full_ex,1.0,0.72,0.2376219248342357,0.06379746710143164
326,2,Florescent,ridge,full_1fcs,1.0,0.72,0.2376219248342357,0.06379746710143164
326,2,Florescent,ridge,full_mfcs,1.0,0.72,0.2376219248342357,0.06379746710143164
326,3,Florescent,ridge,full_ex,1.0,0.56,0.06387204464392947,0.13352777966774654
326,3,Florescent,ridge,full_1fcs,1.0,0.56,0.06387204464392947,0.13352777966774654
326,3,Florescent,ridge,full_mfcs,1.0,0.56,0.06387204464392947,0.13352777966774654
326,4,Florescent,ridge,full_ex,1.0,0.58,0.09869243928893828,0.08718283316263663
326,4,Florescent,ridge,full_1fcs,1.0,0.58,0.09869243928893828,0.08718283316263663
326,4,Florescent,ridge,full_mfcs,1.0,0.58,0.09869243928893828,0.08718283316263663
326,5,Florescent,ridge,full_ex,1.0,0.58,0.09485645274416162,0.08813050641431419
326,5,Florescent,ridge,full_1fcs,1.0,0.58,0.09485645274416162,0.08813050641431419
326,5,Florescent,ridge,full_mfcs,1.0,0.58,0.09485645274416162,0.08813050641431419
327,1,Florescent,ridge,full_ex,1.0,0.72,0.3327626418909614,0.08068621783338836
327,1,Florescent,ridge,full_1fcs,1.0,1.62,0.3327626418909614,0.08068621783338836
327,1,Florescent,ridge,full_mfcs,1.0,1.62,0.3327626418909614,0.08068621783338836
327,2,Florescent,ridge,full_ex,1.0,0.7000000000000001,0.2761989970847368,0.1228657622453407
327,2,Florescent,ridge,full_1fcs,1.0,0.8200000000000001,0.2761989970847368,0.1228657622453407
327,2,Florescent,ridge,full_mfcs,1.0,0.86,0.2761989970847368,0.1228657622453407
327,3,Florescent,ridge,full_ex,1.0,0.54,0.12289765769949626,0.12186638364055136
327,3,Florescent,ridge,full_1fcs,1.0,0.54,0.12289765769949626,0.12186638364055136
327,3,Florescent,ridge,full_mfcs,1.0,0.8200000000000001,0.12289765769949626,0.12186638364055136
327,4,Florescent,ridge,full_ex,1.0,0.54,0.1223820743059476,0.12371725422587625
327,4,Florescent,ridge,full_1fcs,1.0,0.84,0.1223820743059476,0.12371725422587625
327,4,Florescent,ridge,full_mfcs,1.0,0.86,0.1223820743059476,0.12371725422587625
327,5,Florescent,ridge,full_ex,1.0,0.54,0.12282710341609362,0.12347509073706674
327,5,Florescent,ridge,full_1fcs,1.0,0.74,0.12282710341609362,0.12347509073706674
327,5,Florescent,ridge,full_mfcs,1.0,0.88,0.12282710341609362,0.12347509073706674
328,1,Florescent,ridge,full_ex,1.0,0.66,0.047104868467122585,0.1898269669478613
328,1,Florescent,ridge,full_1fcs,1.0,0.72,0.047104868467122585,0.1898269669478613
328,1,Florescent,ridge,full_mfcs,1.0,0.72,0.047104868467122585,0.1898269669478613
328,2,Florescent,ridge,full_ex,1.0,0.98,0.4752198811217944,0.08035963469030584
328,2,Florescent,ridge,full_1fcs,1.0,0.86,0.4752198811217944,0.08035963469030584
328,2,Florescent,ridge,full_mfcs,1.0,1.04,0.4752198811217944,0.08035963469030584
328,3,Florescent,ridge,full_ex,1.0,0.72,0.08045191759264997,0.0860983408966833
328,3,Florescent,ridge,full_1fcs,1.0,0.88,0.08045191759264997,0.0860983408966833
328,3,Florescent,ridge,full_mfcs,1.0,0.88,0.08045191759264997,0.0860983408966833
328,4,Florescent,ridge,full_ex,1.0,0.72,0.08327479929935366,0.06911135393456173
328,4,Florescent,ridge,full_1fcs,1.0,0.76,0.08327479929935366,0.06911135393456173
328,4,Florescent,ridge,full_mfcs,1.0,0.76,0.08327479929935366,0.06911135393456173
328,5,Florescent,ridge,full_ex,1.0,0.72,0.07855401869536686,0.0943723564828893
328,5,Florescent,ridge,full_1fcs,1.0,0.78,0.07855401869536686,0.0943723564828893
328,5,Florescent,ridge,full_mfcs,1.0,0.78,0.07855401869536686,0.0943723564828893
329,1,Florescent,ridge,full_ex,1.0,1.1400000000000001,0.4106349358660498,0.16533587791492432
329,1,Florescent,ridge,full_1fcs,1.0,1.22,0.4106349358660498,0.16533587791492432
329,1,Florescent,ridge,full_mfcs,1.0,1.22,0.4106349358660498,0.16533587791492432
329,2,Florescent,ridge,full_ex,1.0,0.66,0.002615341171790386,0.10154462882063471
329,2,Florescent,ridge,full_1fcs,1.0,0.78,0.002615341171790386,0.10154462882063471
329,2,Florescent,ridge,full_mfcs,1.0,0.78,0.002615341171790386,0.10154462882063471
329,3,Florescent,ridge,full_ex,1.0,0.74,0.1015295985368036,0.11416296043859758
329,3,Florescent,ridge,full_1fcs,1.0,0.88,0.1015295985368036,0.11416296043859758
329,3,Florescent,ridge,full_mfcs,1.0,0.88,0.1015295985368036,0.11416296043859758
329,4,Florescent,ridge,full_ex,1.0,0.74,0.10784579960612295,0.11913686701517973
329,4,Florescent,ridge,full_1fcs,1.0,0.88,0.10784579960612295,0.11913686701517973
329,4,Florescent,ridge,full_mfcs,1.0,0.88,0.10784579960612295,0.11913686701517973
329,5,Florescent,ridge,full_ex,1.0,0.74,0.11160929811671177,0.12639024352209527
329,5,Florescent,ridge,full_1fcs,1.0,0.88,0.11160929811671177,0.12639024352209527
329,5,Florescent,ridge,full_mfcs,1.0,0.88,0.11160929811671177,0.12639024352209527
330,1,Florescent,ridge,full_ex,1.0,0.68,0.26076488635829614,0.10325785531597571
330,1,Florescent,ridge,full_1fcs,1.0,1.36,0.26076488635829614,0.10325785531597571
330,1,Florescent,ridge,full_mfcs,1.0,1.36,0.26076488635829614,0.10325785531597571
330,2,Florescent,ridge,full_ex,1.0,0.7000000000000001,0.16093516696958454,0.06405121366340362
330,2,Florescent,ridge,full_1fcs,1.0,1.68,0.16093516696958454,0.06405121366340362
330,2,Florescent,ridge,full_mfcs,1.0,1.68,0.16093516696958454,0.06405121366340362
330,3,Florescent,ridge,full_ex,1.0,0.48,0.06410608162890286,0.018664721017787315
330,3,Florescent,ridge,full_1fcs,1.0,0.48,0.06410608162890286,0.018664721017787315
330,3,Florescent,ridge,full_mfcs,1.0,0.48,0.06410608162890286,0.018664721017787315
330,4,Florescent,ridge,full_ex,1.0,0.46,0.04139183680792751,0.0050847243200286135
330,4,Florescent,ridge,full_1fcs,1.0,0.46,0.04139183680792751,0.0050847243200286135
330,4,Florescent,ridge,full_mfcs,1.0,0.46,0.04139183680792751,0.0050847243200286135
330,5,Florescent,ridge,full_ex,1.0,0.44,0.029291751473516522,0.09318259605741784
330,5,Florescent,ridge,full_1fcs,1.0,0.44,0.029291751473516522,0.09318259605741784
330,5,Florescent,ridge,full_mfcs,1.0,0.44,0.029291751473516522,0.09318259605741784
331,1,Florescent,ridge,full_ex,1.0,0.84,0.41209018327778046,0.05233206061652158
331,1,Florescent,ridge,full_1fcs,1.0,2.22,0.41209018327778046,0.05233206061652158
331,1,Florescent,ridge,full_mfcs,1.0,2.22,0.41209018327778046,0.05233206061652158
331,2,Florescent,ridge,full_ex,1.0,0.6,0.012530927447375804,0.2793968844919006
331,2,Florescent,ridge,full_1fcs,1.0,0.6,0.012530927447375804,0.2793968844919006
331,2,Florescent,ridge,full_mfcs,1.0,0.6,0.012530927447375804,0.2793968844919006
331,3,Florescent,ridge,full_ex,1.0,0.86,0.2793440459641656,0.2925986874827447
331,3,Florescent,ridge,full_1fcs,1.0,0.76,0.2793440459641656,0.2925986874827447
331,3,Florescent,ridge,full_mfcs,1.0,0.86,0.2793440459641656,0.2925986874827447
331,4,Florescent,ridge,full_ex,1.0,0.8,0.2859707105648648,0.2537346141683707
331,4,Florescent,ridge,full_1fcs,1.0,0.8,0.2859707105648648,0.2537346141683707
331,4,Florescent,ridge,full_mfcs,1.0,0.8,0.2859707105648648,0.2537346141683707
331,5,Florescent,ridge,full_ex,1.0,0.76,0.2752260543746964,0.3486511776755802
331,5,Florescent,ridge,full_1fcs,1.0,0.7000000000000001,0.2752260543746964,0.3486511776755802
331,5,Florescent,ridge,full_mfcs,1.0,0.76,0.2752260543746964,0.3486511776755802
332,1,Florescent,ridge,full_ex,1.0,1.28,0.8922912874463728,1.1118394401359852
332,1,Florescent,ridge,full_1fcs,1.0,2.22,0.8922912874463728,1.1118394401359852
332,1,Florescent,ridge,full_mfcs,1.0,2.22,0.8922912874463728,1.1118394401359852
332,2,Florescent,ridge,full_ex,1.0,1.26,1.2114448789328456,1.046145335638504
332,2,Florescent,ridge,full_1fcs,1.0,2.22,1.2114448789328456,1.046145335638504
332,2,Florescent,ridge,full_mfcs,1.0,2.22,1.2114448789328456,1.046145335638504
332,3,Florescent,ridge,full_ex,1.0,1.28,1.0462017822979028,1.0511582832266142
332,3,Florescent,ridge,full_1fcs,1.0,1.3800000000000001,1.0462017822979028,1.0511582832266142
332,3,Florescent,ridge,full_mfcs,1.0,1.3800000000000001,1.0462017822979028,1.0511582832266142
332,4,Florescent,ridge,full_ex,1.0,1.3,1.0486796095511992,1.059851363435381
332,4,Florescent,ridge,full_1fcs,1.0,1.46,1.0486796095511992,1.059851363435381
332,4,Florescent,ridge,full_mfcs,1.0,1.3800000000000001,1.0486796095511992,1.059851363435381
332,5,Florescent,ridge,full_ex,1.0,1.28,1.0524031035338801,1.0071907080707656
332,5,Florescent,ridge,full_1fcs,1.0,1.5,1.0524031035338801,1.0071907080707656
332,5,Florescent,ridge,full_mfcs,1.0,1.3800000000000001,1.0524031035338801,1.0071907080707656
333,1,Florescent,ridge,full_ex,1.0,0.48,-0.0064116258917488525,0.16748554226882417
333,1,Florescent,ridge,full_1fcs,1.0,0.48,-0.0064116258917488525,0.16748554226882417
333,1,Florescent,ridge,full_mfcs,1.0,0.48,-0.0064116258917488525,0.16748554226882417
333,2,Florescent,ridge,full_ex,1.0,0.8200000000000001,0.4238302498023441,0.15654117621797792
333,2,Florescent,ridge,full_1fcs,1.0,2.22,0.4238302498023441,0.15654117621797792
333,2,Florescent,ridge,full_mfcs,1.0,2.22,0.4238302498023441,0.15654117621797792
333,3,Florescent,ridge,full_ex,1.0,0.7000000000000001,0.15659622845912602,0.14663652321748413
333,3,Florescent,ridge,full_1fcs,1.0,0.7000000000000001,0.15659622845912602,0.14663652321748413
333,3,Florescent,ridge,full_mfcs,1.0,0.7000000000000001,0.15659622845912602,0.14663652321748413
333,4,Florescent,ridge,full_ex,1.0,0.6,0.15161688872865522,0.1502219258738349
333,4,Florescent,ridge,full_1fcs,1.0,0.6,0.15161688872865522,0.1502219258738349
333,4,Florescent,ridge,full_mfcs,1.0,0.6,0.15161688872865522,0.1502219258738349
333,5,Florescent,ridge,full_ex,1.0,0.6,0.1511519330390562,0.15140598043020384
333,5,Florescent,ridge,full_1fcs,1.0,0.6,0.1511519330390562,0.15140598043020384
333,5,Florescent,ridge,full_mfcs,1.0,0.6,0.1511519330390562,0.15140598043020384
334,1,Florescent,ridge,full_ex,1.0,0.72,0.12988885986636858,0.11763613000288985
334,1,Florescent,ridge,full_1fcs,1.0,0.72,0.12988885986636858,0.11763613000288985
334,1,Florescent,ridge,full_mfcs,1.0,0.72,0.12988885986636858,0.11763613000288985
334,2,Florescent,ridge,full_ex,1.0,0.7000000000000001,0.22582383727657196,0.1286565027833735
334,2,Florescent,ridge,full_1fcs,1.0,1.08,0.22582383727657196,0.1286565027833735
334,2,Florescent,ridge,full_mfcs,1.0,1.34,0.22582383727657196,0.1286565027833735
334,3,Florescent,ridge,full_ex,1.0,0.64,0.12868138091594536,0.12731631765717663
334,3,Florescent,ridge,full_1fcs,1.0,0.8,0.12868138091594536,0.12731631765717663
334,3,Florescent,ridge,full_mfcs,1.0,1.08,0.12868138091594536,0.12731631765717663
334,4,Florescent,ridge,full_ex,1.0,0.64,0.12799893667295237,0.121788674296367
334,4,Florescent,ridge,full_1fcs,1.0,1.1,0.12799893667295237,0.121788674296367
334,4,Florescent,ridge,full_mfcs,1.0,1.1,0.12799893667295237,0.121788674296367
334,5,Florescent,ridge,full_ex,1.0,0.64,0.12592902591600355,0.11914029072755875
334,5,Florescent,ridge,full_1fcs,1.0,1.12,0.12592902591600355,0.11914029072755875
334,5,Florescent,ridge,full_mfcs,1.0,1.12,0.12592902591600355,0.11914029072755875
335,1,Florescent,ridge,full_ex,1.0,0.36,0.16891065063167748,0.1477737887632002
335,1,Florescent,ridge,full_1fcs,1.0,1.12,0.16891065063167748,0.1477737887632002
335,1,Florescent,ridge,full_mfcs,1.0,1.12,0.16891065063167748,0.1477737887632002
335,2,Florescent,ridge,full_ex,1.0,0.36,0.15444136902962236,0.12802753148849927
335,2,Florescent,ridge,full_1fcs,1.0,0.52,0.15444136902962236,0.12802753148849927
335,2,Florescent,ridge,full_mfcs,1.0,1.08,0.15444136902962236,0.12802753148849927
335,3,Florescent,ridge,full_ex,1.0,0.32,0.12803630492394513,0.04910139718537501
335,3,Florescent,ridge,full_1fcs,1.0,0.32,0.12803630492394513,0.04910139718537501
335,3,Florescent,ridge,full_mfcs,1.0,0.32,0.12803630492394513,0.04910139718537501
335,4,Florescent,ridge,full_ex,1.0,0.28,0.08857540676046827,0.11585021466346523
335,4,Florescent,ridge,full_1fcs,1.0,0.26,0.08857540676046827,0.11585021466346523
335,4,Florescent,ridge,full_mfcs,1.0,0.26,0.08857540676046827,0.11585021466346523
335,5,Florescent,ridge,full_ex,1.0,0.3,0.09766600257142159,0.12246753449417011
335,5,Florescent,ridge,full_1fcs,1.0,0.26,0.09766600257142159,0.12246753449417011
335,5,Florescent,ridge,full_mfcs,1.0,0.26,0.09766600257142159,0.12246753449417011
336,1,Florescent,ridge,full_ex,1.0,0.72,0.35095545928750815,0.18869129694042192
336,1,Florescent,ridge,full_1fcs,1.0,1.6400000000000001,0.35095545928750815,0.18869129694042192
336,1,Florescent,ridge,full_mfcs,1.0,1.6400000000000001,0.35095545928750815,0.18869129694042192
336,2,Florescent,ridge,full_ex,1.0,0.7000000000000001,0.27611779419062826,0.13377315292710318
336,2,Florescent,ridge,full_1fcs,1.0,0.96,0.27611779419062826,0.13377315292710318
336,2,Florescent,ridge,full_mfcs,1.0,0.96,0.27611779419062826,0.13377315292710318
336,3,Florescent,ridge,full_ex,1.0,0.56,0.13382656631517864,0.08922463604900989
336,3,Florescent,ridge,full_1fcs,1.0,0.88,0.13382656631517864,0.08922463604900989
336,3,Florescent,ridge,full_mfcs,1.0,0.88,0.13382656631517864,0.08922463604900989
336,4,Florescent,ridge,full_ex,1.0,0.54,0.11152978607377234,0.1562118010065278
336,4,Florescent,ridge,full_1fcs,1.0,0.88,0.11152978607377234,0.1562118010065278
336,4,Florescent,ridge,full_mfcs,1.0,0.88,0.11152978607377234,0.1562118010065278
336,5,Florescent,ridge,full_ex,1.0,0.56,0.12642192764246873,0.0
336,5,Florescent,ridge,full_1fcs,1.0,0.9,0.12642192764246873,0.0
336,5,Florescent,ridge,full_mfcs,1.0,0.9,0.12642192764246873,0.0
337,1,Florescent,ridge,full_ex,1.0,0.9,0.2950086066704928,0.16195763800737945
337,1,Florescent,ridge,full_1fcs,1.0,0.9,0.2950086066704928,0.16195763800737945
337,1,Florescent,ridge,full_mfcs,1.0,0.9,0.2950086066704928,0.16195763800737945
337,2,Florescent,ridge,full_ex,1.0,0.88,0.27833335909414836,0.1663346553937849
337,2,Florescent,ridge,full_1fcs,1.0,0.88,0.27833335909414836,0.1663346553937849
337,2,Florescent,ridge,full_mfcs,1.0,1.08,0.27833335909414836,0.1663346553937849
337,3,Florescent,ridge,full_ex,1.0,0.8200000000000001,0.16637166897686065,0.1618517094348742
337,3,Florescent,ridge,full_1fcs,1.0,0.8200000000000001,0.16637166897686065,0.1618517094348742
337,3,Florescent,ridge,full_mfcs,1.0,0.8200000000000001,0.16637166897686065,0.1618517094348742
337,4,Florescent,ridge,full_ex,1.0,0.8200000000000001,0.16411206270953413,0.16166520578902135
337,4,Florescent,ridge,full_1fcs,1.0,0.8200000000000001,0.16411206270953413,0.16166520578902135
337,4,Florescent,ridge,full_mfcs,1.0,0.8200000000000001,0.16411206270953413,0.16166520578902135
337,5,Florescent,ridge,full_ex,1.0,0.8200000000000001,0.16329653360470564,0.1601726334675029
337,5,Florescent,ridge,full_1fcs,1.0,0.8200000000000001,0.16329653360470564,0.1601726334675029
337,5,Florescent,ridge,full_mfcs,1.0,0.8200000000000001,0.16329653360470564,0.1601726334675029
338,1,Florescent,ridge,full_ex,1.0,0.42,0.12648953249748254,0.35036775198104375
338,1,Florescent,ridge,full_1fcs,1.0,0.9400000000000001,0.12648953249748254,0.35036775198104375
338,1,Florescent,ridge,full_mfcs,1.0,0.9400000000000001,0.12648953249748254,0.35036775198104375
338,2,Florescent,ridge,full_ex,1.0,0.56,0.2702588689140488,0.0
338,2,Florescent,ridge,full_1fcs,1.0,1.08,0.2702588689140488,0.0
338,2,Florescent,ridge,full_mfcs,1.0,1.44,0.2702588689140488,0.0
338,3,Florescent,ridge,full_ex,1.0,0.3,5.030240885234814e-05,0.08948344104871439
338,3,Florescent,ridge,full_1fcs,1.0,0.4,5.030240885234814e-05,0.08948344104871439
338,3,Florescent,ridge,full_mfcs,1.0,0.5,5.030240885234814e-05,0.08948344104871439
338,4,Florescent,ridge,full_ex,1.0,0.34,0.0447627098663181,0.0
338,4,Florescent,ridge,full_1fcs,1.0,0.34,0.0447627098663181,0.0
338,4,Florescent,ridge,full_mfcs,1.0,0.34,0.0447627098663181,0.0
338,5,Florescent,ridge,full_ex,1.0,0.32,0.02984273241888373,0.13678529663111338
338,5,Florescent,ridge,full_1fcs,1.0,0.32,0.02984273241888373,0.13678529663111338
338,5,Florescent,ridge,full_mfcs,1.0,0.32,0.02984273241888373,0.13678529663111338
339,1,Florescent,ridge,full_ex,1.0,0.64,0.21217332686024942,0.0
339,1,Florescent,ridge,full_1fcs,1.0,0.96,0.21217332686024942,0.0
339,1,Florescent,ridge,full_mfcs,1.0,0.96,0.21217332686024942,0.0
339,2,Florescent,ridge,full_ex,1.0,0.48,0.06890288011952017,0.19086420345843133
339,2,Florescent,ridge,full_1fcs,1.0,0.52,0.06890288011952017,0.19086420345843133
339,2,Florescent,ridge,full_mfcs,1.0,0.52,0.06890288011952017,0.19086420345843133
339,3,Florescent,ridge,full_ex,1.0,0.6,0.19082818251698005,0.18254383185668477
339,3,Florescent,ridge,full_1fcs,1.0,0.64,0.19082818251698005,0.18254383185668477
339,3,Florescent,ridge,full_mfcs,1.0,0.64,0.19082818251698005,0.18254383185668477
339,4,Florescent,ridge,full_ex,1.0,0.6,0.18668661896758282,0.18635752104526784
339,4,Florescent,ridge,full_1fcs,1.0,0.62,0.18668661896758282,0.18635752104526784
339,4,Florescent,ridge,full_mfcs,1.0,0.62,0.18668661896758282,0.18635752104526784
339,5,Florescent,ridge,full_ex,1.0,0.62,0.18657693046209828,0.18433245702701262
339,5,Florescent,ridge,full_1fcs,1.0,0.62,0.18657693046209828,0.18433245702701262
339,5,Florescent,ridge,full_mfcs,1.0,0.62,0.18657693046209828,0.18433245702701262
340,1,Florescent,ridge,full_ex,1.0,0.46,0.01232985056916802,0.10112156684903148
340,1,Florescent,ridge,full_1fcs,1.0,0.78,0.01232985056916802,0.10112156684903148
340,1,Florescent,ridge,full_mfcs,1.0,0.78,0.01232985056916802,0.10112156684903148
340,2,Florescent,ridge,full_ex,1.0,0.56,0.14040596176710998,0.11261027866698528
340,2,Florescent,ridge,full_1fcs,1.0,0.56,0.14040596176710998,0.11261027866698528
340,2,Florescent,ridge,full_mfcs,1.0,0.8200000000000001,0.14040596176710998,0.11261027866698528
340,3,Florescent,ridge,full_ex,1.0,0.56,0.11261743783161392,0.0921544395828722
340,3,Florescent,ridge,full_1fcs,1.0,0.56,0.11261743783161392,0.0921544395828722
340,3,Florescent,ridge,full_mfcs,1.0,0.56,0.11261743783161392,0.0921544395828722
340,4,Florescent,ridge,full_ex,1.0,0.54,0.10238725650857225,0.0816967852883623
340,4,Florescent,ridge,full_1fcs,1.0,0.56,0.10238725650857225,0.0816967852883623
340,4,Florescent,ridge,full_mfcs,1.0,0.56,0.10238725650857225,0.0816967852883623
340,5,Florescent,ridge,full_ex,1.0,0.52,0.09549102499493223,0.11686338560043807
340,5,Florescent,ridge,full_1fcs,1.0,0.56,0.09549102499493223,0.11686338560043807
340,5,Florescent,ridge,full_mfcs,1.0,0.56,0.09549102499493223,0.11686338560043807
341,1,Florescent,ridge,full_ex,1.0,0.44,0.2331595718687164,0.15668987111580554
341,1,Florescent,ridge,full_1fcs,1.0,1.82,0.2331595718687164,0.15668987111580554
341,1,Florescent,ridge,full_mfcs,1.0,1.82,0.2331595718687164,0.15668987111580554
341,2,Florescent,ridge,full_ex,1.0,0.4,0.158022935287177,0.08935513101925284
341,2,Florescent,ridge,full_1fcs,1.0,0.4,0.158022935287177,0.08935513101925284
341,2,Florescent,ridge,full_mfcs,1.0,0.66,0.158022935287177,0.08935513101925284
341,3,Florescent,ridge,full_ex,1.0,0.32,0.08937276334058837,0.07800538154779228
341,3,Florescent,ridge,full_1fcs,1.0,0.32,0.08937276334058837,0.07800538154779228
341,3,Florescent,ridge,full_mfcs,1.0,0.38,0.08937276334058837,0.07800538154779228
341,4,Florescent,ridge,full_ex,1.0,0.3,0.08368980225933942,0.06825272258283586
341,4,Florescent,ridge,full_1fcs,1.0,0.3,0.08368980225933942,0.06825272258283586
341,4,Florescent,ridge,full_mfcs,1.0,0.48,0.08368980225933942,0.06825272258283586
341,5,Florescent,ridge,full_ex,1.0,0.3,0.07854454954150723,0.10028218579171212
341,5,Florescent,ridge,full_1fcs,1.0,0.3,0.07854454954150723,0.10028218579171212
341,5,Florescent,ridge,full_mfcs,1.0,0.56,0.07854454954150723,0.10028218579171212
342,1,Florescent,ridge,full_ex,1.0,0.44,0.09476099361711121,0.0
342,1,Florescent,ridge,full_1fcs,1.0,0.5,0.09476099361711121,0.0
342,1,Florescent,ridge,full_mfcs,1.0,0.5,0.09476099361711121,0.0
342,2,Florescent,ridge,full_ex,1.0,0.44,0.088051532629655,0.17539773586880292
342,2,Florescent,ridge,full_1fcs,1.0,0.42,0.088051532629655,0.17539773586880292
342,2,Florescent,ridge,full_mfcs,1.0,0.44,0.088051532629655,0.17539773586880292
342,3,Florescent,ridge,full_ex,1.0,0.52,0.17536168863762086,0.18083172480335036
342,3,Florescent,ridge,full_1fcs,1.0,0.52,0.17536168863762086,0.18083172480335036
342,3,Florescent,ridge,full_mfcs,1.0,0.52,0.17536168863762086,0.18083172480335036
342,4,Florescent,ridge,full_ex,1.0,0.5,0.17809614224190437,0.1862990488658097
342,4,Florescent,ridge,full_1fcs,1.0,0.52,0.17809614224190437,0.1862990488658097
342,4,Florescent,ridge,full_mfcs,1.0,0.52,0.17809614224190437,0.1862990488658097
342,5,Florescent,ridge,full_ex,1.0,0.5,0.1808300682026629,0.17779840980606884
342,5,Florescent,ridge,full_1fcs,1.0,0.54,0.1808300682026629,0.17779840980606884
342,5,Florescent,ridge,full_mfcs,1.0,0.54,0.1808300682026629,0.17779840980606884
343,1,Florescent,ridge,full_ex,1.0,0.68,0.009876656141467065,0.06483323679090378
343,1,Florescent,ridge,full_1fcs,1.0,0.68,0.009876656141467065,0.06483323679090378
343,1,Florescent,ridge,full_mfcs,1.0,0.68,0.009876656141467065,0.06483323679090378
343,2,Florescent,ridge,full_ex,1.0,0.9400000000000001,0.33666953375898356,0.10074220680145585
343,2,Florescent,ridge,full_1fcs,1.0,1.24,0.33666953375898356,0.10074220680145585
343,2,Florescent,ridge,full_mfcs,1.0,1.34,0.33666953375898356,0.10074220680145585
343,3,Florescent,ridge,full_ex,1.0,0.66,0.10077492748185414,0.10048611686737328
343,3,Florescent,ridge,full_1fcs,1.0,0.66,0.10077492748185414,0.10048611686737328
343,3,Florescent,ridge,full_mfcs,1.0,0.78,0.10077492748185414,0.10048611686737328
343,4,Florescent,ridge,full_ex,1.0,0.68,0.1006305321879325,0.1005361905432181
343,4,Florescent,ridge,full_1fcs,1.0,0.78,0.1006305321879325,0.1005361905432181
343,4,Florescent,ridge,full_mfcs,1.0,0.78,0.1006305321879325,0.1005361905432181
343,5,Florescent,ridge,full_ex,1.0,0.7000000000000001,0.10059908642813234,0.0994152919015159
343,5,Florescent,ridge,full_1fcs,1.0,0.78,0.10059908642813234,0.0994152919015159
343,5,Florescent,ridge,full_mfcs,1.0,1.04,0.10059908642813234,0.0994152919015159
344,1,Florescent,ridge,full_ex,1.0,0.76,0.338523028865654,0.10777751265112964
344,1,Florescent,ridge,full_1fcs,0.0,0.74,0.338523028865654,0.10777751265112964
344,1,Florescent,ridge,full_mfcs,0.0,0.74,0.338523028865654,0.10777751265112964
344,2,Florescent,ridge,full_ex,1.0,0.56,0.051969536836013144,0.08629354923754019
344,2,Florescent,ridge,full_1fcs,1.0,0.14,0.051969536836013144,0.08629354923754019
344,2,Florescent,ridge,full_mfcs,1.0,0.86,0.051969536836013144,0.08629354923754019
344,3,Florescent,ridge,full_ex,1.0,0.56,0.08628223390694742,0.08153454546934773
344,3,Florescent,ridge,full_1fcs,1.0,0.18,0.08628223390694742,0.08153454546934773
344,3,Florescent,ridge,full_mfcs,1.0,0.9400000000000001,0.08628223390694742,0.08153454546934773
344,4,Florescent,ridge,full_ex,1.0,0.56,0.08390878103720681,0.0868378478725604
344,4,Florescent,ridge,full_1fcs,1.0,0.18,0.08390878103720681,0.0868378478725604
344,4,Florescent,ridge,full_mfcs,1.0,1.04,0.08390878103720681,0.0868378478725604
344,5,Florescent,ridge,full_ex,1.0,0.56,0.08488502933519314,0.07635024896319695
344,5,Florescent,ridge,full_1fcs,1.0,0.18,0.08488502933519314,0.07635024896319695
344,5,Florescent,ridge,full_mfcs,1.0,1.06,0.08488502933519314,0.07635024896319695
345,1,Florescent,ridge,full_ex,1.0,0.42,0.10769249145961482,0.12714732579207838
345,1,Florescent,ridge,full_1fcs,1.0,0.56,0.10769249145961482,0.12714732579207838
345,1,Florescent,ridge,full_mfcs,1.0,0.56,0.10769249145961482,0.12714732579207838
345,2,Florescent,ridge,full_ex,1.0,0.46,0.15804852126410443,0.03844117651438003
345,2,Florescent,ridge,full_1fcs,1.0,1.3800000000000001,0.15804852126410443,0.03844117651438003
345,2,Florescent,ridge,full_mfcs,1.0,1.46,0.15804852126410443,0.03844117651438003
345,3,Florescent,ridge,full_ex,1.0,0.34,0.038465828579379885,0.3267890011474139
345,3,Florescent,ridge,full_1fcs,1.0,0.68,0.038465828579379885,0.3267890011474139
345,3,Florescent,ridge,full_mfcs,1.0,1.02,0.038465828579379885,0.3267890011474139
345,4,Florescent,ridge,full_ex,1.0,0.62,0.18261255688360523,0.053851234941981435
345,4,Florescent,ridge,full_1fcs,1.0,1.0,0.18261255688360523,0.053851234941981435
345,4,Florescent,ridge,full_mfcs,1.0,1.06,0.18261255688360523,0.053851234941981435
345,5,Florescent,ridge,full_ex,1.0,0.44,0.13969506539437698,0.032069539400453415
345,5,Florescent,ridge,full_1fcs,1.0,1.12,0.13969506539437698,0.032069539400453415
345,5,Florescent,ridge,full_mfcs,1.0,1.12,0.13969506539437698,0.032069539400453415
346,1,Florescent,ridge,full_ex,1.0,0.98,0.3690092215116936,0.12706715395586207
346,1,Florescent,ridge,full_1fcs,1.0,0.98,0.3690092215116936,0.12706715395586207
346,1,Florescent,ridge,full_mfcs,1.0,0.98,0.3690092215116936,0.12706715395586207
346,2,Florescent,ridge,full_ex,1.0,0.84,0.30284473901887593,0.11579104139070623
346,2,Florescent,ridge,full_1fcs,1.0,0.84,0.30284473901887593,0.11579104139070623
346,2,Florescent,ridge,full_mfcs,1.0,1.26,0.30284473901887593,0.11579104139070623
346,3,Florescent,ridge,full_ex,1.0,0.72,0.11581555324622608,0.08243494222982026
346,3,Florescent,ridge,full_1fcs,1.0,0.72,0.11581555324622608,0.08243494222982026
346,3,Florescent,ridge,full_mfcs,1.0,0.72,0.11581555324622608,0.08243494222982026
346,4,Florescent,ridge,full_ex,1.0,0.7000000000000001,0.09912634137306142,0.039095505204863615
346,4,Florescent,ridge,full_1fcs,1.0,0.7000000000000001,0.09912634137306142,0.039095505204863615
346,4,Florescent,ridge,full_mfcs,1.0,0.7000000000000001,0.09912634137306142,0.039095505204863615
346,5,Florescent,ridge,full_ex,1.0,0.7000000000000001,0.07911693678819709,0.0
346,5,Florescent,ridge,full_1fcs,1.0,0.7000000000000001,0.07911693678819709,0.0
346,5,Florescent,ridge,full_mfcs,1.0,0.7000000000000001,0.07911693678819709,0.0
347,1,Florescent,ridge,full_ex,1.0,0.36,0.027930463410022005,0.07654490373843781
347,1,Florescent,ridge,full_1fcs,1.0,0.88,0.027930463410022005,0.07654490373843781
347,1,Florescent,ridge,full_mfcs,1.0,0.88,0.027930463410022005,0.07654490373843781
347,2,Florescent,ridge,full_ex,1.0,0.78,0.06144224929917552,0.17110459957004892
347,2,Florescent,ridge,full_1fcs,1.0,0.78,0.06144224929917552,0.17110459957004892
347,2,Florescent,ridge,full_mfcs,1.0,0.78,0.06144224929917552,0.17110459957004892
347,3,Florescent,ridge,full_ex,1.0,0.58,0.17104148169163585,0.12901855240460905
347,3,Florescent,ridge,full_1fcs,1.0,0.78,0.17104148169163585,0.12901855240460905
347,3,Florescent,ridge,full_mfcs,1.0,0.92,0.17104148169163585,0.12901855240460905
347,4,Florescent,ridge,full_ex,1.0,0.52,0.15003606552711163,0.03396073477026036
347,4,Florescent,ridge,full_1fcs,1.0,0.88,0.15003606552711163,0.03396073477026036
347,4,Florescent,ridge,full_mfcs,1.0,0.88,0.15003606552711163,0.03396073477026036
347,5,Florescent,ridge,full_ex,1.0,0.46,0.11135171467672272,0.11969585180832519
347,5,Florescent,ridge,full_1fcs,1.0,0.8200000000000001,0.11135171467672272,0.11969585180832519
347,5,Florescent,ridge,full_mfcs,1.0,0.8200000000000001,0.11135171467672272,0.11969585180832519
348,1,Florescent,ridge,full_ex,1.0,0.8,0.25558248279620777,0.0991854576159519
348,1,Florescent,ridge,full_1fcs,1.0,1.3,0.25558248279620777,0.0991854576159519
348,1,Florescent,ridge,full_mfcs,1.0,1.3,0.25558248279620777,0.0991854576159519
348,2,Florescent,ridge,full_ex,1.0,0.8,0.16623242942408537,0.17216703689088364
348,2,Florescent,ridge,full_1fcs,1.0,0.78,0.16623242942408537,0.17216703689088364
348,2,Florescent,ridge,full_mfcs,1.0,1.1400000000000001,0.16623242942408537,0.17216703689088364
348,3,Florescent,ridge,full_ex,1.0,0.8,0.16919945358996727,0.10223585966121528
348,3,Florescent,ridge,full_1fcs,1.0,0.96,0.16919945358996727,0.10223585966121528
348,3,Florescent,ridge,full_mfcs,1.0,1.04,0.16919945358996727,0.10223585966121528
348,4,Florescent,ridge,full_ex,1.0,0.78,0.14687965766664537,0.14561268744572528
348,4,Florescent,ridge,full_1fcs,1.0,1.1400000000000001,0.14687965766664537,0.14561268744572528
348,4,Florescent,ridge,full_mfcs,1.0,1.1400000000000001,0.14687965766664537,0.14561268744572528
348,5,Florescent,ridge,full_ex,1.0,0.78,0.14656293003412724,0.17607142392351702
348,5,Florescent,ridge,full_1fcs,1.0,1.1400000000000001,0.14656293003412724,0.17607142392351702
348,5,Florescent,ridge,full_mfcs,1.0,1.1400000000000001,0.14656293003412724,0.17607142392351702
349,1,Florescent,ridge,full_ex,1.0,1.2,0.6024982025606543,0.5550690519946757
349,1,Florescent,ridge,full_1fcs,1.0,1.3,0.6024982025606543,0.5550690519946757
349,1,Florescent,ridge,full_mfcs,1.0,1.3,0.6024982025606543,0.5550690519946757
349,2,Florescent,ridge,full_ex,1.0,1.06,0.4833572464150278,0.1029610361598596
349,2,Florescent,ridge,full_1fcs,1.0,1.84,0.4833572464150278,0.1029610361598596
349,2,Florescent,ridge,full_mfcs,1.0,1.84,0.4833572464150278,0.1029610361598596
349,3,Florescent,ridge,full_ex,1.0,0.84,0.10304192333340631,0.10728304222970474
349,3,Florescent,ridge,full_1fcs,1.0,0.88,0.10304192333340631,0.10728304222970474
349,3,Florescent,ridge,full_mfcs,1.0,0.88,0.10304192333340631,0.10728304222970474
349,4,Florescent,ridge,full_ex,1.0,0.7000000000000001,0.10516225730123226,0.0758161209018243
349,4,Florescent,ridge,full_1fcs,1.0,0.86,0.10516225730123226,0.0758161209018243
349,4,Florescent,ridge,full_mfcs,1.0,0.86,0.10516225730123226,0.0758161209018243
349,5,Florescent,ridge,full_ex,1.0,0.7000000000000001,0.09538090528153996,0.0791986921514449
349,5,Florescent,ridge,full_1fcs,1.0,0.88,0.09538090528153996,0.0791986921514449
349,5,Florescent,ridge,full_mfcs,1.0,0.88,0.09538090528153996,0.0791986921514449
350,1,Florescent,ridge,full_ex,1.0,1.04,0.4843506739656414,0.12649477767721828
350,1,Florescent,ridge,full_1fcs,1.0,1.34,0.4843506739656414,0.12649477767721828
350,1,Florescent,ridge,full_mfcs,1.0,1.34,0.4843506739656414,0.12649477767721828
350,2,Florescent,ridge,full_ex,1.0,0.72,0.028780418688306247,0.021181054691225172
350,2,Florescent,ridge,full_1fcs,1.0,0.52,0.028780418688306247,0.021181054691225172
350,2,Florescent,ridge,full_mfcs,1.0,0.52,0.028780418688306247,0.021181054691225172
350,3,Florescent,ridge,full_ex,1.0,0.68,0.021182567047193585,0.15458172344998072
350,3,Florescent,ridge,full_1fcs,1.0,0.48,0.021182567047193585,0.15458172344998072
350,3,Florescent,ridge,full_mfcs,1.0,0.48,0.021182567047193585,0.15458172344998072
350,4,Florescent,ridge,full_ex,1.0,0.76,0.08787550761519392,0.09082544026035747
350,4,Florescent,ridge,full_1fcs,1.0,0.56,0.08787550761519392,0.09082544026035747
350,4,Florescent,ridge,full_mfcs,1.0,0.64,0.08787550761519392,0.09082544026035747
350,5,Florescent,ridge,full_ex,1.0,0.76,0.088858753259228,0.12133914182982908
350,5,Florescent,ridge,full_1fcs,1.0,0.56,0.088858753259228,0.12133914182982908
350,5,Florescent,ridge,full_mfcs,1.0,0.76,0.088858753259228,0.12133914182982908
351,1,Florescent,ridge,full_ex,1.0,0.78,0.07906850183893013,0.06083139707621196
351,1,Florescent,ridge,full_1fcs,1.0,0.8,0.07906850183893013,0.06083139707621196
351,1,Florescent,ridge,full_mfcs,1.0,0.8,0.07906850183893013,0.06083139707621196
351,2,Florescent,ridge,full_ex,1.0,0.76,0.07492327349969463,0.05503981332643751
351,2,Florescent,ridge,full_1fcs,1.0,0.76,0.07492327349969463,0.05503981332643751
351,2,Florescent,ridge,full_mfcs,1.0,0.86,0.07492327349969463,0.05503981332643751
351,3,Florescent,ridge,full_ex,1.0,0.72,0.055046979256662715,0.036623615198861724
351,3,Florescent,ridge,full_1fcs,1.0,0.76,0.055046979256662715,0.036623615198861724
351,3,Florescent,ridge,full_mfcs,1.0,0.88,0.055046979256662715,0.036623615198861724
351,4,Florescent,ridge,full_ex,1.0,0.7000000000000001,0.04583695745598306,0.05497833974854632
351,4,Florescent,ridge,full_1fcs,1.0,0.9,0.04583695745598306,0.05497833974854632
351,4,Florescent,ridge,full_mfcs,1.0,0.92,0.04583695745598306,0.05497833974854632
351,5,Florescent,ridge,full_ex,1.0,0.7000000000000001,0.04888371874302415,0.10488026015262271
351,5,Florescent,ridge,full_1fcs,1.0,0.9,0.04888371874302415,0.10488026015262271
351,5,Florescent,ridge,full_mfcs,1.0,0.9,0.04888371874302415,0.10488026015262271
352,1,Florescent,ridge,full_ex,1.0,0.52,0.06672757746339804,0.08976955744870238
352,1,Florescent,ridge,full_1fcs,1.0,0.9400000000000001,0.06672757746339804,0.08976955744870238
352,1,Florescent,ridge,full_mfcs,1.0,0.9400000000000001,0.06672757746339804,0.08976955744870238
352,2,Florescent,ridge,full_ex,1.0,0.42,-0.06364392530431591,0.0699529364638029
352,2,Florescent,ridge,full_1fcs,1.0,0.62,-0.06364392530431591,0.0699529364638029
352,2,Florescent,ridge,full_mfcs,1.0,0.74,-0.06364392530431591,0.0699529364638029
352,3,Florescent,ridge,full_ex,1.0,0.54,0.06991081242699536,0.08511183525075128
352,3,Florescent,ridge,full_1fcs,1.0,0.8200000000000001,0.06991081242699536,0.08511183525075128
352,3,Florescent,ridge,full_mfcs,1.0,0.86,0.06991081242699536,0.08511183525075128
352,4,Florescent,ridge,full_ex,1.0,0.54,0.07751012540239566,0.07855942872450226
352,4,Florescent,ridge,full_1fcs,1.0,0.84,0.07751012540239566,0.07855942872450226
352,4,Florescent,ridge,full_mfcs,1.0,0.84,0.07751012540239566,0.07855942872450226
352,5,Florescent,ridge,full_ex,1.0,0.54,0.07785985640783012,0.08040861683997173
352,5,Florescent,ridge,full_1fcs,1.0,0.84,0.07785985640783012,0.08040861683997173
352,5,Florescent,ridge,full_mfcs,1.0,0.84,0.07785985640783012,0.08040861683997173
353,1,Florescent,ridge,full_ex,1.0,1.26,0.5035642616475423,0.226505397013432
353,1,Florescent,ridge,full_1fcs,1.0,1.96,0.5035642616475423,0.226505397013432
353,1,Florescent,ridge,full_mfcs,1.0,1.96,0.5035642616475423,0.226505397013432
353,2,Florescent,ridge,full_ex,1.0,1.04,0.1508549134788238,0.1539408286436581
353,2,Florescent,ridge,full_1fcs,1.0,1.4000000000000001,0.1508549134788238,0.1539408286436581
353,2,Florescent,ridge,full_mfcs,1.0,1.4000000000000001,0.1508549134788238,0.1539408286436581
353,3,Florescent,ridge,full_ex,1.0,0.98,0.1539394881256983,0.17790539351280757
353,3,Florescent,ridge,full_1fcs,1.0,0.8,0.1539394881256983,0.17790539351280757
353,3,Florescent,ridge,full_mfcs,1.0,0.8,0.1539394881256983,0.17790539351280757
353,4,Florescent,ridge,full_ex,1.0,1.0,0.16591983756496817,0.14839727964155258
353,4,Florescent,ridge,full_1fcs,1.0,0.78,0.16591983756496817,0.14839727964155258
353,4,Florescent,ridge,full_mfcs,1.0,0.78,0.16591983756496817,0.14839727964155258
353,5,Florescent,ridge,full_ex,1.0,0.98,0.16007983092230632,0.15579103428948887
353,5,Florescent,ridge,full_1fcs,1.0,0.76,0.16007983092230632,0.15579103428948887
353,5,Florescent,ridge,full_mfcs,1.0,0.76,0.16007983092230632,0.15579103428948887
354,1,Florescent,ridge,full_ex,1.0,0.46,-0.007353711815403608,0.18769811955009122
354,1,Florescent,ridge,full_1fcs,1.0,0.46,-0.007353711815403608,0.18769811955009122
354,1,Florescent,ridge,full_mfcs,1.0,0.46,-0.007353711815403608,0.18769811955009122
354,2,Florescent,ridge,full_ex,1.0,0.64,0.2650855050671362,0.2900855468278648
354,2,Florescent,ridge,full_1fcs,1.0,1.74,0.2650855050671362,0.2900855468278648
354,2,Florescent,ridge,full_mfcs,1.0,1.74,0.2650855050671362,0.2900855468278648
354,3,Florescent,ridge,full_ex,1.0,0.64,0.290071430414286,0.1258103281325471
354,3,Florescent,ridge,full_1fcs,1.0,0.74,0.290071430414286,0.1258103281325471
354,3,Florescent,ridge,full_mfcs,1.0,0.74,0.290071430414286,0.1258103281325471
354,4,Florescent,ridge,full_ex,1.0,0.52,0.2079640735592426,0.0
354,4,Florescent,ridge,full_1fcs,1.0,0.72,0.2079640735592426,0.0
354,4,Florescent,ridge,full_mfcs,1.0,0.84,0.2079640735592426,0.0
354,5,Florescent,ridge,full_ex,1.0,0.46,0.13865576818379716,0.02927065084677996
354,5,Florescent,ridge,full_1fcs,1.0,0.58,0.13865576818379716,0.02927065084677996
354,5,Florescent,ridge,full_mfcs,1.0,1.16,0.13865576818379716,0.02927065084677996
355,1,Florescent,ridge,full_ex,1.0,0.6,0.05291138808941676,0.16240805054349905
355,1,Florescent,ridge,full_1fcs,1.0,0.56,0.05291138808941676,0.16240805054349905
355,1,Florescent,ridge,full_mfcs,1.0,0.56,0.05291138808941676,0.16240805054349905
355,2,Florescent,ridge,full_ex,1.0,1.0,0.4612396870553558,0.0660718922441753
355,2,Florescent,ridge,full_1fcs,1.0,1.28,0.4612396870553558,0.0660718922441753
355,2,Florescent,ridge,full_mfcs,1.0,1.6400000000000001,0.4612396870553558,0.0660718922441753
355,3,Florescent,ridge,full_ex,1.0,0.62,0.06612523924362221,0.04663500024400636
355,3,Florescent,ridge,full_1fcs,1.0,0.6,0.06612523924362221,0.04663500024400636
355,3,Florescent,ridge,full_mfcs,1.0,0.64,0.06612523924362221,0.04663500024400636
355,4,Florescent,ridge,full_ex,1.0,0.62,0.05638077757477888,0.06213862035031184
355,4,Florescent,ridge,full_1fcs,1.0,0.56,0.05638077757477888,0.06213862035031184
355,4,Florescent,ridge,full_mfcs,1.0,0.56,0.05638077757477888,0.06213862035031184
355,5,Florescent,ridge,full_ex,1.0,0.62,0.05829997212526974,0.05424564278710601
355,5,Florescent,ridge,full_1fcs,1.0,0.56,0.05829997212526974,0.05424564278710601
355,5,Florescent,ridge,full_mfcs,1.0,0.56,0.05829997212526974,0.05424564278710601
356,1,Florescent,ridge,full_ex,1.0,1.0,0.2823688541413188,0.1774050678008376
356,1,Florescent,ridge,full_1fcs,1.0,1.24,0.2823688541413188,0.1774050678008376
356,1,Florescent,ridge,full_mfcs,1.0,1.24,0.2823688541413188,0.1774050678008376
356,2,Florescent,ridge,full_ex,1.0,0.9,0.09501582638126545,0.17596826981144187
356,2,Florescent,ridge,full_1fcs,1.0,0.9,0.09501582638126545,0.17596826981144187
356,2,Florescent,ridge,full_mfcs,1.0,0.96,0.09501582638126545,0.17596826981144187
356,3,Florescent,ridge,full_ex,1.0,0.96,0.17595491203278732,0.1756425159863794
356,3,Florescent,ridge,full_1fcs,1.0,0.96,0.17595491203278732,0.1756425159863794
356,3,Florescent,ridge,full_mfcs,1.0,0.96,0.17595491203278732,0.1756425159863794
356,4,Florescent,ridge,full_ex,1.0,0.96,0.1757987268989252,0.1645452622124147
356,4,Florescent,ridge,full_1fcs,1.0,0.96,0.1757987268989252,0.1645452622124147
356,4,Florescent,ridge,full_mfcs,1.0,0.96,0.1757987268989252,0.1645452622124147
356,5,Florescent,ridge,full_ex,1.0,0.96,0.17204777834790844,0.13019937539133436
356,5,Florescent,ridge,full_1fcs,1.0,0.96,0.17204777834790844,0.13019937539133436
356,5,Florescent,ridge,full_mfcs,1.0,0.96,0.17204777834790844,0.13019937539133436
357,1,Florescent,ridge,full_ex,1.0,0.66,0.19014447182712277,0.11976409349905512
357,1,Florescent,ridge,full_1fcs,1.0,0.9,0.19014447182712277,0.11976409349905512
357,1,Florescent,ridge,full_mfcs,1.0,0.9,0.19014447182712277,0.11976409349905512
357,2,Florescent,ridge,full_ex,1.0,0.72,0.18063064155592526,0.17434238267444344
357,2,Florescent,ridge,full_1fcs,1.0,0.72,0.18063064155592526,0.17434238267444344
357,2,Florescent,ridge,full_mfcs,1.0,1.06,0.18063064155592526,0.17434238267444344
357,3,Florescent,ridge,full_ex,1.0,0.66,0.17434325747962312,0.1804974738780859
357,3,Florescent,ridge,full_1fcs,1.0,0.66,0.17434325747962312,0.1804974738780859
357,3,Florescent,ridge,full_mfcs,1.0,0.66,0.17434325747962312,0.1804974738780859
357,4,Florescent,ridge,full_ex,1.0,0.66,0.17742015162477753,0.17596740169004954
357,4,Florescent,ridge,full_1fcs,1.0,0.66,0.17742015162477753,0.17596740169004954
357,4,Florescent,ridge,full_mfcs,1.0,0.66,0.17742015162477753,0.17596740169004954
357,5,Florescent,ridge,full_ex,1.0,0.64,0.1769359241049546,0.17816258194243953
357,5,Florescent,ridge,full_1fcs,1.0,0.64,0.1769359241049546,0.17816258194243953
357,5,Florescent,ridge,full_mfcs,1.0,0.66,0.1769359241049546,0.17816258194243953
358,1,Florescent,ridge,full_ex,1.0,0.92,0.13543333533905624,0.1197158308401331
358,1,Florescent,ridge,full_1fcs,1.0,0.84,0.13543333533905624,0.1197158308401331
358,1,Florescent,ridge,full_mfcs,1.0,0.84,0.13543333533905624,0.1197158308401331
358,2,Florescent,ridge,full_ex,1.0,1.02,0.24867923443518744,0.23925403633674447
358,2,Florescent,ridge,full_1fcs,1.0,1.0,0.24867923443518744,0.23925403633674447
358,2,Florescent,ridge,full_mfcs,1.0,1.0,0.24867923443518744,0.23925403633674447
358,3,Florescent,ridge,full_ex,1.0,0.96,0.23925694512172682,0.15127815865162966
358,3,Florescent,ridge,full_1fcs,1.0,0.9,0.23925694512172682,0.15127815865162966
358,3,Florescent,ridge,full_mfcs,1.0,0.9,0.23925694512172682,0.15127815865162966
358,4,Florescent,ridge,full_ex,1.0,0.9,0.19527434089051174,0.17504788851459765
358,4,Florescent,ridge,full_1fcs,1.0,0.88,0.19527434089051174,0.17504788851459765
358,4,Florescent,ridge,full_mfcs,1.0,0.88,0.19527434089051174,0.17504788851459765
358,5,Florescent,ridge,full_ex,1.0,0.88,0.18853288382411387,0.2061589433962177
358,5,Florescent,ridge,full_1fcs,1.0,0.88,0.18853288382411387,0.2061589433962177
358,5,Florescent,ridge,full_mfcs,1.0,0.88,0.18853288382411387,0.2061589433962177
359,1,Florescent,ridge,full_ex,1.0,0.46,0.16622880496299433,0.27122290217792716
359,1,Florescent,ridge,full_1fcs,1.0,1.04,0.16622880496299433,0.27122290217792716
359,1,Florescent,ridge,full_mfcs,1.0,1.04,0.16622880496299433,0.27122290217792716
359,2,Florescent,ridge,full_ex,1.0,0.5,0.20166495068417045,0.0
359,2,Florescent,ridge,full_1fcs,1.0,0.54,0.20166495068417045,0.0
359,2,Florescent,ridge,full_mfcs,1.0,0.9400000000000001,0.20166495068417045,0.0
359,3,Florescent,ridge,full_ex,1.0,0.32,6.545143901634173e-05,0.0
359,3,Florescent,ridge,full_1fcs,1.0,0.42,6.545143901634173e-05,0.0
359,3,Florescent,ridge,full_mfcs,1.0,0.78,6.545143901634173e-05,0.0
359,4,Florescent,ridge,full_ex,1.0,0.3,3.2731030340998196e-05,0.21111184653317855
359,4,Florescent,ridge,full_1fcs,1.0,0.34,3.2731030340998196e-05,0.21111184653317855
359,4,Florescent,ridge,full_mfcs,1.0,0.84,3.2731030340998196e-05,0.21111184653317855
359,5,Florescent,ridge,full_ex,1.0,0.36,0.07038482267821874,0.0792202217675393
359,5,Florescent,ridge,full_1fcs,1.0,0.4,0.07038482267821874,0.0792202217675393
359,5,Florescent,ridge,full_mfcs,1.0,1.16,0.07038482267821874,0.0792202217675393
360,1,Florescent,ridge,full_ex,1.0,0.62,0.1627985405220894,0.019562484704433468
360,1,Florescent,ridge,full_1fcs,1.0,0.68,0.1627985405220894,0.019562484704433468
360,1,Florescent,ridge,full_mfcs,1.0,0.68,0.1627985405220894,0.019562484704433468
360,2,Florescent,ridge,full_ex,1.0,0.68,0.16893721431726558,0.0
360,2,Florescent,ridge,full_1fcs,1.0,0.68,0.16893721431726558,0.0
360,2,Florescent,ridge,full_mfcs,1.0,0.68,0.16893721431726558,0.0
360,3,Florescent,ridge,full_ex,0.0,0.42,5.936916571264855e-05,0.5239356536816367
360,3,Florescent,ridge,full_1fcs,0.0,0.44,5.936916571264855e-05,0.5239356536816367
360,3,Florescent,ridge,full_mfcs,0.0,0.44,5.936916571264855e-05,0.5239356536816367
360,4,Florescent,ridge,full_ex,1.0,0.72,0.2619514772144654,0.26320485079509054
360,4,Florescent,ridge,full_1fcs,1.0,1.06,0.2619514772144654,0.26320485079509054
360,4,Florescent,ridge,full_mfcs,1.0,1.06,0.2619514772144654,0.26320485079509054
360,5,Florescent,ridge,full_ex,1.0,0.72,0.26236921945565655,0.081895730720557
360,5,Florescent,ridge,full_1fcs,1.0,0.8,0.26236921945565655,0.081895730720557
360,5,Florescent,ridge,full_mfcs,1.0,0.8,0.26236921945565655,0.081895730720557
361,1,Florescent,ridge,full_ex,1.0,0.58,0.12451459460458769,0.11762136320319791
361,1,Florescent,ridge,full_1fcs,1.0,0.9400000000000001,0.12451459460458769,0.11762136320319791
361,1,Florescent,ridge,full_mfcs,1.0,0.9400000000000001,0.12451459460458769,0.11762136320319791
361,2,Florescent,ridge,full_ex,1.0,0.62,0.146749996326662,0.16380912474963963
361,2,Florescent,ridge,full_1fcs,1.0,0.64,0.146749996326662,0.16380912474963963
361,2,Florescent,ridge,full_mfcs,1.0,1.16,0.146749996326662,0.16380912474963963
361,3,Florescent,ridge,full_ex,1.0,0.64,0.16380559823827484,0.2171516018319322
361,3,Florescent,ridge,full_1fcs,1.0,0.66,0.16380559823827484,0.2171516018319322
361,3,Florescent,ridge,full_mfcs,1.0,0.66,0.16380559823827484,0.2171516018319322
361,4,Florescent,ridge,full_ex,1.0,0.66,0.1904758427912553,0.18279339783991075
361,4,Florescent,ridge,full_1fcs,1.0,0.7000000000000001,0.1904758427912553,0.18279339783991075
361,4,Florescent,ridge,full_mfcs,1.0,0.7000000000000001,0.1904758427912553,0.18279339783991075
361,5,Florescent,ridge,full_ex,1.0,0.66,0.18791520429152578,0.18959400389850872
361,5,Florescent,ridge,full_1fcs,1.0,0.7000000000000001,0.18791520429152578,0.18959400389850872
361,5,Florescent,ridge,full_mfcs,1.0,0.7000000000000001,0.18791520429152578,0.18959400389850872
362,1,Florescent,ridge,full_ex,1.0,0.76,0.22563874230438835,0.11011115348652459
362,1,Florescent,ridge,full_1fcs,1.0,1.34,0.22563874230438835,0.11011115348652459
362,1,Florescent,ridge,full_mfcs,1.0,1.34,0.22563874230438835,0.11011115348652459
362,2,Florescent,ridge,full_ex,1.0,0.56,-0.010563601446922182,0.07987046177225154
362,2,Florescent,ridge,full_1fcs,1.0,0.96,-0.010563601446922182,0.07987046177225154
362,2,Florescent,ridge,full_mfcs,1.0,1.46,-0.010563601446922182,0.07987046177225154
362,3,Florescent,ridge,full_ex,1.0,0.64,0.07985400658213204,0.07756691309971249
362,3,Florescent,ridge,full_1fcs,1.0,0.74,0.07985400658213204,0.07756691309971249
362,3,Florescent,ridge,full_mfcs,1.0,1.06,0.07985400658213204,0.07756691309971249
362,4,Florescent,ridge,full_ex,1.0,0.62,0.07871056388932489,0.08292229052451103
362,4,Florescent,ridge,full_1fcs,1.0,1.04,0.07871056388932489,0.08292229052451103
362,4,Florescent,ridge,full_mfcs,1.0,1.04,0.07871056388932489,0.08292229052451103
362,5,Florescent,ridge,full_ex,1.0,0.62,0.08011438760633464,0.08339624432753014
362,5,Florescent,ridge,full_1fcs,1.0,1.06,0.08011438760633464,0.08339624432753014
362,5,Florescent,ridge,full_mfcs,1.0,1.06,0.08011438760633464,0.08339624432753014
363,1,Florescent,ridge,full_ex,1.0,0.74,0.3106585548068417,0.12007357139487021
363,1,Florescent,ridge,full_1fcs,1.0,0.92,0.3106585548068417,0.12007357139487021
363,1,Florescent,ridge,full_mfcs,1.0,0.92,0.3106585548068417,0.12007357139487021
363,2,Florescent,ridge,full_ex,0.0,0.56,0.07897987409149002,0.6363131801348192
363,2,Florescent,ridge,full_1fcs,1.0,0.74,0.07897987409149002,0.6363131801348192
363,2,Florescent,ridge,full_mfcs,1.0,0.86,0.07897987409149002,0.6363131801348192
363,3,Florescent,ridge,full_ex,1.0,1.18,0.6361963921098783,0.7008300908168381
363,3,Florescent,ridge,full_1fcs,1.0,1.16,0.6361963921098783,0.7008300908168381
363,3,Florescent,ridge,full_mfcs,1.0,1.18,0.6361963921098783,0.7008300908168381
363,4,Florescent,ridge,full_ex,1.0,0.98,0.6685098551440042,0.6434415667268965
363,4,Florescent,ridge,full_1fcs,1.0,1.2,0.6685098551440042,0.6434415667268965
363,4,Florescent,ridge,full_mfcs,1.0,1.16,0.6685098551440042,0.6434415667268965
363,5,Florescent,ridge,full_ex,1.0,0.98,0.6601543427541793,0.5645988057860699
363,5,Florescent,ridge,full_1fcs,1.0,1.18,0.6601543427541793,0.5645988057860699
363,5,Florescent,ridge,full_mfcs,1.0,1.18,0.6601543427541793,0.5645988057860699
364,1,Florescent,ridge,full_ex,1.0,0.54,0.03909219008966704,0.1923230103109269
364,1,Florescent,ridge,full_1fcs,1.0,0.72,0.03909219008966704,0.1923230103109269
364,1,Florescent,ridge,full_mfcs,1.0,0.72,0.03909219008966704,0.1923230103109269
364,2,Florescent,ridge,full_ex,1.0,0.58,0.15055889903174363,0.12864288061078455
364,2,Florescent,ridge,full_1fcs,1.0,1.1,0.15055889903174363,0.12864288061078455
364,2,Florescent,ridge,full_mfcs,1.0,1.1,0.15055889903174363,0.12864288061078455
364,3,Florescent,ridge,full_ex,1.0,0.6,0.1286506227210958,0.08364409153162841
364,3,Florescent,ridge,full_1fcs,1.0,0.84,0.1286506227210958,0.08364409153162841
364,3,Florescent,ridge,full_mfcs,1.0,0.84,0.1286506227210958,0.08364409153162841
364,4,Florescent,ridge,full_ex,1.0,0.6,0.10615133260995938,0.1508283886366532
364,4,Florescent,ridge,full_1fcs,1.0,0.76,0.10615133260995938,0.1508283886366532
364,4,Florescent,ridge,full_mfcs,1.0,0.76,0.10615133260995938,0.1508283886366532
364,5,Florescent,ridge,full_ex,1.0,0.62,0.121041930568596,0.057305389916073424
364,5,Florescent,ridge,full_1fcs,1.0,0.76,0.121041930568596,0.057305389916073424
364,5,Florescent,ridge,full_mfcs,1.0,0.76,0.121041930568596,0.057305389916073424
365,1,Florescent,ridge,full_ex,1.0,0.56,0.22088363494528973,0.16529121301417954
365,1,Florescent,ridge,full_1fcs,1.0,1.02,0.22088363494528973,0.16529121301417954
365,1,Florescent,ridge,full_mfcs,1.0,1.02,0.22088363494528973,0.16529121301417954
365,2,Florescent,ridge,full_ex,1.0,0.42,-0.015496415180549767,0.1636247292788863
365,2,Florescent,ridge,full_1fcs,1.0,0.42,-0.015496415180549767,0.1636247292788863
365,2,Florescent,ridge,full_mfcs,1.0,0.42,-0.015496415180549767,0.1636247292788863
365,3,Florescent,ridge,full_ex,1.0,0.58,0.163553769072288,0.17079195524434398
365,3,Florescent,ridge,full_1fcs,1.0,0.58,0.163553769072288,0.17079195524434398
365,3,Florescent,ridge,full_mfcs,1.0,0.58,0.163553769072288,0.17079195524434398
365,4,Florescent,ridge,full_ex,1.0,0.58,0.16717214515074205,0.16660432968435832
365,4,Florescent,ridge,full_1fcs,1.0,0.58,0.16717214515074205,0.16660432968435832
365,4,Florescent,ridge,full_mfcs,1.0,0.58,0.16717214515074205,0.16660432968435832
365,5,Florescent,ridge,full_ex,1.0,0.56,0.16698289832950095,0.16901783933349582
365,5,Florescent,ridge,full_1fcs,1.0,0.56,0.16698289832950095,0.16901783933349582
365,5,Florescent,ridge,full_mfcs,1.0,0.56,0.16698289832950095,0.16901783933349582
366,1,Florescent,ridge,full_ex,1.0,0.72,0.47555427915714577,0.22359593729181892
366,1,Florescent,ridge,full_1fcs,1.0,0.92,0.47555427915714577,0.22359593729181892
366,1,Florescent,ridge,full_mfcs,1.0,0.92,0.47555427915714577,0.22359593729181892
366,2,Florescent,ridge,full_ex,1.0,0.54,0.20481944408567027,0.23706549251657305
366,2,Florescent,ridge,full_1fcs,1.0,0.96,0.20481944408567027,0.23706549251657305
366,2,Florescent,ridge,full_mfcs,1.0,0.96,0.20481944408567027,0.23706549251657305
366,3,Florescent,ridge,full_ex,1.0,0.54,0.2370544393351186,0.14950129951757252
366,3,Florescent,ridge,full_1fcs,1.0,0.8200000000000001,0.2370544393351186,0.14950129951757252
366,3,Florescent,ridge,full_mfcs,1.0,1.06,0.2370544393351186,0.14950129951757252
366,4,Florescent,ridge,full_ex,1.0,0.5,0.19328537349806102,0.1802508412048013
366,4,Florescent,ridge,full_1fcs,1.0,1.06,0.19328537349806102,0.1802508412048013
366,4,Florescent,ridge,full_mfcs,1.0,1.06,0.19328537349806102,0.1802508412048013
366,5,Florescent,ridge,full_ex,1.0,0.5,0.1889410259500312,0.15172427734808397
366,5,Florescent,ridge,full_1fcs,1.0,1.08,0.1889410259500312,0.15172427734808397
366,5,Florescent,ridge,full_mfcs,1.0,1.08,0.1889410259500312,0.15172427734808397
367,1,Florescent,ridge,full_ex,1.0,0.7000000000000001,0.26469402836836986,0.06847666731060964
367,1,Florescent,ridge,full_1fcs,1.0,0.98,0.26469402836836986,0.06847666731060964
367,1,Florescent,ridge,full_mfcs,1.0,0.98,0.26469402836836986,0.06847666731060964
367,2,Florescent,ridge,full_ex,1.0,0.52,0.027011974729986104,0.17751875660329125
367,2,Florescent,ridge,full_1fcs,1.0,0.52,0.027011974729986104,0.17751875660329125
367,2,Florescent,ridge,full_mfcs,1.0,0.8,0.027011974729986104,0.17751875660329125
367,3,Florescent,ridge,full_ex,1.0,0.64,0.17748832986663407,0.2585210631723268
367,3,Florescent,ridge,full_1fcs,1.0,0.64,0.17748832986663407,0.2585210631723268
367,3,Florescent,ridge,full_mfcs,1.0,0.64,0.17748832986663407,0.2585210631723268
367,4,Florescent,ridge,full_ex,1.0,0.66,0.21800060067237592,0.3325229562735095
367,4,Florescent,ridge,full_1fcs,1.0,0.66,0.21800060067237592,0.3325229562735095
367,4,Florescent,ridge,full_mfcs,1.0,0.66,0.21800060067237592,0.3325229562735095
367,5,Florescent,ridge,full_ex,1.0,0.7000000000000001,0.2561721464090707,0.276017085271172
367,5,Florescent,ridge,full_1fcs,1.0,0.7000000000000001,0.2561721464090707,0.276017085271172
367,5,Florescent,ridge,full_mfcs,1.0,0.7000000000000001,0.2561721464090707,0.276017085271172
368,1,Florescent,ridge,full_ex,0.0,0.66,0.3203971029059915,1.114763611602099
368,1,Florescent,ridge,full_1fcs,0.0,2.04,0.3203971029059915,1.114763611602099
368,1,Florescent,ridge,full_mfcs,0.0,2.04,0.3203971029059915,1.114763611602099
368,2,Florescent,ridge,full_ex,1.0,1.16,1.0971601739664558,0.7059188078788017
368,2,Florescent,ridge,full_1fcs,1.0,2.22,1.0971601739664558,0.7059188078788017
368,2,Florescent,ridge,full_mfcs,1.0,2.22,1.0971601739664558,0.7059188078788017
368,3,Florescent,ridge,full_ex,1.0,1.28,0.7060829352278903,0.8751501753155952
368,3,Florescent,ridge,full_1fcs,1.0,1.5,0.7060829352278903,0.8751501753155952
368,3,Florescent,ridge,full_mfcs,1.0,1.5,0.7060829352278903,0.8751501753155952
368,4,Florescent,ridge,full_ex,1.0,1.22,0.7905988204526528,0.5638526769531221
368,4,Florescent,ridge,full_1fcs,1.0,1.22,0.7905988204526528,0.5638526769531221
368,4,Florescent,ridge,full_mfcs,1.0,1.08,0.7905988204526528,0.5638526769531221
368,5,Florescent,ridge,full_ex,1.0,1.3,0.7150273445681742,0.42485344554831916
368,5,Florescent,ridge,full_1fcs,1.0,1.18,0.7150273445681742,0.42485344554831916
368,5,Florescent,ridge,full_mfcs,1.0,1.1,0.7150273445681742,0.42485344554831916
369,1,Florescent,ridge,full_ex,1.0,0.6,0.22329043718415667,0.1335992510054087
369,1,Florescent,ridge,full_1fcs,1.0,1.7,0.22329043718415667,0.1335992510054087
369,1,Florescent,ridge,full_mfcs,1.0,1.7,0.22329043718415667,0.1335992510054087
369,2,Florescent,ridge,full_ex,1.0,0.68,0.06807654841523904,0.21885040092379893
369,2,Florescent,ridge,full_1fcs,1.0,0.68,0.06807654841523904,0.21885040092379893
369,2,Florescent,ridge,full_mfcs,1.0,0.68,0.06807654841523904,0.21885040092379893
369,3,Florescent,ridge,full_ex,1.0,0.76,0.2187895964596559,0.15825628688428625
369,3,Florescent,ridge,full_1fcs,1.0,0.76,0.2187895964596559,0.15825628688428625
369,3,Florescent,ridge,full_mfcs,1.0,0.76,0.2187895964596559,0.15825628688428625
369,4,Florescent,ridge,full_ex,1.0,0.66,0.1885290459090207,0.20013235652767988
369,4,Florescent,ridge,full_1fcs,1.0,0.8,0.1885290459090207,0.20013235652767988
369,4,Florescent,ridge,full_mfcs,1.0,0.9400000000000001,0.1885290459090207,0.20013235652767988
369,5,Florescent,ridge,full_ex,1.0,0.66,0.1923962960406943,0.23079696008295073
369,5,Florescent,ridge,full_1fcs,1.0,0.96,0.1923962960406943,0.23079696008295073
369,5,Florescent,ridge,full_mfcs,1.0,1.12,0.1923962960406943,0.23079696008295073
370,1,Florescent,ridge,full_ex,1.0,0.66,0.4245047193420803,0.10418347757221712
370,1,Florescent,ridge,full_1fcs,1.0,2.22,0.4245047193420803,0.10418347757221712
370,1,Florescent,ridge,full_mfcs,1.0,2.22,0.4245047193420803,0.10418347757221712
370,2,Florescent,ridge,full_ex,1.0,0.84,0.264818488761041,0.09685721216896026
370,2,Florescent,ridge,full_1fcs,1.0,1.28,0.264818488761041,0.09685721216896026
370,2,Florescent,ridge,full_mfcs,1.0,1.28,0.264818488761041,0.09685721216896026
370,3,Florescent,ridge,full_ex,1.0,0.44,0.09692241102266803,0.05437906556226521
370,3,Florescent,ridge,full_1fcs,1.0,0.66,0.09692241102266803,0.05437906556226521
370,3,Florescent,ridge,full_mfcs,1.0,0.84,0.09692241102266803,0.05437906556226521
370,4,Florescent,ridge,full_ex,1.0,0.42,0.07565486768983529,0.0
370,4,Florescent,ridge,full_1fcs,1.0,0.88,0.07565486768983529,0.0
370,4,Florescent,ridge,full_mfcs,1.0,0.88,0.07565486768983529,0.0
370,5,Florescent,ridge,full_ex,1.0,0.4,0.0504398423657563,0.04873924415168428
370,5,Florescent,ridge,full_1fcs,1.0,0.8200000000000001,0.0504398423657563,0.04873924415168428
370,5,Florescent,ridge,full_mfcs,1.0,0.9,0.0504398423657563,0.04873924415168428
371,1,Florescent,ridge,full_ex,1.0,0.38,0.013160158619102316,0.09010087313311825
371,1,Florescent,ridge,full_1fcs,1.0,0.7000000000000001,0.013160158619102316,0.09010087313311825
371,1,Florescent,ridge,full_mfcs,1.0,0.7000000000000001,0.013160158619102316,0.09010087313311825
371,2,Florescent,ridge,full_ex,1.0,0.6,0.23218039189244416,0.054944872018472396
371,2,Florescent,ridge,full_1fcs,1.0,1.18,0.23218039189244416,0.054944872018472396
371,2,Florescent,ridge,full_mfcs,1.0,1.44,0.23218039189244416,0.054944872018472396
371,3,Florescent,ridge,full_ex,1.0,0.42,0.054971949718965074,0.07104576769270504
371,3,Florescent,ridge,full_1fcs,1.0,0.42,0.054971949718965074,0.07104576769270504
371,3,Florescent,ridge,full_mfcs,1.0,0.42,0.054971949718965074,0.07104576769270504
371,4,Florescent,ridge,full_ex,1.0,0.42,0.06300824472730947,0.09701871415208257
371,4,Florescent,ridge,full_1fcs,1.0,0.4,0.06300824472730947,0.09701871415208257
371,4,Florescent,ridge,full_mfcs,1.0,0.42,0.06300824472730947,0.09701871415208257
371,5,Florescent,ridge,full_ex,1.0,0.44,0.07434449047162763,0.07587989292272931
371,5,Florescent,ridge,full_1fcs,1.0,0.42,0.07434449047162763,0.07587989292272931
371,5,Florescent,ridge,full_mfcs,1.0,0.44,0.07434449047162763,0.07587989292272931
372,1,Florescent,ridge,full_ex,1.0,1.02,0.2486546575568862,0.5612849558585608
372,1,Florescent,ridge,full_1fcs,1.0,1.02,0.2486546575568862,0.5612849558585608
372,1,Florescent,ridge,full_mfcs,1.0,1.02,0.2486546575568862,0.5612849558585608
372,2,Florescent,ridge,full_ex,1.0,1.3,0.515831082955384,0.2508958029719318
372,2,Florescent,ridge,full_1fcs,1.0,2.2,0.515831082955384,0.2508958029719318
372,2,Florescent,ridge,full_mfcs,1.0,2.22,0.515831082955384,0.2508958029719318
372,3,Florescent,ridge,full_ex,1.0,1.04,0.2509323005229107,0.18094750037743332
372,3,Florescent,ridge,full_1fcs,1.0,0.92,0.2509323005229107,0.18094750037743332
372,3,Florescent,ridge,full_mfcs,1.0,1.22,0.2509323005229107,0.18094750037743332
372,4,Florescent,ridge,full_ex,1.0,1.02,0.21594231089649002,0.1674801384013082
372,4,Florescent,ridge,full_1fcs,1.0,0.9,0.21594231089649002,0.1674801384013082
372,4,Florescent,ridge,full_mfcs,1.0,1.2,0.21594231089649002,0.1674801384013082
372,5,Florescent,ridge,full_ex,1.0,1.0,0.19978899526007315,0.21180808771113907
372,5,Florescent,ridge,full_1fcs,1.0,0.9,0.19978899526007315,0.21180808771113907
372,5,Florescent,ridge,full_mfcs,1.0,1.18,0.19978899526007315,0.21180808771113907
373,1,Florescent,ridge,full_ex,1.0,0.88,0.23510574069616755,0.2625247640090901
373,1,Florescent,ridge,full_1fcs,1.0,1.04,0.23510574069616755,0.2625247640090901
373,1,Florescent,ridge,full_mfcs,1.0,1.04,0.23510574069616755,0.2625247640090901
373,2,Florescent,ridge,full_ex,1.0,1.26,0.6313433130447187,0.2616906134246024
373,2,Florescent,ridge,full_1fcs,1.0,2.22,0.6313433130447187,0.2616906134246024
373,2,Florescent,ridge,full_mfcs,1.0,2.22,0.6313433130447187,0.2616906134246024
373,3,Florescent,ridge,full_ex,1.0,0.9400000000000001,0.26174099158829084,0.28685414386115593
373,3,Florescent,ridge,full_1fcs,1.0,1.02,0.26174099158829084,0.28685414386115593
373,3,Florescent,ridge,full_mfcs,1.0,1.02,0.26174099158829084,0.28685414386115593
373,4,Florescent,ridge,full_ex,1.0,0.92,0.2742967120298879,0.28008664403712474
373,4,Florescent,ridge,full_1fcs,1.0,0.98,0.2742967120298879,0.28008664403712474
373,4,Florescent,ridge,full_mfcs,1.0,0.98,0.2742967120298879,0.28008664403712474
373,5,Florescent,ridge,full_ex,1.0,0.9400000000000001,0.2762266016820537,0.174149736735856
373,5,Florescent,ridge,full_1fcs,1.0,0.98,0.2762266016820537,0.174149736735856
373,5,Florescent,ridge,full_mfcs,1.0,0.98,0.2762266016820537,0.174149736735856
374,1,Florescent,ridge,full_ex,1.0,0.44,0.12747423561094756,0.0766818865864598
374,1,Florescent,ridge,full_1fcs,1.0,0.86,0.12747423561094756,0.0766818865864598
374,1,Florescent,ridge,full_mfcs,1.0,0.86,0.12747423561094756,0.0766818865864598
374,2,Florescent,ridge,full_ex,1.0,0.26,-0.06300920114893639,0.12286769804356905
374,2,Florescent,ridge,full_1fcs,1.0,0.28,-0.06300920114893639,0.12286769804356905
374,2,Florescent,ridge,full_mfcs,1.0,0.28,-0.06300920114893639,0.12286769804356905
374,3,Florescent,ridge,full_ex,1.0,0.46,0.12282007928683818,0.12310590247526136
374,3,Florescent,ridge,full_1fcs,1.0,0.48,0.12282007928683818,0.12310590247526136
374,3,Florescent,ridge,full_mfcs,1.0,0.48,0.12282007928683818,0.12310590247526136
374,4,Florescent,ridge,full_ex,1.0,0.46,0.12296297257270825,0.12261655615310696
374,4,Florescent,ridge,full_1fcs,1.0,0.46,0.12296297257270825,0.12261655615310696
374,4,Florescent,ridge,full_mfcs,1.0,0.46,0.12296297257270825,0.12261655615310696
374,5,Florescent,ridge,full_ex,1.0,0.46,0.12284751029498352,0.12252725805658646
374,5,Florescent,ridge,full_1fcs,1.0,0.46,0.12284751029498352,0.12252725805658646
374,5,Florescent,ridge,full_mfcs,1.0,0.46,0.12284751029498352,0.12252725805658646
375,1,Florescent,ridge,full_ex,1.0,0.34,-0.03702091952008707,0.14979735137418515
375,1,Florescent,ridge,full_1fcs,1.0,0.38,-0.03702091952008707,0.14979735137418515
375,1,Florescent,ridge,full_mfcs,1.0,0.38,-0.03702091952008707,0.14979735137418515
375,2,Florescent,ridge,full_ex,1.0,0.46,0.13285558123924257,0.19772948268144544
375,2,Florescent,ridge,full_1fcs,1.0,0.46,0.13285558123924257,0.19772948268144544
375,2,Florescent,ridge,full_mfcs,1.0,0.46,0.13285558123924257,0.19772948268144544
375,3,Florescent,ridge,full_ex,1.0,0.46,0.1977086335117551,0.1977856944332085
375,3,Florescent,ridge,full_1fcs,1.0,0.46,0.1977086335117551,0.1977856944332085
375,3,Florescent,ridge,full_mfcs,1.0,0.46,0.1977086335117551,0.1977856944332085
375,4,Florescent,ridge,full_ex,1.0,0.46,0.1977471577804739,0.1984331664931358
375,4,Florescent,ridge,full_1fcs,1.0,0.46,0.1977471577804739,0.1984331664931358
375,4,Florescent,ridge,full_mfcs,1.0,0.48,0.1977471577804739,0.1984331664931358
375,5,Florescent,ridge,full_ex,1.0,0.48,0.19797580284875554,0.19788024196607776
375,5,Florescent,ridge,full_1fcs,1.0,0.48,0.19797580284875554,0.19788024196607776
375,5,Florescent,ridge,full_mfcs,1.0,0.52,0.19797580284875554,0.19788024196607776
376,1,Florescent,ridge,full_ex,1.0,0.64,0.00047505436623572136,0.014256197493705595
376,1,Florescent,ridge,full_1fcs,1.0,0.64,0.00047505436623572136,0.014256197493705595
376,1,Florescent,ridge,full_mfcs,1.0,0.64,0.00047505436623572136,0.014256197493705595
376,2,Florescent,ridge,full_ex,1.0,0.64,0.04981098249184725,0.08354820798750377
376,2,Florescent,ridge,full_1fcs,1.0,0.74,0.04981098249184725,0.08354820798750377
376,2,Florescent,ridge,full_mfcs,1.0,1.22,0.04981098249184725,0.08354820798750377
376,3,Florescent,ridge,full_ex,1.0,0.68,0.08354223016915191,0.07481279870164448
376,3,Florescent,ridge,full_1fcs,1.0,0.68,0.08354223016915191,0.07481279870164448
376,3,Florescent,ridge,full_mfcs,1.0,1.18,0.08354223016915191,0.07481279870164448
376,4,Florescent,ridge,full_ex,1.0,0.68,0.0791779011556712,0.08711509193590547
376,4,Florescent,ridge,full_1fcs,1.0,0.76,0.0791779011556712,0.08711509193590547
376,4,Florescent,ridge,full_mfcs,1.0,1.06,0.0791779011556712,0.08711509193590547
376,5,Florescent,ridge,full_ex,1.0,0.7000000000000001,0.08182347513442942,0.07858439099683028
376,5,Florescent,ridge,full_1fcs,1.0,0.92,0.08182347513442942,0.07858439099683028
376,5,Florescent,ridge,full_mfcs,1.0,1.3,0.08182347513442942,0.07858439099683028
377,1,Florescent,ridge,full_ex,1.0,0.62,-0.03500915453216976,0.2685619865317199
377,1,Florescent,ridge,full_1fcs,1.0,0.62,-0.03500915453216976,0.2685619865317199
377,1,Florescent,ridge,full_mfcs,1.0,0.62,-0.03500915453216976,0.2685619865317199
377,2,Florescent,ridge,full_ex,1.0,0.72,0.10868549784399692,0.07386258849106278
377,2,Florescent,ridge,full_1fcs,1.0,0.88,0.10868549784399692,0.07386258849106278
377,2,Florescent,ridge,full_mfcs,1.0,1.26,0.10868549784399692,0.07386258849106278
377,3,Florescent,ridge,full_ex,1.0,0.62,0.07386719240730155,0.13772934754444002
377,3,Florescent,ridge,full_1fcs,1.0,0.62,0.07386719240730155,0.13772934754444002
377,3,Florescent,ridge,full_mfcs,1.0,0.62,0.07386719240730155,0.13772934754444002
377,4,Florescent,ridge,full_ex,1.0,0.64,0.10579615904190148,0.04967664428341445
377,4,Florescent,ridge,full_1fcs,1.0,0.64,0.10579615904190148,0.04967664428341445
377,4,Florescent,ridge,full_mfcs,1.0,0.64,0.10579615904190148,0.04967664428341445
377,5,Florescent,ridge,full_ex,1.0,0.62,0.08709047858755459,0.13516801238800508
377,5,Florescent,ridge,full_1fcs,1.0,0.62,0.08709047858755459,0.13516801238800508
377,5,Florescent,ridge,full_mfcs,1.0,0.62,0.08709047858755459,0.13516801238800508
378,1,Florescent,ridge,full_ex,1.0,1.12,0.14468518580981282,0.1482592454671562
378,1,Florescent,ridge,full_1fcs,1.0,1.12,0.14468518580981282,0.1482592454671562
378,1,Florescent,ridge,full_mfcs,1.0,1.12,0.14468518580981282,0.1482592454671562
378,2,Florescent,ridge,full_ex,1.0,0.88,-0.02936447041239507,0.06314499972883539
378,2,Florescent,ridge,full_1fcs,1.0,0.88,-0.02936447041239507,0.06314499972883539
378,2,Florescent,ridge,full_mfcs,1.0,0.88,-0.02936447041239507,0.06314499972883539
378,3,Florescent,ridge,full_ex,1.0,0.96,0.06313445563454961,0.04167871616492001
378,3,Florescent,ridge,full_1fcs,1.0,0.96,0.06313445563454961,0.04167871616492001
378,3,Florescent,ridge,full_mfcs,1.0,0.96,0.06313445563454961,0.04167871616492001
378,4,Florescent,ridge,full_ex,1.0,0.92,0.05240719730912661,0.0820481207720084
378,4,Florescent,ridge,full_1fcs,1.0,0.92,0.05240719730912661,0.0820481207720084
378,4,Florescent,ridge,full_mfcs,1.0,0.92,0.05240719730912661,0.0820481207720084
378,5,Florescent,ridge,full_ex,1.0,0.9400000000000001,0.06228712972024104,0.04664827325758951
378,5,Florescent,ridge,full_1fcs,1.0,0.9400000000000001,0.06228712972024104,0.04664827325758951
378,5,Florescent,ridge,full_mfcs,1.0,0.9400000000000001,0.06228712972024104,0.04664827325758951
379,1,Florescent,ridge,full_ex,1.0,0.58,0.11609760076138581,0.10226751641990481
379,1,Florescent,ridge,full_1fcs,1.0,1.0,0.11609760076138581,0.10226751641990481
379,1,Florescent,ridge,full_mfcs,1.0,1.0,0.11609760076138581,0.10226751641990481
379,2,Florescent,ridge,full_ex,1.0,0.54,0.15163366890581875,0.08425072416454023
379,2,Florescent,ridge,full_1fcs,1.0,0.44,0.15163366890581875,0.08425072416454023
379,2,Florescent,ridge,full_mfcs,1.0,0.6,0.15163366890581875,0.08425072416454023
379,3,Florescent,ridge,full_ex,1.0,0.52,0.0842685420201302,0.05716057894324224
379,3,Florescent,ridge,full_1fcs,1.0,0.38,0.0842685420201302,0.05716057894324224
379,3,Florescent,ridge,full_mfcs,1.0,0.38,0.0842685420201302,0.05716057894324224
379,4,Florescent,ridge,full_ex,1.0,0.52,0.07071635273578529,0.06099383923294228
379,4,Florescent,ridge,full_1fcs,1.0,0.38,0.07071635273578529,0.06099383923294228
379,4,Florescent,ridge,full_mfcs,1.0,0.38,0.07071635273578529,0.06099383923294228
379,5,Florescent,ridge,full_ex,1.0,0.54,0.06747580060742739,0.06814652828125328
379,5,Florescent,ridge,full_1fcs,1.0,0.38,0.06747580060742739,0.06814652828125328
379,5,Florescent,ridge,full_mfcs,1.0,0.38,0.06747580060742739,0.06814652828125328
380,1,Florescent,ridge,full_ex,1.0,0.56,0.009995069099291126,0.08532704156453198
380,1,Florescent,ridge,full_1fcs,1.0,0.56,0.009995069099291126,0.08532704156453198
380,1,Florescent,ridge,full_mfcs,1.0,0.56,0.009995069099291126,0.08532704156453198
380,2,Florescent,ridge,full_ex,1.0,0.64,-0.029269418980009353,0.16062168876360564
380,2,Florescent,ridge,full_1fcs,1.0,0.64,-0.029269418980009353,0.16062168876360564
380,2,Florescent,ridge,full_mfcs,1.0,0.64,-0.029269418980009353,0.16062168876360564
380,3,Florescent,ridge,full_ex,1.0,0.78,0.1605705131516243,0.1194825334435026
380,3,Florescent,ridge,full_1fcs,1.0,0.78,0.1605705131516243,0.1194825334435026
380,3,Florescent,ridge,full_mfcs,1.0,0.78,0.1605705131516243,0.1194825334435026
380,4,Florescent,ridge,full_ex,1.0,0.72,0.14002929197156516,0.11459309295832057
380,4,Florescent,ridge,full_1fcs,1.0,0.72,0.14002929197156516,0.11459309295832057
380,4,Florescent,ridge,full_mfcs,1.0,0.72,0.14002929197156516,0.11459309295832057
380,5,Florescent,ridge,full_ex,1.0,0.7000000000000001,0.1315513207757195,0.15828505802676232
380,5,Florescent,ridge,full_1fcs,1.0,0.7000000000000001,0.1315513207757195,0.15828505802676232
380,5,Florescent,ridge,full_mfcs,1.0,0.7000000000000001,0.1315513207757195,0.15828505802676232
381,1,Florescent,ridge,full_ex,1.0,0.9,0.3097654324925341,0.11734233462684243
381,1,Florescent,ridge,full_1fcs,1.0,1.24,0.3097654324925341,0.11734233462684243
381,1,Florescent,ridge,full_mfcs,1.0,1.24,0.3097654324925341,0.11734233462684243
381,2,Florescent,ridge,full_ex,1.0,0.9400000000000001,0.388784399212101,0.13057765651634376
381,2,Florescent,ridge,full_1fcs,1.0,1.06,0.388784399212101,0.13057765651634376
381,2,Florescent,ridge,full_mfcs,1.0,1.06,0.388784399212101,0.13057765651634376
381,3,Florescent,ridge,full_ex,1.0,0.76,0.13068098680437998,0.12817328733810895
381,3,Florescent,ridge,full_1fcs,1.0,0.76,0.13068098680437998,0.12817328733810895
381,3,Florescent,ridge,full_mfcs,1.0,0.76,0.13068098680437998,0.12817328733810895
381,4,Florescent,ridge,full_ex,1.0,0.78,0.12942738800674602,0.12755064175438466
381,4,Florescent,ridge,full_1fcs,1.0,0.78,0.12942738800674602,0.12755064175438466
381,4,Florescent,ridge,full_mfcs,1.0,0.78,0.12942738800674602,0.12755064175438466
381,5,Florescent,ridge,full_ex,1.0,0.78,0.12880188939431705,0.128998552615184
381,5,Florescent,ridge,full_1fcs,1.0,0.78,0.12880188939431705,0.128998552615184
381,5,Florescent,ridge,full_mfcs,1.0,0.78,0.12880188939431705,0.128998552615184
382,1,Florescent,ridge,full_ex,1.0,1.16,0.2885137840883772,0.09114717884085186
382,1,Florescent,ridge,full_1fcs,1.0,1.12,0.2885137840883772,0.09114717884085186
382,1,Florescent,ridge,full_mfcs,1.0,1.12,0.2885137840883772,0.09114717884085186
382,2,Florescent,ridge,full_ex,1.0,1.1400000000000001,0.4793815637305708,0.10686833701755499
382,2,Florescent,ridge,full_1fcs,1.0,1.1400000000000001,0.4793815637305708,0.10686833701755499
382,2,Florescent,ridge,full_mfcs,1.0,1.2,0.4793815637305708,0.10686833701755499
382,3,Florescent,ridge,full_ex,1.0,0.96,0.1070210871644582,0.14407683983967207
382,3,Florescent,ridge,full_1fcs,1.0,0.86,0.1070210871644582,0.14407683983967207
382,3,Florescent,ridge,full_mfcs,1.0,0.86,0.1070210871644582,0.14407683983967207
382,4,Florescent,ridge,full_ex,1.0,1.04,0.1255451640181447,0.13047497846368503
382,4,Florescent,ridge,full_1fcs,1.0,0.72,0.1255451640181447,0.13047497846368503
382,4,Florescent,ridge,full_mfcs,1.0,0.72,0.1255451640181447,0.13047497846368503
382,5,Florescent,ridge,full_ex,1.0,1.08,0.12718821082906975,0.1690813975193729
382,5,Florescent,ridge,full_1fcs,1.0,0.7000000000000001,0.12718821082906975,0.1690813975193729
382,5,Florescent,ridge,full_mfcs,1.0,0.7000000000000001,0.12718821082906975,0.1690813975193729
383,1,Florescent,ridge,full_ex,1.0,0.88,0.1894778910173094,0.09390780743249416
383,1,Florescent,ridge,full_1fcs,1.0,1.12,0.1894778910173094,0.09390780743249416
383,1,Florescent,ridge,full_mfcs,1.0,1.12,0.1894778910173094,0.09390780743249416
383,2,Florescent,ridge,full_ex,1.0,0.8,0.09547972633368512,0.06116331129775516
383,2,Florescent,ridge,full_1fcs,1.0,0.8,0.09547972633368512,0.06116331129775516
383,2,Florescent,ridge,full_mfcs,1.0,0.8,0.09547972633368512,0.06116331129775516
383,3,Florescent,ridge,full_ex,1.0,0.76,0.06117065571976598,0.06348922127946799
383,3,Florescent,ridge,full_1fcs,1.0,0.76,0.06117065571976598,0.06348922127946799
383,3,Florescent,ridge,full_mfcs,1.0,0.76,0.06117065571976598,0.06348922127946799
383,4,Florescent,ridge,full_ex,1.0,0.76,0.062329814430274764,0.08501131864039803
383,4,Florescent,ridge,full_1fcs,1.0,0.76,0.062329814430274764,0.08501131864039803
383,4,Florescent,ridge,full_mfcs,1.0,0.76,0.062329814430274764,0.08501131864039803
383,5,Florescent,ridge,full_ex,1.0,0.76,0.06988977638975885,0.07005512943411034
383,5,Florescent,ridge,full_1fcs,1.0,0.76,0.06988977638975885,0.07005512943411034
383,5,Florescent,ridge,full_mfcs,1.0,0.78,0.06988977638975885,0.07005512943411034
384,1,Florescent,ridge,full_ex,0.0,0.68,0.18452790523491852,0.9356847182973267
384,1,Florescent,ridge,full_1fcs,0.0,1.12,0.18452790523491852,0.9356847182973267
384,1,Florescent,ridge,full_mfcs,0.0,1.12,0.18452790523491852,0.9356847182973267
384,2,Florescent,ridge,full_ex,1.0,1.1,0.6371474206586597,0.9280013990662412
384,2,Florescent,ridge,full_1fcs,1.0,1.18,0.6371474206586597,0.9280013990662412
384,2,Florescent,ridge,full_mfcs,1.0,1.76,0.6371474206586597,0.9280013990662412
384,3,Florescent,ridge,full_ex,1.0,1.08,0.9279065880981864,0.6647704161596927
384,3,Florescent,ridge,full_1fcs,1.0,1.34,0.9279065880981864,0.6647704161596927
384,3,Florescent,ridge,full_mfcs,1.0,1.3,0.9279065880981864,0.6647704161596927
384,4,Florescent,ridge,full_ex,1.0,1.04,0.7963599495414306,1.0389839808362915
384,4,Florescent,ridge,full_1fcs,1.0,1.32,0.7963599495414306,1.0389839808362915
384,4,Florescent,ridge,full_mfcs,1.0,1.2,0.7963599495414306,1.0389839808362915
384,5,Florescent,ridge,full_ex,1.0,1.04,0.8772258370373353,0.8990223851285025
384,5,Florescent,ridge,full_1fcs,1.0,1.4000000000000001,0.8772258370373353,0.8990223851285025
384,5,Florescent,ridge,full_mfcs,1.0,1.32,0.8772258370373353,0.8990223851285025
385,1,Florescent,ridge,full_ex,1.0,0.26,0.1941413534032762,0.1283581878896826
385,1,Florescent,ridge,full_1fcs,1.0,0.58,0.1941413534032762,0.1283581878896826
385,1,Florescent,ridge,full_mfcs,1.0,0.58,0.1941413534032762,0.1283581878896826
385,2,Florescent,ridge,full_ex,1.0,0.28,0.15556429611924863,0.0744392854876531
385,2,Florescent,ridge,full_1fcs,1.0,1.36,0.15556429611924863,0.0744392854876531
385,2,Florescent,ridge,full_mfcs,1.0,1.6600000000000001,0.15556429611924863,0.0744392854876531
385,3,Florescent,ridge,full_ex,1.0,0.24,0.07446172175008355,0.10918691966529863
385,3,Florescent,ridge,full_1fcs,1.0,0.24,0.07446172175008355,0.10918691966529863
385,3,Florescent,ridge,full_mfcs,1.0,0.24,0.07446172175008355,0.10918691966529863
385,4,Florescent,ridge,full_ex,1.0,0.24,0.09182191944043079,0.10006956751464428
385,4,Florescent,ridge,full_1fcs,1.0,0.26,0.09182191944043079,0.10006956751464428
385,4,Florescent,ridge,full_mfcs,1.0,0.24,0.09182191944043079,0.10006956751464428
385,5,Florescent,ridge,full_ex,1.0,0.24,0.09457088197383517,0.09042257580453737
385,5,Florescent,ridge,full_1fcs,1.0,0.24,0.09457088197383517,0.09042257580453737
385,5,Florescent,ridge,full_mfcs,1.0,0.24,0.09457088197383517,0.09042257580453737
386,1,Florescent,ridge,full_ex,1.0,0.7000000000000001,0.162851481520845,0.18955072822044072
386,1,Florescent,ridge,full_1fcs,1.0,1.06,0.162851481520845,0.18955072822044072
386,1,Florescent,ridge,full_mfcs,1.0,1.06,0.162851481520845,0.18955072822044072
386,2,Florescent,ridge,full_ex,1.0,0.5,-0.04641754401661089,0.18252402860015807
386,2,Florescent,ridge,full_1fcs,1.0,0.5,-0.04641754401661089,0.18252402860015807
386,2,Florescent,ridge,full_mfcs,1.0,0.78,-0.04641754401661089,0.18252402860015807
386,3,Florescent,ridge,full_ex,1.0,0.72,0.1824830424693356,0.17155107768387848
386,3,Florescent,ridge,full_1fcs,1.0,0.72,0.1824830424693356,0.17155107768387848
386,3,Florescent,ridge,full_mfcs,1.0,0.72,0.1824830424693356,0.17155107768387848
386,4,Florescent,ridge,full_ex,1.0,0.72,0.17701754939271966,0.18020283830936215
386,4,Florescent,ridge,full_1fcs,1.0,0.72,0.17701754939271966,0.18020283830936215
386,4,Florescent,ridge,full_mfcs,1.0,0.72,0.17701754939271966,0.18020283830936215
386,5,Florescent,ridge,full_ex,1.0,0.72,0.1780792489961926,0.169276016833328
386,5,Florescent,ridge,full_1fcs,1.0,0.72,0.1780792489961926,0.169276016833328
386,5,Florescent,ridge,full_mfcs,1.0,0.72,0.1780792489961926,0.169276016833328
387,1,Florescent,ridge,full_ex,1.0,0.6,0.26673365696037965,0.21267226748046422
387,1,Florescent,ridge,full_1fcs,1.0,1.44,0.26673365696037965,0.21267226748046422
387,1,Florescent,ridge,full_mfcs,1.0,1.44,0.26673365696037965,0.21267226748046422
387,2,Florescent,ridge,full_ex,1.0,0.58,0.2120138034195274,0.4712251724935794
387,2,Florescent,ridge,full_1fcs,1.0,0.58,0.2120138034195274,0.4712251724935794
387,2,Florescent,ridge,full_mfcs,1.0,0.76,0.2120138034195274,0.4712251724935794
387,3,Florescent,ridge,full_ex,1.0,0.84,0.4711602271314848,0.1331407300477061
387,3,Florescent,ridge,full_1fcs,1.0,0.84,0.4711602271314848,0.1331407300477061
387,3,Florescent,ridge,full_mfcs,1.0,0.84,0.4711602271314848,0.1331407300477061
387,4,Florescent,ridge,full_ex,1.0,0.8200000000000001,0.302171653922963,0.366320012538056
387,4,Florescent,ridge,full_1fcs,1.0,0.8200000000000001,0.302171653922963,0.366320012538056
387,4,Florescent,ridge,full_mfcs,1.0,0.8200000000000001,0.302171653922963,0.366320012538056
387,5,Florescent,ridge,full_ex,1.0,0.72,0.32355265401239863,0.03846925976418522
387,5,Florescent,ridge,full_1fcs,1.0,0.72,0.32355265401239863,0.03846925976418522
387,5,Florescent,ridge,full_mfcs,1.0,0.72,0.32355265401239863,0.03846925976418522
388,1,Florescent,ridge,full_ex,0.0,1.6600000000000001,0.9015753717323379,0.0686513695635825
388,1,Florescent,ridge,full_1fcs,1.0,1.56,0.9015753717323379,0.0686513695635825
388,1,Florescent,ridge,full_mfcs,1.0,1.56,0.9015753717323379,0.0686513695635825
388,2,Florescent,ridge,full_ex,1.0,0.7000000000000001,-0.21164007776674923,0.24160875084250638
388,2,Florescent,ridge,full_1fcs,1.0,0.92,-0.21164007776674923,0.24160875084250638
388,2,Florescent,ridge,full_mfcs,1.0,0.92,-0.21164007776674923,0.24160875084250638
388,3,Florescent,ridge,full_ex,1.0,1.16,0.24151681927835297,0.2602886116895953
388,3,Florescent,ridge,full_1fcs,1.0,1.32,0.24151681927835297,0.2602886116895953
388,3,Florescent,ridge,full_mfcs,1.0,1.32,0.24151681927835297,0.2602886116895953
388,4,Florescent,ridge,full_ex,1.0,1.1400000000000001,0.2509017635254987,0.2943290789576419
388,4,Florescent,ridge,full_1fcs,1.0,1.26,0.2509017635254987,0.2943290789576419
388,4,Florescent,ridge,full_mfcs,1.0,1.26,0.2509017635254987,0.2943290789576419
388,5,Florescent,ridge,full_ex,1.0,1.1400000000000001,0.2653765565070946,0.1499316801422239
388,5,Florescent,ridge,full_1fcs,1.0,1.24,0.2653765565070946,0.1499316801422239
388,5,Florescent,ridge,full_mfcs,1.0,1.24,0.2653765565070946,0.1499316801422239
389,1,Florescent,ridge,full_ex,1.0,0.32,0.13043748000757077,0.09669826058956182
389,1,Florescent,ridge,full_1fcs,1.0,0.9400000000000001,0.13043748000757077,0.09669826058956182
389,1,Florescent,ridge,full_mfcs,1.0,0.9400000000000001,0.13043748000757077,0.09669826058956182
389,2,Florescent,ridge,full_ex,1.0,0.34,0.13416223811634634,0.12230851234809477
389,2,Florescent,ridge,full_1fcs,1.0,0.86,0.13416223811634634,0.12230851234809477
389,2,Florescent,ridge,full_mfcs,1.0,1.24,0.13416223811634634,0.12230851234809477
389,3,Florescent,ridge,full_ex,1.0,0.28,0.1223109502794048,0.1436178818354496
389,3,Florescent,ridge,full_1fcs,1.0,0.38,0.1223109502794048,0.1436178818354496
389,3,Florescent,ridge,full_mfcs,1.0,0.38,0.1223109502794048,0.1436178818354496
389,4,Florescent,ridge,full_ex,1.0,0.3,0.13296332040716338,0.1587807179999387
389,4,Florescent,ridge,full_1fcs,1.0,0.38,0.13296332040716338,0.1587807179999387
389,4,Florescent,ridge,full_mfcs,1.0,0.38,0.13296332040716338,0.1587807179999387
389,5,Florescent,ridge,full_ex,1.0,0.3,0.14156852954405608,0.11323173937765986
389,5,Florescent,ridge,full_1fcs,1.0,0.4,0.14156852954405608,0.11323173937765986
389,5,Florescent,ridge,full_mfcs,1.0,0.4,0.14156852954405608,0.11323173937765986
390,1,Florescent,ridge,full_ex,1.0,1.0,0.49758910419638314,0.14818464819613364
390,1,Florescent,ridge,full_1fcs,1.0,1.36,0.49758910419638314,0.14818464819613364
390,1,Florescent,ridge,full_mfcs,1.0,1.36,0.49758910419638314,0.14818464819613364
390,2,Florescent,ridge,full_ex,1.0,0.8,0.2778810549646799,0.08598664652812008
390,2,Florescent,ridge,full_1fcs,1.0,0.76,0.2778810549646799,0.08598664652812008
390,2,Florescent,ridge,full_mfcs,1.0,1.22,0.2778810549646799,0.08598664652812008
390,3,Florescent,ridge,full_ex,1.0,0.64,0.08602000627504376,0.04329985911581811
390,3,Florescent,ridge,full_1fcs,1.0,0.44,0.08602000627504376,0.04329985911581811
390,3,Florescent,ridge,full_mfcs,1.0,0.5,0.08602000627504376,0.04329985911581811
390,4,Florescent,ridge,full_ex,1.0,0.64,0.06466178952243617,0.06940290348905613
390,4,Florescent,ridge,full_1fcs,1.0,0.44,0.06466178952243617,0.06940290348905613
390,4,Florescent,ridge,full_mfcs,1.0,0.6,0.06466178952243617,0.06940290348905613
390,5,Florescent,ridge,full_ex,1.0,0.64,0.06624206925320697,0.05380403462911412
390,5,Florescent,ridge,full_1fcs,1.0,0.44,0.06624206925320697,0.05380403462911412
390,5,Florescent,ridge,full_mfcs,1.0,0.62,0.06624206925320697,0.05380403462911412
391,1,Florescent,ridge,full_ex,1.0,0.72,0.11935360613991557,0.0032761973882314208
391,1,Florescent,ridge,full_1fcs,1.0,0.86,0.11935360613991557,0.0032761973882314208
391,1,Florescent,ridge,full_mfcs,1.0,0.86,0.11935360613991557,0.0032761973882314208
391,2,Florescent,ridge,full_ex,1.0,0.7000000000000001,0.10823268788081607,0.12415231723669572
391,2,Florescent,ridge,full_1fcs,1.0,0.7000000000000001,0.10823268788081607,0.12415231723669572
391,2,Florescent,ridge,full_mfcs,1.0,0.7000000000000001,0.10823268788081607,0.12415231723669572
391,3,Florescent,ridge,full_ex,1.0,0.68,0.12414639595442506,0.1646906227514919
391,3,Florescent,ridge,full_1fcs,1.0,0.68,0.12414639595442506,0.1646906227514919
391,3,Florescent,ridge,full_mfcs,1.0,0.68,0.12414639595442506,0.1646906227514919
391,4,Florescent,ridge,full_ex,1.0,0.7000000000000001,0.1444147385610019,0.15208329037855728
391,4,Florescent,ridge,full_1fcs,1.0,0.7000000000000001,0.1444147385610019,0.15208329037855728
391,4,Florescent,ridge,full_mfcs,1.0,0.7000000000000001,0.1444147385610019,0.15208329037855728
391,5,Florescent,ridge,full_ex,1.0,0.72,0.14697060549753105,0.2662677506828876
391,5,Florescent,ridge,full_1fcs,1.0,0.72,0.14697060549753105,0.2662677506828876
391,5,Florescent,ridge,full_mfcs,1.0,0.72,0.14697060549753105,0.2662677506828876
392,1,Florescent,ridge,full_ex,1.0,1.2,0.4301800589792245,0.08569271733462355
392,1,Florescent,ridge,full_1fcs,1.0,1.44,0.4301800589792245,0.08569271733462355
392,1,Florescent,ridge,full_mfcs,1.0,1.44,0.4301800589792245,0.08569271733462355
392,2,Florescent,ridge,full_ex,1.0,0.8200000000000001,0.06713895593449992,0.09276549836129863
392,2,Florescent,ridge,full_1fcs,1.0,0.56,0.06713895593449992,0.09276549836129863
392,2,Florescent,ridge,full_mfcs,1.0,0.8200000000000001,0.06713895593449992,0.09276549836129863
392,3,Florescent,ridge,full_ex,1.0,0.88,0.09276084060541226,0.09433015025990936
392,3,Florescent,ridge,full_1fcs,1.0,0.54,0.09276084060541226,0.09433015025990936
392,3,Florescent,ridge,full_mfcs,1.0,0.88,0.09276084060541226,0.09433015025990936
392,4,Florescent,ridge,full_ex,1.0,0.9,0.09354542411810927,0.09356059804022544
392,4,Florescent,ridge,full_1fcs,1.0,0.7000000000000001,0.09354542411810927,0.09356059804022544
392,4,Florescent,ridge,full_mfcs,1.0,0.9,0.09354542411810927,0.09356059804022544
392,5,Florescent,ridge,full_ex,1.0,0.92,0.09355048178511469,0.08592704108415421
392,5,Florescent,ridge,full_1fcs,1.0,0.9,0.09355048178511469,0.08592704108415421
392,5,Florescent,ridge,full_mfcs,1.0,0.98,0.09355048178511469,0.08592704108415421
393,1,Florescent,ridge,full_ex,1.0,0.64,0.1898752223663713,0.10302330136866458
393,1,Florescent,ridge,full_1fcs,1.0,0.74,0.1898752223663713,0.10302330136866458
393,1,Florescent,ridge,full_mfcs,1.0,0.74,0.1898752223663713,0.10302330136866458
393,2,Florescent,ridge,full_ex,1.0,0.56,0.08313815534990573,0.08350630199892574
393,2,Florescent,ridge,full_1fcs,1.0,0.56,0.08313815534990573,0.08350630199892574
393,2,Florescent,ridge,full_mfcs,1.0,0.56,0.08313815534990573,0.08350630199892574
393,3,Florescent,ridge,full_ex,1.0,0.5,0.08350617766758954,0.08951652653605649
393,3,Florescent,ridge,full_1fcs,1.0,0.5,0.08350617766758954,0.08951652653605649
393,3,Florescent,ridge,full_mfcs,1.0,0.5,0.08350617766758954,0.08951652653605649
393,4,Florescent,ridge,full_ex,1.0,0.52,0.08651084455860644,0.07238208036410543
393,4,Florescent,ridge,full_1fcs,1.0,0.52,0.08651084455860644,0.07238208036410543
393,4,Florescent,ridge,full_mfcs,1.0,0.58,0.08651084455860644,0.07238208036410543
393,5,Florescent,ridge,full_ex,1.0,0.52,0.08180178679012758,0.0850670574659286
393,5,Florescent,ridge,full_1fcs,1.0,0.52,0.08180178679012758,0.0850670574659286
393,5,Florescent,ridge,full_mfcs,1.0,0.7000000000000001,0.08180178679012758,0.0850670574659286
394,1,Florescent,ridge,full_ex,1.0,1.1,0.24099124336796957,0.1635754261573445
394,1,Florescent,ridge,full_1fcs,1.0,0.8,0.24099124336796957,0.1635754261573445
394,1,Florescent,ridge,full_mfcs,1.0,0.8,0.24099124336796957,0.1635754261573445
394,2,Florescent,ridge,full_ex,1.0,0.8,-0.031348413208807116,0.18692075785452633
394,2,Florescent,ridge,full_1fcs,1.0,0.78,-0.031348413208807116,0.18692075785452633
394,2,Florescent,ridge,full_mfcs,1.0,0.78,-0.031348413208807116,0.18692075785452633
394,3,Florescent,ridge,full_ex,1.0,1.04,0.18688353818759007,0.18821413478844776
394,3,Florescent,ridge,full_1fcs,1.0,0.9400000000000001,0.18688353818759007,0.18821413478844776
394,3,Florescent,ridge,full_mfcs,1.0,0.9400000000000001,0.18688353818759007,0.18821413478844776
394,4,Florescent,ridge,full_ex,1.0,1.04,0.18754877975986367,0.254430658211559
394,4,Florescent,ridge,full_1fcs,1.0,0.9,0.18754877975986367,0.254430658211559
394,4,Florescent,ridge,full_mfcs,1.0,0.9,0.18754877975986367,0.254430658211559
394,5,Florescent,ridge,full_ex,1.0,1.06,0.20984147189899507,0.23337692189574305
394,5,Florescent,ridge,full_1fcs,1.0,0.9,0.20984147189899507,0.23337692189574305
394,5,Florescent,ridge,full_mfcs,1.0,0.9,0.20984147189899507,0.23337692189574305
395,1,Florescent,ridge,full_ex,1.0,1.08,0.5339584878014081,0.12883581863510993
395,1,Florescent,ridge,full_1fcs,1.0,1.82,0.5339584878014081,0.12883581863510993
395,1,Florescent,ridge,full_mfcs,1.0,1.82,0.5339584878014081,0.12883581863510993
395,2,Florescent,ridge,full_ex,1.0,1.02,0.3429535759546029,0.11408203589774975
395,2,Florescent,ridge,full_1fcs,1.0,1.0,0.3429535759546029,0.11408203589774975
395,2,Florescent,ridge,full_mfcs,1.0,1.0,0.3429535759546029,0.11408203589774975
395,3,Florescent,ridge,full_ex,1.0,0.66,0.11413269437237017,0.1131251287732153
395,3,Florescent,ridge,full_1fcs,1.0,0.74,0.11413269437237017,0.1131251287732153
395,3,Florescent,ridge,full_mfcs,1.0,0.74,0.11413269437237017,0.1131251287732153
395,4,Florescent,ridge,full_ex,1.0,0.66,0.11362896733304242,0.11194465823098285
395,4,Florescent,ridge,full_1fcs,1.0,0.74,0.11362896733304242,0.11194465823098285
395,4,Florescent,ridge,full_mfcs,1.0,0.74,0.11362896733304242,0.11194465823098285
395,5,Florescent,ridge,full_ex,1.0,0.66,0.11306757239497414,0.11359902599560517
395,5,Florescent,ridge,full_1fcs,1.0,0.74,0.11306757239497414,0.11359902599560517
395,5,Florescent,ridge,full_mfcs,1.0,0.74,0.11306757239497414,0.11359902599560517
396,1,Florescent,ridge,full_ex,1.0,1.06,0.8931372218409841,1.2283325904611404
396,1,Florescent,ridge,full_1fcs,1.0,2.22,0.8931372218409841,1.2283325904611404
396,1,Florescent,ridge,full_mfcs,1.0,2.22,0.8931372218409841,1.2283325904611404
396,2,Florescent,ridge,full_ex,1.0,0.88,0.8802959562798129,1.1612179756670686
396,2,Florescent,ridge,full_1fcs,0.0,1.1,0.8802959562798129,1.1612179756670686
396,2,Florescent,ridge,full_mfcs,1.0,2.08,0.8802959562798129,1.1612179756670686
396,3,Florescent,ridge,full_ex,1.0,1.06,1.161143113669672,0.991158038202037
396,3,Florescent,ridge,full_1fcs,1.0,1.46,1.161143113669672,0.991158038202037
396,3,Florescent,ridge,full_mfcs,1.0,1.34,1.161143113669672,0.991158038202037
396,4,Florescent,ridge,full_ex,1.0,0.86,1.0761619021383542,0.9596052804029314
396,4,Florescent,ridge,full_1fcs,1.0,1.3800000000000001,1.0761619021383542,0.9596052804029314
396,4,Florescent,ridge,full_mfcs,1.0,1.34,1.0761619021383542,0.9596052804029314
396,5,Florescent,ridge,full_ex,1.0,0.84,1.0373131467052727,0.9107100693572474
396,5,Florescent,ridge,full_1fcs,1.0,1.32,1.0373131467052727,0.9107100693572474
396,5,Florescent,ridge,full_mfcs,1.0,1.24,1.0373131467052727,0.9107100693572474
397,1,Florescent,ridge,full_ex,1.0,1.06,0.2751424045852684,0.2635692343882109
397,1,Florescent,ridge,full_1fcs,1.0,1.06,0.2751424045852684,0.2635692343882109
397,1,Florescent,ridge,full_mfcs,1.0,1.06,0.2751424045852684,0.2635692343882109
397,2,Florescent,ridge,full_ex,1.0,0.8,0.09590986274470276,0.10617142332323398
397,2,Florescent,ridge,full_1fcs,1.0,1.0,0.09590986274470276,0.10617142332323398
397,2,Florescent,ridge,full_mfcs,1.0,1.0,0.09590986274470276,0.10617142332323398
397,3,Florescent,ridge,full_ex,1.0,0.78,0.10616969379105302,0.1187203230165399
397,3,Florescent,ridge,full_1fcs,1.0,1.02,0.10616969379105302,0.1187203230165399
397,3,Florescent,ridge,full_mfcs,1.0,1.02,0.10616969379105302,0.1187203230165399
397,4,Florescent,ridge,full_ex,1.0,0.8,0.11244447952393212,0.07884954483139323
397,4,Florescent,ridge,full_1fcs,1.0,1.04,0.11244447952393212,0.07884954483139323
397,4,Florescent,ridge,full_mfcs,1.0,1.04,0.11244447952393212,0.07884954483139323
397,5,Florescent,ridge,full_ex,1.0,0.78,0.10124679716999092,0.07368857031359653
397,5,Florescent,ridge,full_1fcs,1.0,1.02,0.10124679716999092,0.07368857031359653
397,5,Florescent,ridge,full_mfcs,1.0,1.02,0.10124679716999092,0.07368857031359653
398,1,Florescent,ridge,full_ex,0.0,0.84,0.3906496357563512,1.027110531265782
398,1,Florescent,ridge,full_1fcs,0.0,1.06,0.3906496357563512,1.027110531265782
398,1,Florescent,ridge,full_mfcs,0.0,1.06,0.3906496357563512,1.027110531265782
398,2,Florescent,ridge,full_ex,0.0,1.04,0.601381087383743,1.3061085954681515
398,2,Florescent,ridge,full_1fcs,1.0,2.22,0.601381087383743,1.3061085954681515
398,2,Florescent,ridge,full_mfcs,1.0,2.22,0.601381087383743,1.3061085954681515
398,3,Florescent,ridge,full_ex,1.0,0.96,1.3059375117082717,1.293034263140963
398,3,Florescent,ridge,full_1fcs,1.0,2.22,1.3059375117082717,1.293034263140963
398,3,Florescent,ridge,full_mfcs,1.0,2.22,1.3059375117082717,1.293034263140963
398,4,Florescent,ridge,full_ex,1.0,0.9,1.2994866706372492,1.22409016051728
398,4,Florescent,ridge,full_1fcs,1.0,2.22,1.2994866706372492,1.22409016051728
398,4,Florescent,ridge,full_mfcs,1.0,1.7,1.2994866706372492,1.22409016051728
398,5,Florescent,ridge,full_ex,1.0,0.9,1.2743565346716057,1.3246689905470954
398,5,Florescent,ridge,full_1fcs,1.0,2.2,1.2743565346716057,1.3246689905470954
398,5,Florescent,ridge,full_mfcs,1.0,1.68,1.2743565346716057,1.3246689905470954
399,1,Florescent,ridge,full_ex,1.0,0.68,0.29762625132406817,0.14479073646706267
399,1,Florescent,ridge,full_1fcs,1.0,1.28,0.29762625132406817,0.14479073646706267
399,1,Florescent,ridge,full_mfcs,1.0,1.28,0.29762625132406817,0.14479073646706267
399,2,Florescent,ridge,full_ex,1.0,0.42,0.06479192117703443,0.00010134031037845048
399,2,Florescent,ridge,full_1fcs,1.0,0.54,0.06479192117703443,0.00010134031037845048
399,2,Florescent,ridge,full_mfcs,1.0,0.86,0.06479192117703443,0.00010134031037845048
399,3,Florescent,ridge,full_ex,1.0,0.36,0.00011539980756506991,0.1286797941987693
399,3,Florescent,ridge,full_1fcs,1.0,0.48,0.00011539980756506991,0.1286797941987693
399,3,Florescent,ridge,full_mfcs,1.0,0.62,0.00011539980756506991,0.1286797941987693
399,4,Florescent,ridge,full_ex,1.0,0.44,0.06439061087275778,0.013044709378350179
399,4,Florescent,ridge,full_1fcs,1.0,0.54,0.06439061087275778,0.013044709378350179
399,4,Florescent,ridge,full_mfcs,1.0,0.7000000000000001,0.06439061087275778,0.013044709378350179
399,5,Florescent,ridge,full_ex,1.0,0.42,0.04727655046951747,0.0
399,5,Florescent,ridge,full_1fcs,1.0,0.52,0.04727655046951747,0.0
399,5,Florescent,ridge,full_mfcs,1.0,0.68,0.04727655046951747,0.0
400,1,Florescent,ridge,full_ex,1.0,0.52,0.1683827833131981,0.07705823562289432
400,1,Florescent,ridge,full_1fcs,1.0,1.1,0.1683827833131981,0.07705823562289432
400,1,Florescent,ridge,full_mfcs,1.0,1.1,0.1683827833131981,0.07705823562289432
400,2,Florescent,ridge,full_ex,1.0,0.5,0.00487812442317973,0.09829734209620483
400,2,Florescent,ridge,full_1fcs,1.0,0.5,0.00487812442317973,0.09829734209620483
400,2,Florescent,ridge,full_mfcs,1.0,0.5,0.00487812442317973,0.09829734209620483
400,3,Florescent,ridge,full_ex,1.0,0.52,0.09826963019983298,0.10104031233767836
400,3,Florescent,ridge,full_1fcs,1.0,0.52,0.09826963019983298,0.10104031233767836
400,3,Florescent,ridge,full_mfcs,1.0,0.52,0.09826963019983298,0.10104031233767836
400,4,Florescent,ridge,full_ex,1.0,0.48,0.09965476576433288,0.09810240950075057
400,4,Florescent,ridge,full_1fcs,1.0,0.48,0.09965476576433288,0.09810240950075057
400,4,Florescent,ridge,full_mfcs,1.0,0.48,0.09965476576433288,0.09810240950075057
400,5,Florescent,ridge,full_ex,1.0,0.48,0.0991373648525484,0.08251123844539221
400,5,Florescent,ridge,full_1fcs,1.0,0.48,0.0991373648525484,0.08251123844539221
400,5,Florescent,ridge,full_mfcs,1.0,0.48,0.0991373648525484,0.08251123844539221
401,1,Florescent,ridge,full_ex,1.0,0.44,0.1406107013611935,0.10465837272819492
401,1,Florescent,ridge,full_1fcs,1.0,1.08,0.1406107013611935,0.10465837272819492
401,1,Florescent,ridge,full_mfcs,1.0,1.08,0.1406107013611935,0.10465837272819492
401,2,Florescent,ridge,full_ex,1.0,0.34,0.07922621088573195,0.08855082009350451
401,2,Florescent,ridge,full_1fcs,1.0,0.34,0.07922621088573195,0.08855082009350451
401,2,Florescent,ridge,full_mfcs,1.0,0.66,0.07922621088573195,0.08855082009350451
401,3,Florescent,ridge,full_ex,1.0,0.36,0.0885475701743209,0.08763588332777222
401,3,Florescent,ridge,full_1fcs,1.0,0.36,0.0885475701743209,0.08763588332777222
401,3,Florescent,ridge,full_mfcs,1.0,0.36,0.0885475701743209,0.08763588332777222
401,4,Florescent,ridge,full_ex,1.0,0.36,0.08809180620282392,0.03432343098132053
401,4,Florescent,ridge,full_1fcs,1.0,0.36,0.08809180620282392,0.03432343098132053
401,4,Florescent,ridge,full_mfcs,1.0,0.36,0.08809180620282392,0.03432343098132053
401,5,Florescent,ridge,full_ex,1.0,0.34,0.07017109716511497,0.1122870317858887
401,5,Florescent,ridge,full_1fcs,1.0,0.34,0.07017109716511497,0.1122870317858887
401,5,Florescent,ridge,full_mfcs,1.0,0.34,0.07017109716511497,0.1122870317858887
402,1,Florescent,ridge,full_ex,1.0,1.04,0.4072608471419159,0.17290160196176846
402,1,Florescent,ridge,full_1fcs,1.0,1.5,0.4072608471419159,0.17290160196176846
402,1,Florescent,ridge,full_mfcs,1.0,1.5,0.4072608471419159,0.17290160196176846
402,2,Florescent,ridge,full_ex,1.0,0.96,0.276982768652183,0.18610183230665722
402,2,Florescent,ridge,full_1fcs,1.0,0.9400000000000001,0.276982768652183,0.18610183230665722
402,2,Florescent,ridge,full_mfcs,1.0,0.9400000000000001,0.276982768652183,0.18610183230665722
402,3,Florescent,ridge,full_ex,1.0,0.86,0.18612598690199736,0.16995368317473986
402,3,Florescent,ridge,full_1fcs,1.0,0.88,0.18612598690199736,0.16995368317473986
402,3,Florescent,ridge,full_mfcs,1.0,0.92,0.18612598690199736,0.16995368317473986
402,4,Florescent,ridge,full_ex,1.0,0.84,0.1780409097602405,0.1868021858069951
402,4,Florescent,ridge,full_1fcs,1.0,0.9400000000000001,0.1780409097602405,0.1868021858069951
402,4,Florescent,ridge,full_mfcs,1.0,0.9400000000000001,0.1780409097602405,0.1868021858069951
402,5,Florescent,ridge,full_ex,1.0,0.84,0.18096107633142938,0.18861708704015762
402,5,Florescent,ridge,full_1fcs,1.0,0.9400000000000001,0.18096107633142938,0.18861708704015762
402,5,Florescent,ridge,full_mfcs,1.0,0.9400000000000001,0.18096107633142938,0.18861708704015762
403,1,Florescent,ridge,full_ex,1.0,0.72,0.13187873417456986,0.1115793070167903
403,1,Florescent,ridge,full_1fcs,1.0,0.8,0.13187873417456986,0.1115793070167903
403,1,Florescent,ridge,full_mfcs,1.0,0.8,0.13187873417456986,0.1115793070167903
403,2,Florescent,ridge,full_ex,1.0,0.76,0.1713321971458046,0.19496254809723954
403,2,Florescent,ridge,full_1fcs,1.0,0.76,0.1713321971458046,0.19496254809723954
403,2,Florescent,ridge,full_mfcs,1.0,1.04,0.1713321971458046,0.19496254809723954
403,3,Florescent,ridge,full_ex,1.0,0.74,0.1949560950678804,0.16563414347329042
403,3,Florescent,ridge,full_1fcs,1.0,0.74,0.1949560950678804,0.16563414347329042
403,3,Florescent,ridge,full_mfcs,1.0,1.1,0.1949560950678804,0.16563414347329042
403,4,Florescent,ridge,full_ex,1.0,0.76,0.1802971213704006,0.10181298870637777
403,4,Florescent,ridge,full_1fcs,1.0,0.9,0.1802971213704006,0.10181298870637777
403,4,Florescent,ridge,full_mfcs,1.0,1.08,0.1802971213704006,0.10181298870637777
403,5,Florescent,ridge,full_ex,1.0,0.74,0.15413812565171886,0.17001819571271581
403,5,Florescent,ridge,full_1fcs,1.0,1.06,0.15413812565171886,0.17001819571271581
403,5,Florescent,ridge,full_mfcs,1.0,1.06,0.15413812565171886,0.17001819571271581
404,1,Florescent,ridge,full_ex,1.0,0.3,-0.15589646123847306,0.16586630022914658
404,1,Florescent,ridge,full_1fcs,1.0,0.3,-0.15589646123847306,0.16586630022914658
404,1,Florescent,ridge,full_mfcs,1.0,0.3,-0.15589646123847306,0.16586630022914658
404,2,Florescent,ridge,full_ex,1.0,0.78,0.15414216433715944,0.08376042002396458
404,2,Florescent,ridge,full_1fcs,1.0,0.78,0.15414216433715944,0.08376042002396458
404,2,Florescent,ridge,full_mfcs,1.0,0.86,0.15414216433715944,0.08376042002396458
404,3,Florescent,ridge,full_ex,1.0,0.54,0.08378964052690499,0.15079067116685355
404,3,Florescent,ridge,full_1fcs,1.0,0.54,0.08378964052690499,0.15079067116685355
404,3,Florescent,ridge,full_mfcs,1.0,0.72,0.08378964052690499,0.15079067116685355
404,4,Florescent,ridge,full_ex,1.0,0.56,0.1172832001708399,0.10470067866089289
404,4,Florescent,ridge,full_1fcs,1.0,0.56,0.1172832001708399,0.10470067866089289
404,4,Florescent,ridge,full_mfcs,1.0,0.92,0.1172832001708399,0.10470067866089289
404,5,Florescent,ridge,full_ex,1.0,0.56,0.11308960692908863,0.09461456246469077
404,5,Florescent,ridge,full_1fcs,1.0,0.54,0.11308960692908863,0.09461456246469077
404,5,Florescent,ridge,full_mfcs,1.0,1.28,0.11308960692908863,0.09461456246469077
405,1,Florescent,ridge,full_ex,1.0,1.18,0.7337689313871376,0.14084247593981494
405,1,Florescent,ridge,full_1fcs,1.0,2.22,0.7337689313871376,0.14084247593981494
405,1,Florescent,ridge,full_mfcs,1.0,2.22,0.7337689313871376,0.14084247593981494
405,2,Florescent,ridge,full_ex,1.0,0.72,-0.03197850864299887,0.20509595523529375
405,2,Florescent,ridge,full_1fcs,1.0,0.72,-0.03197850864299887,0.20509595523529375
405,2,Florescent,ridge,full_mfcs,1.0,0.86,-0.03197850864299887,0.20509595523529375
405,3,Florescent,ridge,full_ex,1.0,0.9400000000000001,0.2050662235293792,0.2393324259109082
405,3,Florescent,ridge,full_1fcs,1.0,0.9400000000000001,0.2050662235293792,0.2393324259109082
405,3,Florescent,ridge,full_mfcs,1.0,0.9400000000000001,0.2050662235293792,0.2393324259109082
405,4,Florescent,ridge,full_ex,1.0,0.9400000000000001,0.22219825031445,0.20919272086752602
405,4,Florescent,ridge,full_1fcs,1.0,0.9400000000000001,0.22219825031445,0.20919272086752602
405,4,Florescent,ridge,full_mfcs,1.0,0.9400000000000001,0.22219825031445,0.20919272086752602
405,5,Florescent,ridge,full_ex,1.0,0.92,0.21786325507239923,0.17009274016112996
405,5,Florescent,ridge,full_1fcs,1.0,0.92,0.21786325507239923,0.17009274016112996
405,5,Florescent,ridge,full_mfcs,1.0,0.92,0.21786325507239923,0.17009274016112996
406,1,Florescent,ridge,full_ex,0.0,1.04,0.5526721942504366,1.3900812044640396
406,1,Florescent,ridge,full_1fcs,1.0,2.22,0.5526721942504366,1.3900812044640396
406,1,Florescent,ridge,full_mfcs,1.0,2.22,0.5526721942504366,1.3900812044640396
406,2,Florescent,ridge,full_ex,1.0,1.22,1.3403713557825894,0.9107067017713236
406,2,Florescent,ridge,full_1fcs,1.0,2.22,1.3403713557825894,0.9107067017713236
406,2,Florescent,ridge,full_mfcs,1.0,2.22,1.3403713557825894,0.9107067017713236
406,3,Florescent,ridge,full_ex,1.0,1.44,0.9108577307404565,0.9099205631822889
406,3,Florescent,ridge,full_1fcs,1.0,1.78,0.9108577307404565,0.9099205631822889
406,3,Florescent,ridge,full_mfcs,1.0,1.78,0.9108577307404565,0.9099205631822889
406,4,Florescent,ridge,full_ex,1.0,1.34,0.9103892293287036,0.910114986120145
406,4,Florescent,ridge,full_1fcs,1.0,1.4000000000000001,0.9103892293287036,0.910114986120145
406,4,Florescent,ridge,full_mfcs,1.0,1.26,0.9103892293287036,0.910114986120145
406,5,Florescent,ridge,full_ex,1.0,1.3800000000000001,0.9102978256394695,0.907231498171921
406,5,Florescent,ridge,full_1fcs,1.0,1.48,0.9102978256394695,0.907231498171921
406,5,Florescent,ridge,full_mfcs,1.0,1.4000000000000001,0.9102978256394695,0.907231498171921
407,1,Florescent,ridge,full_ex,1.0,1.0,0.519020146038372,0.09724906347657158
407,1,Florescent,ridge,full_1fcs,0.0,0.98,0.519020146038372,0.09724906347657158
407,1,Florescent,ridge,full_mfcs,0.0,0.98,0.519020146038372,0.09724906347657158
407,2,Florescent,ridge,full_ex,1.0,0.9400000000000001,0.37119691312127867,0.058467636473935894
407,2,Florescent,ridge,full_1fcs,1.0,1.12,0.37119691312127867,0.058467636473935894
407,2,Florescent,ridge,full_mfcs,1.0,1.24,0.37119691312127867,0.058467636473935894
407,3,Florescent,ridge,full_ex,1.0,0.7000000000000001,0.05857177903468544,0.031081122023696933
407,3,Florescent,ridge,full_1fcs,1.0,0.44,0.05857177903468544,0.031081122023696933
407,3,Florescent,ridge,full_mfcs,1.0,0.54,0.05857177903468544,0.031081122023696933
407,4,Florescent,ridge,full_ex,1.0,0.52,0.0448287395885504,0.051006044874314135
407,4,Florescent,ridge,full_1fcs,1.0,0.42,0.0448287395885504,0.051006044874314135
407,4,Florescent,ridge,full_mfcs,1.0,0.52,0.0448287395885504,0.051006044874314135
407,5,Florescent,ridge,full_ex,1.0,0.54,0.04688761272997344,0.024216367139313463
407,5,Florescent,ridge,full_1fcs,1.0,0.42,0.04688761272997344,0.024216367139313463
407,5,Florescent,ridge,full_mfcs,1.0,0.52,0.04688761272997344,0.024216367139313463
408,1,Florescent,ridge,full_ex,1.0,0.84,0.12325540119241252,0.12625152262008368
408,1,Florescent,ridge,full_1fcs,1.0,0.68,0.12325540119241252,0.12625152262008368
408,1,Florescent,ridge,full_mfcs,1.0,0.68,0.12325540119241252,0.12625152262008368
408,2,Florescent,ridge,full_ex,1.0,0.9,0.2228607000681188,0.30035943305676455
408,2,Florescent,ridge,full_1fcs,1.0,0.78,0.2228607000681188,0.30035943305676455
408,2,Florescent,ridge,full_mfcs,1.0,0.9,0.2228607000681188,0.30035943305676455
408,3,Florescent,ridge,full_ex,1.0,0.98,0.3003299334848979,0.18911425661685696
408,3,Florescent,ridge,full_1fcs,1.0,0.86,0.3003299334848979,0.18911425661685696
408,3,Florescent,ridge,full_mfcs,1.0,0.86,0.3003299334848979,0.18911425661685696
408,4,Florescent,ridge,full_ex,1.0,0.9,0.24473268051312808,0.11897595324804118
408,4,Florescent,ridge,full_1fcs,1.0,0.8200000000000001,0.24473268051312808,0.11897595324804118
408,4,Florescent,ridge,full_mfcs,1.0,0.8200000000000001,0.24473268051312808,0.11897595324804118
408,5,Florescent,ridge,full_ex,1.0,0.86,0.2028190915272605,0.06922732935922538
408,5,Florescent,ridge,full_1fcs,1.0,0.78,0.2028190915272605,0.06922732935922538
408,5,Florescent,ridge,full_mfcs,1.0,0.78,0.2028190915272605,0.06922732935922538
409,1,Florescent,ridge,full_ex,1.0,0.76,0.19083696469224262,0.1067795190062839
409,1,Florescent,ridge,full_1fcs,1.0,0.62,0.19083696469224262,0.1067795190062839
409,1,Florescent,ridge,full_mfcs,1.0,0.62,0.19083696469224262,0.1067795190062839
409,2,Florescent,ridge,full_ex,0.0,0.46,-0.002635902176777099,0.688325820639124
409,2,Florescent,ridge,full_1fcs,0.0,0.46,-0.002635902176777099,0.688325820639124
409,2,Florescent,ridge,full_mfcs,0.0,0.46,-0.002635902176777099,0.688325820639124
409,3,Florescent,ridge,full_ex,1.0,1.44,0.68812219422962,0.8141878287998779
409,3,Florescent,ridge,full_1fcs,1.0,1.28,0.68812219422962,0.8141878287998779
409,3,Florescent,ridge,full_mfcs,1.0,1.44,0.68812219422962,0.8141878287998779
409,4,Florescent,ridge,full_ex,1.0,1.1400000000000001,0.7511457222598457,0.7106182723597497
409,4,Florescent,ridge,full_1fcs,1.0,1.44,0.7511457222598457,0.7106182723597497
409,4,Florescent,ridge,full_mfcs,1.0,1.3800000000000001,0.7511457222598457,0.7106182723597497
409,5,Florescent,ridge,full_ex,1.0,1.08,0.7376378996041163,0.7909797702894671
409,5,Florescent,ridge,full_1fcs,1.0,1.3800000000000001,0.7376378996041163,0.7909797702894671
409,5,Florescent,ridge,full_mfcs,1.0,1.3800000000000001,0.7376378996041163,0.7909797702894671
410,1,Florescent,ridge,full_ex,0.0,0.54,0.22886212745414566,1.2850983556399154
410,1,Florescent,ridge,full_1fcs,0.0,1.26,0.22886212745414566,1.2850983556399154
410,1,Florescent,ridge,full_mfcs,0.0,1.26,0.22886212745414566,1.2850983556399154
410,2,Florescent,ridge,full_ex,1.0,1.46,1.1104261738157228,1.1982761499944357
410,2,Florescent,ridge,full_1fcs,1.0,2.22,1.1104261738157228,1.1982761499944357
410,2,Florescent,ridge,full_mfcs,1.0,2.22,1.1104261738157228,1.1982761499944357
410,3,Florescent,ridge,full_ex,1.0,1.26,1.198251120013616,1.1983027024049893
410,3,Florescent,ridge,full_1fcs,1.0,1.62,1.198251120013616,1.1983027024049893
410,3,Florescent,ridge,full_mfcs,1.0,1.6600000000000001,1.198251120013616,1.1983027024049893
410,4,Florescent,ridge,full_ex,1.0,1.16,1.1982769075327664,1.1866510762669444
410,4,Florescent,ridge,full_1fcs,1.0,1.7,1.1982769075327664,1.1866510762669444
410,4,Florescent,ridge,full_mfcs,1.0,1.46,1.1982769075327664,1.1866510762669444
410,5,Florescent,ridge,full_ex,1.0,1.12,1.1944019985606624,1.1624581449254359
410,5,Florescent,ridge,full_1fcs,1.0,1.72,1.1944019985606624,1.1624581449254359
410,5,Florescent,ridge,full_mfcs,1.0,1.5,1.1944019985606624,1.1624581449254359
411,1,Florescent,ridge,full_ex,1.0,1.06,0.4892198346478216,0.6082922303090212
411,1,Florescent,ridge,full_1fcs,1.0,0.66,0.4892198346478216,0.6082922303090212
411,1,Florescent,ridge,full_mfcs,1.0,0.66,0.4892198346478216,0.6082922303090212
411,2,Florescent,ridge,full_ex,1.0,1.12,0.8517452574805305,1.1496528978223663
411,2,Florescent,ridge,full_1fcs,1.0,0.84,0.8517452574805305,1.1496528978223663
411,2,Florescent,ridge,full_mfcs,1.0,1.2,0.8517452574805305,1.1496528978223663
411,3,Florescent,ridge,full_ex,1.0,1.1400000000000001,1.1496037401595862,1.161817488221099
411,3,Florescent,ridge,full_1fcs,1.0,0.86,1.1496037401595862,1.161817488221099
411,3,Florescent,ridge,full_mfcs,1.0,1.52,1.1496037401595862,1.161817488221099
411,4,Florescent,ridge,full_ex,1.0,1.1,1.1557101103035858,1.1505202468403117
411,4,Florescent,ridge,full_1fcs,1.0,0.84,1.1557101103035858,1.1505202468403117
411,4,Florescent,ridge,full_mfcs,1.0,1.52,1.1557101103035858,1.1505202468403117
411,5,Florescent,ridge,full_ex,1.0,1.08,1.1539802509780928,1.1580631104776418
411,5,Florescent,ridge,full_1fcs,1.0,0.84,1.1539802509780928,1.1580631104776418
411,5,Florescent,ridge,full_mfcs,1.0,1.52,1.1539802509780928,1.1580631104776418
412,1,Florescent,ridge,full_ex,1.0,0.52,0.11086436148499534,0.11597053399063273
412,1,Florescent,ridge,full_1fcs,1.0,0.72,0.11086436148499534,0.11597053399063273
412,1,Florescent,ridge,full_mfcs,1.0,0.72,0.11086436148499534,0.11597053399063273
412,2,Florescent,ridge,full_ex,1.0,0.48,0.07554731989260105,0.08070893727148246
412,2,Florescent,ridge,full_1fcs,1.0,0.48,0.07554731989260105,0.08070893727148246
412,2,Florescent,ridge,full_mfcs,1.0,0.52,0.07554731989260105,0.08070893727148246
412,3,Florescent,ridge,full_ex,1.0,0.46,0.08070633460489297,0.2982452873593918
412,3,Florescent,ridge,full_1fcs,1.0,0.52,0.08070633460489297,0.2982452873593918
412,3,Florescent,ridge,full_mfcs,1.0,0.52,0.08070633460489297,0.2982452873593918
412,4,Florescent,ridge,full_ex,1.0,0.56,0.18944838139334677,0.19998545159585454
412,4,Florescent,ridge,full_1fcs,1.0,0.62,0.18944838139334677,0.19998545159585454
412,4,Florescent,ridge,full_mfcs,1.0,0.62,0.18944838139334677,0.19998545159585454
412,5,Florescent,ridge,full_ex,1.0,0.56,0.19296014757924743,0.07013105117242716
412,5,Florescent,ridge,full_1fcs,1.0,0.64,0.19296014757924743,0.07013105117242716
412,5,Florescent,ridge,full_mfcs,1.0,0.64,0.19296014757924743,0.07013105117242716
413,1,Florescent,ridge,full_ex,1.0,0.52,0.03189871116034364,0.11224658157460593
413,1,Florescent,ridge,full_1fcs,1.0,0.48,0.03189871116034364,0.11224658157460593
413,1,Florescent,ridge,full_mfcs,1.0,0.48,0.03189871116034364,0.11224658157460593
413,2,Florescent,ridge,full_ex,1.0,0.7000000000000001,0.1483397845034145,0.09179983852348736
413,2,Florescent,ridge,full_1fcs,1.0,0.7000000000000001,0.1483397845034145,0.09179983852348736
413,2,Florescent,ridge,full_mfcs,1.0,0.92,0.1483397845034145,0.09179983852348736
413,3,Florescent,ridge,full_ex,1.0,0.54,0.09182271520327466,0.11677456198522106
413,3,Florescent,ridge,full_1fcs,1.0,0.54,0.09182271520327466,0.11677456198522106
413,3,Florescent,ridge,full_mfcs,1.0,1.04,0.09182271520327466,0.11677456198522106
413,4,Florescent,ridge,full_ex,1.0,0.56,0.10429611413644932,0.09903435336698449
413,4,Florescent,ridge,full_1fcs,1.0,0.62,0.10429611413644932,0.09903435336698449
413,4,Florescent,ridge,full_mfcs,1.0,1.12,0.10429611413644932,0.09903435336698449
413,5,Florescent,ridge,full_ex,1.0,0.56,0.10254243049469448,0.0842585143124739
413,5,Florescent,ridge,full_1fcs,1.0,0.74,0.10254243049469448,0.0842585143124739
413,5,Florescent,ridge,full_mfcs,1.0,1.3,0.10254243049469448,0.0842585143124739
414,1,Florescent,ridge,full_ex,0.0,0.28,0.0949782139859061,0.28599996181500004
414,1,Florescent,ridge,full_1fcs,1.0,0.98,0.0949782139859061,0.28599996181500004
414,1,Florescent,ridge,full_mfcs,1.0,0.98,0.0949782139859061,0.28599996181500004
414,2,Florescent,ridge,full_ex,1.0,0.4,0.15947431871848625,0.30216204342127645
414,2,Florescent,ridge,full_1fcs,1.0,0.6,0.15947431871848625,0.30216204342127645
414,2,Florescent,ridge,full_mfcs,1.0,0.76,0.15947431871848625,0.30216204342127645
414,3,Florescent,ridge,full_ex,1.0,0.48,0.3021140886063171,0.3150914200855291
414,3,Florescent,ridge,full_1fcs,1.0,0.68,0.3021140886063171,0.3150914200855291
414,3,Florescent,ridge,full_mfcs,1.0,0.92,0.3021140886063171,0.3150914200855291
414,4,Florescent,ridge,full_ex,1.0,0.4,0.30860166380015436,0.1923100193935543
414,4,Florescent,ridge,full_1fcs,1.0,0.84,0.30860166380015436,0.1923100193935543
414,4,Florescent,ridge,full_mfcs,1.0,0.9400000000000001,0.30860166380015436,0.1923100193935543
414,5,Florescent,ridge,full_ex,1.0,0.38,0.2698421259227323,0.2508069043743486
414,5,Florescent,ridge,full_1fcs,1.0,1.02,0.2698421259227323,0.2508069043743486
414,5,Florescent,ridge,full_mfcs,1.0,1.22,0.2698421259227323,0.2508069043743486
415,1,Florescent,ridge,full_ex,1.0,0.92,0.38885725133444154,0.22657076563021936
415,1,Florescent,ridge,full_1fcs,1.0,1.34,0.38885725133444154,0.22657076563021936
415,1,Florescent,ridge,full_mfcs,1.0,1.34,0.38885725133444154,0.22657076563021936
415,2,Florescent,ridge,full_ex,1.0,0.96,0.38254611287252865,0.08207408350758887
415,2,Florescent,ridge,full_1fcs,1.0,1.56,0.38254611287252865,0.08207408350758887
415,2,Florescent,ridge,full_mfcs,1.0,1.86,0.38254611287252865,0.08207408350758887
415,3,Florescent,ridge,full_ex,1.0,0.74,0.08212722695069115,0.05809304684688202
415,3,Florescent,ridge,full_1fcs,1.0,0.8,0.08212722695069115,0.05809304684688202
415,3,Florescent,ridge,full_mfcs,1.0,0.8,0.08212722695069115,0.05809304684688202
415,4,Florescent,ridge,full_ex,1.0,0.76,0.07011119970397563,0.08772919066691041
415,4,Florescent,ridge,full_1fcs,1.0,0.8,0.07011119970397563,0.08772919066691041
415,4,Florescent,ridge,full_mfcs,1.0,0.8,0.07011119970397563,0.08772919066691041
415,5,Florescent,ridge,full_ex,1.0,0.76,0.07598351709104088,0.03621990969675277
415,5,Florescent,ridge,full_1fcs,1.0,0.8200000000000001,0.07598351709104088,0.03621990969675277
415,5,Florescent,ridge,full_mfcs,1.0,0.8200000000000001,0.07598351709104088,0.03621990969675277
416,1,Florescent,ridge,full_ex,1.0,0.52,-0.02318624693961624,0.04611395751703449
416,1,Florescent,ridge,full_1fcs,1.0,0.52,-0.02318624693961624,0.04611395751703449
416,1,Florescent,ridge,full_mfcs,1.0,0.52,-0.02318624693961624,0.04611395751703449
416,2,Florescent,ridge,full_ex,1.0,0.72,0.26319617241876714,0.15509963291585077
416,2,Florescent,ridge,full_1fcs,1.0,0.72,0.26319617241876714,0.15509963291585077
416,2,Florescent,ridge,full_mfcs,1.0,1.28,0.26319617241876714,0.15509963291585077
416,3,Florescent,ridge,full_ex,1.0,0.64,0.15513131891097295,0.15961476083231116
416,3,Florescent,ridge,full_1fcs,1.0,0.64,0.15513131891097295,0.15961476083231116
416,3,Florescent,ridge,full_mfcs,1.0,0.64,0.15513131891097295,0.15961476083231116
416,4,Florescent,ridge,full_ex,1.0,0.66,0.15737271126981625,0.18459694557687195
416,4,Florescent,ridge,full_1fcs,1.0,0.66,0.15737271126981625,0.18459694557687195
416,4,Florescent,ridge,full_mfcs,1.0,0.66,0.15737271126981625,0.18459694557687195
416,5,Florescent,ridge,full_ex,1.0,0.66,0.166446569180865,0.14600989400816983
416,5,Florescent,ridge,full_1fcs,1.0,0.66,0.166446569180865,0.14600989400816983
416,5,Florescent,ridge,full_mfcs,1.0,0.66,0.166446569180865,0.14600989400816983
417,1,Florescent,ridge,full_ex,1.0,1.12,0.29137046779119546,0.023230760343788376
417,1,Florescent,ridge,full_1fcs,1.0,1.06,0.29137046779119546,0.023230760343788376
417,1,Florescent,ridge,full_mfcs,1.0,1.06,0.29137046779119546,0.023230760343788376
417,2,Florescent,ridge,full_ex,1.0,1.26,0.4266804045991507,0.15828997614920573
417,2,Florescent,ridge,full_1fcs,1.0,1.26,0.4266804045991507,0.15828997614920573
417,2,Florescent,ridge,full_mfcs,1.0,1.52,0.4266804045991507,0.15828997614920573
417,3,Florescent,ridge,full_ex,1.0,0.96,0.15834423645523046,0.10976312813181772
417,3,Florescent,ridge,full_1fcs,1.0,0.92,0.15834423645523046,0.10976312813181772
417,3,Florescent,ridge,full_mfcs,1.0,0.92,0.15834423645523046,0.10976312813181772
417,4,Florescent,ridge,full_ex,1.0,0.98,0.1340561379434054,0.12126384780903687
417,4,Florescent,ridge,full_1fcs,1.0,0.88,0.1340561379434054,0.12126384780903687
417,4,Florescent,ridge,full_mfcs,1.0,0.88,0.1340561379434054,0.12126384780903687
417,5,Florescent,ridge,full_ex,1.0,0.98,0.12979232862816598,0.08839356603634768
417,5,Florescent,ridge,full_1fcs,1.0,0.88,0.12979232862816598,0.08839356603634768
417,5,Florescent,ridge,full_mfcs,1.0,0.88,0.12979232862816598,0.08839356603634768
418,1,Florescent,ridge,full_ex,0.0,0.76,0.3018133230149259,0.8474581590778024
418,1,Florescent,ridge,full_1fcs,0.0,0.8200000000000001,0.3018133230149259,0.8474581590778024
418,1,Florescent,ridge,full_mfcs,0.0,0.8200000000000001,0.3018133230149259,0.8474581590778024
418,2,Florescent,ridge,full_ex,1.0,0.88,0.6487525027632822,0.7580393414727149
418,2,Florescent,ridge,full_1fcs,1.0,0.92,0.6487525027632822,0.7580393414727149
418,2,Florescent,ridge,full_mfcs,1.0,1.42,0.6487525027632822,0.7580393414727149
418,3,Florescent,ridge,full_ex,1.0,0.86,0.7580081143234738,0.743503452985221
418,3,Florescent,ridge,full_1fcs,1.0,0.9,0.7580081143234738,0.743503452985221
418,3,Florescent,ridge,full_mfcs,1.0,0.9,0.7580081143234738,0.743503452985221
418,4,Florescent,ridge,full_ex,1.0,0.86,0.7507568199260047,0.7425179496651273
418,4,Florescent,ridge,full_1fcs,1.0,0.9,0.7507568199260047,0.7425179496651273
418,4,Florescent,ridge,full_mfcs,1.0,0.9,0.7507568199260047,0.7425179496651273
418,5,Florescent,ridge,full_ex,1.0,0.86,0.7480107914599545,0.7584570338925112
418,5,Florescent,ridge,full_1fcs,1.0,0.9,0.7480107914599545,0.7584570338925112
418,5,Florescent,ridge,full_mfcs,1.0,0.9,0.7480107914599545,0.7584570338925112
419,1,Florescent,ridge,full_ex,0.0,1.06,0.8553946422003147,1.463735108795296
419,1,Florescent,ridge,full_1fcs,1.0,2.22,0.8553946422003147,1.463735108795296
419,1,Florescent,ridge,full_mfcs,1.0,2.22,0.8553946422003147,1.463735108795296
419,2,Florescent,ridge,full_ex,1.0,1.06,0.734469439075217,0.17276248975978153
419,2,Florescent,ridge,full_1fcs,1.0,1.26,0.734469439075217,0.17276248975978153
419,2,Florescent,ridge,full_mfcs,1.0,1.48,0.734469439075217,0.17276248975978153
419,3,Florescent,ridge,full_ex,1.0,0.8200000000000001,0.1728829006665076,0.35467716282188055
419,3,Florescent,ridge,full_1fcs,1.0,1.3,0.1728829006665076,0.35467716282188055
419,3,Florescent,ridge,full_mfcs,1.0,1.3,0.1728829006665076,0.35467716282188055
419,4,Florescent,ridge,full_ex,1.0,0.8,0.2637702880715697,0.3798848085064384
419,4,Florescent,ridge,full_1fcs,1.0,0.92,0.2637702880715697,0.3798848085064384
419,4,Florescent,ridge,full_mfcs,1.0,0.92,0.2637702880715697,0.3798848085064384
419,5,Florescent,ridge,full_ex,1.0,0.84,0.302472362153696,0.5691902168811466
419,5,Florescent,ridge,full_1fcs,1.0,0.96,0.302472362153696,0.5691902168811466
419,5,Florescent,ridge,full_mfcs,1.0,0.96,0.302472362153696,0.5691902168811466
420,1,Florescent,ridge,full_ex,1.0,0.46,0.23064716436539293,0.13782338820174334
420,1,Florescent,ridge,full_1fcs,1.0,1.42,0.23064716436539293,0.13782338820174334
420,1,Florescent,ridge,full_mfcs,1.0,1.42,0.23064716436539293,0.13782338820174334
420,2,Florescent,ridge,full_ex,1.0,0.52,0.25581437544124275,0.32895953366347896
420,2,Florescent,ridge,full_1fcs,1.0,0.64,0.25581437544124275,0.32895953366347896
420,2,Florescent,ridge,full_mfcs,1.0,0.92,0.25581437544124275,0.32895953366347896
420,3,Florescent,ridge,full_ex,1.0,0.48,0.32894247041870567,0.1288224134431135
420,3,Florescent,ridge,full_1fcs,1.0,0.74,0.32894247041870567,0.1288224134431135
420,3,Florescent,ridge,full_mfcs,1.0,0.74,0.32894247041870567,0.1288224134431135
420,4,Florescent,ridge,full_ex,1.0,0.54,0.22889411425473158,0.25033419227277554
420,4,Florescent,ridge,full_1fcs,1.0,0.68,0.22889411425473158,0.25033419227277554
420,4,Florescent,ridge,full_mfcs,1.0,0.68,0.22889411425473158,0.25033419227277554
420,5,Florescent,ridge,full_ex,1.0,0.46,0.23604025111610843,0.19739182065278177
420,5,Florescent,ridge,full_1fcs,1.0,0.7000000000000001,0.23604025111610843,0.19739182065278177
420,5,Florescent,ridge,full_mfcs,1.0,0.7000000000000001,0.23604025111610843,0.19739182065278177
421,1,Florescent,ridge,full_ex,0.0,1.12,0.4730580758377296,1.1171341446748608
421,1,Florescent,ridge,full_1fcs,1.0,2.22,0.4730580758377296,1.1171341446748608
421,1,Florescent,ridge,full_mfcs,1.0,2.22,0.4730580758377296,1.1171341446748608
421,2,Florescent,ridge,full_ex,1.0,1.54,0.7664710741735117,0.9094043120553692
421,2,Florescent,ridge,full_1fcs,1.0,1.26,0.7664710741735117,0.9094043120553692
421,2,Florescent,ridge,full_mfcs,1.0,1.54,0.7664710741735117,0.9094043120553692
421,3,Florescent,ridge,full_ex,1.0,1.28,0.9093607066078204,0.9696846351061392
421,3,Florescent,ridge,full_1fcs,1.0,1.2,0.9093607066078204,0.9696846351061392
421,3,Florescent,ridge,full_mfcs,1.0,1.18,0.9093607066078204,0.9696846351061392
421,4,Florescent,ridge,full_ex,1.0,1.3,0.9395180693153444,0.9878634564640172
421,4,Florescent,ridge,full_1fcs,1.0,1.34,0.9395180693153444,0.9878634564640172
421,4,Florescent,ridge,full_mfcs,1.0,1.18,0.9395180693153444,0.9878634564640172
421,5,Florescent,ridge,full_ex,1.0,1.3,0.9556315592553568,0.9769508609277071
421,5,Florescent,ridge,full_1fcs,1.0,1.4000000000000001,0.9556315592553568,0.9769508609277071
421,5,Florescent,ridge,full_mfcs,1.0,1.22,0.9556315592553568,0.9769508609277071
422,1,Florescent,ridge,full_ex,1.0,0.7000000000000001,-0.08349154722422256,0.16697028084361504
422,1,Florescent,ridge,full_1fcs,1.0,0.44,-0.08349154722422256,0.16697028084361504
422,1,Florescent,ridge,full_mfcs,1.0,0.44,-0.08349154722422256,0.16697028084361504
422,2,Florescent,ridge,full_ex,1.0,0.92,0.16468902927253026,0.22581822903061205
422,2,Florescent,ridge,full_1fcs,1.0,0.96,0.16468902927253026,0.22581822903061205
422,2,Florescent,ridge,full_mfcs,1.0,0.96,0.16468902927253026,0.22581822903061205
422,3,Florescent,ridge,full_ex,1.0,0.9400000000000001,0.22580056658093078,0.20440146522129082
422,3,Florescent,ridge,full_1fcs,1.0,0.9400000000000001,0.22580056658093078,0.20440146522129082
422,3,Florescent,ridge,full_mfcs,1.0,0.9400000000000001,0.22580056658093078,0.20440146522129082
422,4,Florescent,ridge,full_ex,1.0,0.9400000000000001,0.21510256186900553,0.216692606947561
422,4,Florescent,ridge,full_1fcs,1.0,0.88,0.21510256186900553,0.216692606947561
422,4,Florescent,ridge,full_mfcs,1.0,0.9400000000000001,0.21510256186900553,0.216692606947561
422,5,Florescent,ridge,full_ex,1.0,0.96,0.21563252583747008,0.22712545649651236
422,5,Florescent,ridge,full_1fcs,1.0,0.88,0.21563252583747008,0.22712545649651236
422,5,Florescent,ridge,full_mfcs,1.0,0.96,0.21563252583747008,0.22712545649651236
423,1,Florescent,ridge,full_ex,1.0,0.84,0.16144720130476614,0.08616194248555713
423,1,Florescent,ridge,full_1fcs,1.0,0.76,0.16144720130476614,0.08616194248555713
423,1,Florescent,ridge,full_mfcs,1.0,0.76,0.16144720130476614,0.08616194248555713
423,2,Florescent,ridge,full_ex,1.0,0.84,0.046940448345011675,0.19033216791562257
423,2,Florescent,ridge,full_1fcs,1.0,0.84,0.046940448345011675,0.19033216791562257
423,2,Florescent,ridge,full_mfcs,1.0,0.84,0.046940448345011675,0.19033216791562257
423,3,Florescent,ridge,full_ex,1.0,0.92,0.19028398962709608,0.1571840609021954
423,3,Florescent,ridge,full_1fcs,1.0,0.88,0.19028398962709608,0.1571840609021954
423,3,Florescent,ridge,full_mfcs,1.0,0.88,0.19028398962709608,0.1571840609021954
423,4,Florescent,ridge,full_ex,1.0,0.92,0.17373680604890196,0.17964521178664009
423,4,Florescent,ridge,full_1fcs,1.0,0.8200000000000001,0.17373680604890196,0.17964521178664009
423,4,Florescent,ridge,full_mfcs,1.0,0.8200000000000001,0.17373680604890196,0.17964521178664009
423,5,Florescent,ridge,full_ex,1.0,0.92,0.17570605400437933,0.17702922262121537
423,5,Florescent,ridge,full_1fcs,1.0,0.8,0.17570605400437933,0.17702922262121537
423,5,Florescent,ridge,full_mfcs,1.0,0.8,0.17570605400437933,0.17702922262121537
424,1,Florescent,ridge,full_ex,1.0,0.8,0.21636797103269426,0.5951694268210447
424,1,Florescent,ridge,full_1fcs,1.0,1.1400000000000001,0.21636797103269426,0.5951694268210447
424,1,Florescent,ridge,full_mfcs,1.0,1.1400000000000001,0.21636797103269426,0.5951694268210447
424,2,Florescent,ridge,full_ex,1.0,1.1400000000000001,0.5452854725560298,0.08069605129417494
424,2,Florescent,ridge,full_1fcs,1.0,2.04,0.5452854725560298,0.08069605129417494
424,2,Florescent,ridge,full_mfcs,1.0,2.1,0.5452854725560298,0.08069605129417494
424,3,Florescent,ridge,full_ex,1.0,0.7000000000000001,0.08077559532985688,0.07767646350237575
424,3,Florescent,ridge,full_1fcs,1.0,1.02,0.08077559532985688,0.07767646350237575
424,3,Florescent,ridge,full_mfcs,1.0,1.02,0.08077559532985688,0.07767646350237575
424,4,Florescent,ridge,full_ex,1.0,0.54,0.07922616208070506,0.08290225510668363
424,4,Florescent,ridge,full_1fcs,1.0,0.68,0.07922616208070506,0.08290225510668363
424,4,Florescent,ridge,full_mfcs,1.0,0.68,0.07922616208070506,0.08290225510668363
424,5,Florescent,ridge,full_ex,1.0,0.56,0.08045145648163474,0.07847277850203452
424,5,Florescent,ridge,full_1fcs,1.0,0.68,0.08045145648163474,0.07847277850203452
424,5,Florescent,ridge,full_mfcs,1.0,0.68,0.08045145648163474,0.07847277850203452
425,1,Florescent,ridge,full_ex,1.0,1.16,0.4753618516070948,0.16275738278398028
425,1,Florescent,ridge,full_1fcs,1.0,1.16,0.4753618516070948,0.16275738278398028
425,1,Florescent,ridge,full_mfcs,1.0,1.16,0.4753618516070948,0.16275738278398028
425,2,Florescent,ridge,full_ex,1.0,0.88,0.18615588006254116,0.16345404586013193
425,2,Florescent,ridge,full_1fcs,1.0,0.92,0.18615588006254116,0.16345404586013193
425,2,Florescent,ridge,full_mfcs,1.0,0.92,0.18615588006254116,0.16345404586013193
425,3,Florescent,ridge,full_ex,1.0,0.9,0.16346589862341573,0.16414313659411034
425,3,Florescent,ridge,full_1fcs,1.0,0.9,0.16346589862341573,0.16414313659411034
425,3,Florescent,ridge,full_mfcs,1.0,0.9,0.16346589862341573,0.16414313659411034
425,4,Florescent,ridge,full_ex,1.0,0.88,0.16380442918944146,0.1634419417952499
425,4,Florescent,ridge,full_1fcs,1.0,0.9,0.16380442918944146,0.1634419417952499
425,4,Florescent,ridge,full_mfcs,1.0,0.9,0.16380442918944146,0.1634419417952499
425,5,Florescent,ridge,full_ex,1.0,0.86,0.16368362109232332,0.1643472571325924
425,5,Florescent,ridge,full_1fcs,1.0,0.9,0.16368362109232332,0.1643472571325924
425,5,Florescent,ridge,full_mfcs,1.0,0.9,0.16368362109232332,0.1643472571325924
426,1,Florescent,ridge,full_ex,1.0,1.3,0.727081884976881,0.17172028902637576
426,1,Florescent,ridge,full_1fcs,1.0,2.22,0.727081884976881,0.17172028902637576
426,1,Florescent,ridge,full_mfcs,1.0,2.22,0.727081884976881,0.17172028902637576
426,2,Florescent,ridge,full_ex,1.0,0.74,-0.0582158489500897,0.17209770220198076
426,2,Florescent,ridge,full_1fcs,1.0,0.84,-0.0582158489500897,0.17209770220198076
426,2,Florescent,ridge,full_mfcs,1.0,0.84,-0.0582158489500897,0.17209770220198076
426,3,Florescent,ridge,full_ex,1.0,0.96,0.17202295021401762,0.14831213194182144
426,3,Florescent,ridge,full_1fcs,1.0,1.02,0.17202295021401762,0.14831213194182144
426,3,Florescent,ridge,full_mfcs,1.0,1.02,0.17202295021401762,0.14831213194182144
426,4,Florescent,ridge,full_ex,1.0,0.9400000000000001,0.1601694653232788,0.17017197315294483
426,4,Florescent,ridge,full_1fcs,1.0,0.96,0.1601694653232788,0.17017197315294483
426,4,Florescent,ridge,full_mfcs,1.0,0.96,0.1601694653232788,0.17017197315294483
426,5,Florescent,ridge,full_ex,1.0,0.9400000000000001,0.1635032738016608,0.14764964943227857
426,5,Florescent,ridge,full_1fcs,1.0,0.96,0.1635032738016608,0.14764964943227857
426,5,Florescent,ridge,full_mfcs,1.0,0.96,0.1635032738016608,0.14764964943227857
427,1,Florescent,ridge,full_ex,1.0,0.8200000000000001,0.4001252847045732,0.12687721093061755
427,1,Florescent,ridge,full_1fcs,1.0,2.22,0.4001252847045732,0.12687721093061755
427,1,Florescent,ridge,full_mfcs,1.0,2.22,0.4001252847045732,0.12687721093061755
427,2,Florescent,ridge,full_ex,1.0,0.68,0.15890896639315202,0.334433226647839
427,2,Florescent,ridge,full_1fcs,1.0,0.9400000000000001,0.15890896639315202,0.334433226647839
427,2,Florescent,ridge,full_mfcs,1.0,0.9400000000000001,0.15890896639315202,0.334433226647839
427,3,Florescent,ridge,full_ex,1.0,0.8200000000000001,0.334371908978787,0.323739670672397
427,3,Florescent,ridge,full_1fcs,1.0,0.8200000000000001,0.334371908978787,0.323739670672397
427,3,Florescent,ridge,full_mfcs,1.0,0.8200000000000001,0.334371908978787,0.323739670672397
427,4,Florescent,ridge,full_ex,1.0,0.8,0.32905671855419566,0.3367374515012316
427,4,Florescent,ridge,full_1fcs,1.0,0.8,0.32905671855419566,0.3367374515012316
427,4,Florescent,ridge,full_mfcs,1.0,0.8,0.32905671855419566,0.3367374515012316
427,5,Florescent,ridge,full_ex,1.0,0.8,0.3316166646688306,0.3373138350971134
427,5,Florescent,ridge,full_1fcs,1.0,0.8,0.3316166646688306,0.3373138350971134
427,5,Florescent,ridge,full_mfcs,1.0,0.8,0.3316166646688306,0.3373138350971134
428,1,Florescent,ridge,full_ex,1.0,0.4,-0.0647501562329575,0.17937717413022364
428,1,Florescent,ridge,full_1fcs,1.0,0.4,-0.0647501562329575,0.17937717413022364
428,1,Florescent,ridge,full_mfcs,1.0,0.4,-0.0647501562329575,0.17937717413022364
428,2,Florescent,ridge,full_ex,1.0,0.68,0.23556186731428244,0.1814608126715726
428,2,Florescent,ridge,full_1fcs,1.0,1.32,0.23556186731428244,0.1814608126715726
428,2,Florescent,ridge,full_mfcs,1.0,1.6600000000000001,0.23556186731428244,0.1814608126715726
428,3,Florescent,ridge,full_ex,1.0,0.62,0.18146941178853446,0.1310369711334345
428,3,Florescent,ridge,full_1fcs,1.0,0.62,0.18146941178853446,0.1310369711334345
428,3,Florescent,ridge,full_mfcs,1.0,0.66,0.18146941178853446,0.1310369711334345
428,4,Florescent,ridge,full_ex,1.0,0.58,0.15625519562236584,0.2009396671739973
428,4,Florescent,ridge,full_1fcs,1.0,0.64,0.15625519562236584,0.2009396671739973
428,4,Florescent,ridge,full_mfcs,1.0,0.64,0.15625519562236584,0.2009396671739973
428,5,Florescent,ridge,full_ex,1.0,0.6,0.17114923023452366,0.2037237825878421
428,5,Florescent,ridge,full_1fcs,1.0,0.66,0.17114923023452366,0.2037237825878421
428,5,Florescent,ridge,full_mfcs,1.0,0.66,0.17114923023452366,0.2037237825878421
429,1,Florescent,ridge,full_ex,1.0,0.46,0.2764847573033655,0.10104588175679574
429,1,Florescent,ridge,full_1fcs,1.0,2.16,0.2764847573033655,0.10104588175679574
429,1,Florescent,ridge,full_mfcs,1.0,2.16,0.2764847573033655,0.10104588175679574
429,2,Florescent,ridge,full_ex,1.0,0.28,0.010559941530291205,0.08540402774582975
429,2,Florescent,ridge,full_1fcs,1.0,0.34,0.010559941530291205,0.08540402774582975
429,2,Florescent,ridge,full_mfcs,1.0,0.5,0.010559941530291205,0.08540402774582975
429,3,Florescent,ridge,full_ex,1.0,0.34,0.08538199979429545,0.07772078439381111
429,3,Florescent,ridge,full_1fcs,1.0,0.4,0.08538199979429545,0.07772078439381111
429,3,Florescent,ridge,full_mfcs,1.0,0.7000000000000001,0.08538199979429545,0.07772078439381111
429,4,Florescent,ridge,full_ex,1.0,0.34,0.08155195588481874,0.0
429,4,Florescent,ridge,full_1fcs,1.0,0.38,0.08155195588481874,0.0
429,4,Florescent,ridge,full_mfcs,1.0,0.88,0.08155195588481874,0.0
429,5,Florescent,ridge,full_ex,1.0,0.3,0.0543706380238381,0.0852545613990849
429,5,Florescent,ridge,full_1fcs,1.0,0.32,0.0543706380238381,0.0852545613990849
429,5,Florescent,ridge,full_mfcs,1.0,1.18,0.0543706380238381,0.0852545613990849
430,1,Florescent,ridge,full_ex,1.0,0.9,0.3496082259818788,0.11323216803883428
430,1,Florescent,ridge,full_1fcs,1.0,1.2,0.3496082259818788,0.11323216803883428
430,1,Florescent,ridge,full_mfcs,1.0,1.2,0.3496082259818788,0.11323216803883428
430,2,Florescent,ridge,full_ex,1.0,0.88,0.29176338625681003,0.18361979466905978
430,2,Florescent,ridge,full_1fcs,1.0,0.84,0.29176338625681003,0.18361979466905978
430,2,Florescent,ridge,full_mfcs,1.0,0.9400000000000001,0.29176338625681003,0.18361979466905978
430,3,Florescent,ridge,full_ex,1.0,0.78,0.18366419228833372,0.19677507632313923
430,3,Florescent,ridge,full_1fcs,1.0,0.58,0.18366419228833372,0.19677507632313923
430,3,Florescent,ridge,full_mfcs,1.0,0.6,0.18366419228833372,0.19677507632313923
430,4,Florescent,ridge,full_ex,1.0,0.78,0.19021828838311486,0.06101218157399953
430,4,Florescent,ridge,full_1fcs,1.0,0.58,0.19021828838311486,0.06101218157399953
430,4,Florescent,ridge,full_mfcs,1.0,0.6,0.19021828838311486,0.06101218157399953
430,5,Florescent,ridge,full_ex,1.0,0.74,0.14715548158204436,0.13598826861159946
430,5,Florescent,ridge,full_1fcs,1.0,0.54,0.14715548158204436,0.13598826861159946
430,5,Florescent,ridge,full_mfcs,1.0,0.56,0.14715548158204436,0.13598826861159946
431,1,Florescent,ridge,full_ex,1.0,0.68,0.08423723137410925,0.07980512541568975
431,1,Florescent,ridge,full_1fcs,1.0,0.78,0.08423723137410925,0.07980512541568975
431,1,Florescent,ridge,full_mfcs,1.0,0.78,0.08423723137410925,0.07980512541568975
431,2,Florescent,ridge,full_ex,1.0,0.98,0.46576435480975964,0.36347988517806973
431,2,Florescent,ridge,full_1fcs,1.0,1.52,0.46576435480975964,0.36347988517806973
431,2,Florescent,ridge,full_mfcs,1.0,1.56,0.46576435480975964,0.36347988517806973
431,3,Florescent,ridge,full_ex,1.0,0.9400000000000001,0.3635044084985209,0.24911672064004345
431,3,Florescent,ridge,full_1fcs,1.0,0.9400000000000001,0.3635044084985209,0.24911672064004345
431,3,Florescent,ridge,full_mfcs,1.0,1.0,0.3635044084985209,0.24911672064004345
431,4,Florescent,ridge,full_ex,1.0,0.9,0.3063174216762463,0.34917629156763713
431,4,Florescent,ridge,full_1fcs,1.0,1.0,0.3063174216762463,0.34917629156763713
431,4,Florescent,ridge,full_mfcs,1.0,1.0,0.3063174216762463,0.34917629156763713
431,5,Florescent,ridge,full_ex,1.0,0.92,0.32060256971540146,0.3241137692867346
431,5,Florescent,ridge,full_1fcs,1.0,1.02,0.32060256971540146,0.3241137692867346
431,5,Florescent,ridge,full_mfcs,1.0,1.02,0.32060256971540146,0.3241137692867346
432,1,Florescent,ridge,full_ex,1.0,0.98,0.270467546632717,0.24064446472326978
432,1,Florescent,ridge,full_1fcs,1.0,1.02,0.270467546632717,0.24064446472326978
432,1,Florescent,ridge,full_mfcs,1.0,1.02,0.270467546632717,0.24064446472326978
432,2,Florescent,ridge,full_ex,1.0,1.3,0.48047502840773454,0.07693093704969439
432,2,Florescent,ridge,full_1fcs,1.0,1.5,0.48047502840773454,0.07693093704969439
432,2,Florescent,ridge,full_mfcs,1.0,1.9000000000000001,0.48047502840773454,0.07693093704969439
432,3,Florescent,ridge,full_ex,1.0,0.9,0.07700069985405322,0.06994019153247236
432,3,Florescent,ridge,full_1fcs,1.0,0.9,0.07700069985405322,0.06994019153247236
432,3,Florescent,ridge,full_mfcs,1.0,0.9,0.07700069985405322,0.06994019153247236
432,4,Florescent,ridge,full_ex,1.0,0.8,0.07347075086589598,0.04742246102430958
432,4,Florescent,ridge,full_1fcs,1.0,0.8,0.07347075086589598,0.04742246102430958
432,4,Florescent,ridge,full_mfcs,1.0,0.8,0.07347075086589598,0.04742246102430958
432,5,Florescent,ridge,full_ex,1.0,0.8,0.06478848798875847,0.051780050441103155
432,5,Florescent,ridge,full_1fcs,1.0,0.8,0.06478848798875847,0.051780050441103155
432,5,Florescent,ridge,full_mfcs,1.0,0.8,0.06478848798875847,0.051780050441103155
433,1,Florescent,ridge,full_ex,1.0,0.42,-0.02686982693450929,0.09552128954057598
433,1,Florescent,ridge,full_1fcs,1.0,0.7000000000000001,-0.02686982693450929,0.09552128954057598
433,1,Florescent,ridge,full_mfcs,1.0,0.7000000000000001,-0.02686982693450929,0.09552128954057598
433,2,Florescent,ridge,full_ex,1.0,0.66,0.15508704930247014,0.09325872268810476
433,2,Florescent,ridge,full_1fcs,1.0,0.72,0.15508704930247014,0.09325872268810476
433,2,Florescent,ridge,full_mfcs,1.0,0.72,0.15508704930247014,0.09325872268810476
433,3,Florescent,ridge,full_ex,1.0,0.52,0.09328011004023616,0.09287854236216132
433,3,Florescent,ridge,full_1fcs,1.0,0.72,0.09328011004023616,0.09287854236216132
433,3,Florescent,ridge,full_mfcs,1.0,0.72,0.09328011004023616,0.09287854236216132
433,4,Florescent,ridge,full_ex,1.0,0.52,0.09307936093509264,0.09310423761247442
433,4,Florescent,ridge,full_1fcs,1.0,0.74,0.09307936093509264,0.09310423761247442
433,4,Florescent,ridge,full_mfcs,1.0,0.74,0.09307936093509264,0.09310423761247442
433,5,Florescent,ridge,full_ex,1.0,0.5,0.09308765220461442,0.09267612025547392
433,5,Florescent,ridge,full_1fcs,1.0,0.74,0.09308765220461442,0.09267612025547392
433,5,Florescent,ridge,full_mfcs,1.0,0.74,0.09308765220461442,0.09267612025547392
434,1,Florescent,ridge,full_ex,1.0,0.46,0.013576588635424516,0.16968223717466735
434,1,Florescent,ridge,full_1fcs,1.0,0.84,0.013576588635424516,0.16968223717466735
434,1,Florescent,ridge,full_mfcs,1.0,0.84,0.013576588635424516,0.16968223717466735
434,2,Florescent,ridge,full_ex,1.0,0.8,0.3648348120301587,0.26763699303208444
434,2,Florescent,ridge,full_1fcs,1.0,1.18,0.3648348120301587,0.26763699303208444
434,2,Florescent,ridge,full_mfcs,1.0,1.5,0.3648348120301587,0.26763699303208444
434,3,Florescent,ridge,full_ex,1.0,0.72,0.26765203453014424,0.23353090249267042
434,3,Florescent,ridge,full_1fcs,1.0,1.02,0.26765203453014424,0.23353090249267042
434,3,Florescent,ridge,full_mfcs,1.0,1.02,0.26765203453014424,0.23353090249267042
434,4,Florescent,ridge,full_ex,1.0,0.7000000000000001,0.2505927886870061,0.2600084016325765
434,4,Florescent,ridge,full_1fcs,1.0,1.04,0.2505927886870061,0.2600084016325765
434,4,Florescent,ridge,full_mfcs,1.0,1.04,0.2505927886870061,0.2600084016325765
434,5,Florescent,ridge,full_ex,1.0,0.7000000000000001,0.25373116442098825,0.22121948551299234
434,5,Florescent,ridge,full_1fcs,1.0,1.04,0.25373116442098825,0.22121948551299234
434,5,Florescent,ridge,full_mfcs,1.0,1.04,0.25373116442098825,0.22121948551299234
435,1,Florescent,ridge,full_ex,1.0,0.58,0.19488796089179297,0.08136099449879514
435,1,Florescent,ridge,full_1fcs,1.0,1.1400000000000001,0.19488796089179297,0.08136099449879514
435,1,Florescent,ridge,full_mfcs,1.0,1.1400000000000001,0.19488796089179297,0.08136099449879514
435,2,Florescent,ridge,full_ex,1.0,0.5,0.06649871878057104,0.06308738374297607
435,2,Florescent,ridge,full_1fcs,1.0,0.78,0.06649871878057104,0.06308738374297607
435,2,Florescent,ridge,full_mfcs,1.0,1.18,0.06649871878057104,0.06308738374297607
435,3,Florescent,ridge,full_ex,1.0,0.48,0.06308791149528015,0.07919168137429296
435,3,Florescent,ridge,full_1fcs,1.0,0.76,0.06308791149528015,0.07919168137429296
435,3,Florescent,ridge,full_mfcs,1.0,0.76,0.06308791149528015,0.07919168137429296
435,4,Florescent,ridge,full_ex,1.0,0.48,0.07113917355188053,0.08775439644231688
435,4,Florescent,ridge,full_1fcs,1.0,0.76,0.07113917355188053,0.08775439644231688
435,4,Florescent,ridge,full_mfcs,1.0,0.76,0.07113917355188053,0.08775439644231688
435,5,Florescent,ridge,full_ex,1.0,0.48,0.07667729554546544,0.0931854268880108
435,5,Florescent,ridge,full_1fcs,1.0,0.78,0.07667729554546544,0.0931854268880108
435,5,Florescent,ridge,full_mfcs,1.0,0.78,0.07667729554546544,0.0931854268880108
436,1,Florescent,ridge,full_ex,1.0,0.5,0.1784637017244038,0.04710926211332257
436,1,Florescent,ridge,full_1fcs,1.0,1.2,0.1784637017244038,0.04710926211332257
436,1,Florescent,ridge,full_mfcs,1.0,1.2,0.1784637017244038,0.04710926211332257
436,2,Florescent,ridge,full_ex,1.0,0.48,0.18905183333672948,0.13042714437163086
436,2,Florescent,ridge,full_1fcs,1.0,1.04,0.18905183333672948,0.13042714437163086
436,2,Florescent,ridge,full_mfcs,1.0,1.32,0.18905183333672948,0.13042714437163086
436,3,Florescent,ridge,full_ex,1.0,0.44,0.13043569047834985,0.12322786870606849
436,3,Florescent,ridge,full_1fcs,1.0,0.44,0.13043569047834985,0.12322786870606849
436,3,Florescent,ridge,full_mfcs,1.0,0.44,0.13043569047834985,0.12322786870606849
436,4,Florescent,ridge,full_ex,1.0,0.44,0.12683204229402437,0.1547565979607578
436,4,Florescent,ridge,full_1fcs,1.0,0.44,0.12683204229402437,0.1547565979607578
436,4,Florescent,ridge,full_mfcs,1.0,0.44,0.12683204229402437,0.1547565979607578
436,5,Florescent,ridge,full_ex,1.0,0.46,0.13613977516751427,0.14104223870007185
436,5,Florescent,ridge,full_1fcs,1.0,0.46,0.13613977516751427,0.14104223870007185
436,5,Florescent,ridge,full_mfcs,1.0,0.46,0.13613977516751427,0.14104223870007185
437,1,Florescent,ridge,full_ex,1.0,0.92,0.36864152652465365,0.14016170922502955
437,1,Florescent,ridge,full_1fcs,1.0,1.54,0.36864152652465365,0.14016170922502955
437,1,Florescent,ridge,full_mfcs,1.0,1.54,0.36864152652465365,0.14016170922502955
437,2,Florescent,ridge,full_ex,1.0,0.66,0.2081047414300054,0.13064119458343032
437,2,Florescent,ridge,full_1fcs,1.0,0.62,0.2081047414300054,0.13064119458343032
437,2,Florescent,ridge,full_mfcs,1.0,0.62,0.2081047414300054,0.13064119458343032
437,3,Florescent,ridge,full_ex,1.0,0.6,0.13066342425359176,0.18010546095612076
437,3,Florescent,ridge,full_1fcs,1.0,0.54,0.13066342425359176,0.18010546095612076
437,3,Florescent,ridge,full_mfcs,1.0,0.54,0.13066342425359176,0.18010546095612076
437,4,Florescent,ridge,full_ex,1.0,0.64,0.1553808950074415,0.11623798979804606
437,4,Florescent,ridge,full_1fcs,1.0,0.58,0.1553808950074415,0.11623798979804606
437,4,Florescent,ridge,full_mfcs,1.0,0.58,0.1553808950074415,0.11623798979804606
437,5,Florescent,ridge,full_ex,1.0,0.64,0.14233450826759575,0.15459482056085777
437,5,Florescent,ridge,full_1fcs,1.0,0.56,0.14233450826759575,0.15459482056085777
437,5,Florescent,ridge,full_mfcs,1.0,0.56,0.14233450826759575,0.15459482056085777
438,1,Florescent,ridge,full_ex,1.0,0.48,0.14018744003012462,0.13057446441875234
438,1,Florescent,ridge,full_1fcs,1.0,0.5,0.14018744003012462,0.13057446441875234
438,1,Florescent,ridge,full_mfcs,1.0,0.5,0.14018744003012462,0.13057446441875234
438,2,Florescent,ridge,full_ex,1.0,0.6,0.3364439609500561,0.15772299347209826
438,2,Florescent,ridge,full_1fcs,1.0,0.86,0.3364439609500561,0.15772299347209826
438,2,Florescent,ridge,full_mfcs,1.0,1.42,0.3364439609500561,0.15772299347209826
438,3,Florescent,ridge,full_ex,1.0,0.52,0.15774433640494798,0.15870579201693985
438,3,Florescent,ridge,full_1fcs,1.0,0.38,0.15774433640494798,0.15870579201693985
438,3,Florescent,ridge,full_mfcs,1.0,0.44,0.15774433640494798,0.15870579201693985
438,4,Florescent,ridge,full_ex,1.0,0.46,0.15822503550510814,0.16148172534160532
438,4,Florescent,ridge,full_1fcs,1.0,0.38,0.15822503550510814,0.16148172534160532
438,4,Florescent,ridge,full_mfcs,1.0,0.4,0.15822503550510814,0.16148172534160532
438,5,Florescent,ridge,full_ex,1.0,0.46,0.15931055556870086,0.16405657120225986
438,5,Florescent,ridge,full_1fcs,1.0,0.38,0.15931055556870086,0.16405657120225986
438,5,Florescent,ridge,full_mfcs,1.0,0.4,0.15931055556870086,0.16405657120225986
439,1,Florescent,ridge,full_ex,1.0,0.62,0.007777758675919693,0.18865352263967652
439,1,Florescent,ridge,full_1fcs,1.0,0.96,0.007777758675919693,0.18865352263967652
439,1,Florescent,ridge,full_mfcs,1.0,0.96,0.007777758675919693,0.18865352263967652
439,2,Florescent,ridge,full_ex,1.0,1.06,0.4407589179965327,0.0
439,2,Florescent,ridge,full_1fcs,1.0,1.1,0.4407589179965327,0.0
439,2,Florescent,ridge,full_mfcs,1.0,1.1,0.4407589179965327,0.0
439,3,Florescent,ridge,full_ex,1.0,0.74,0.00018502103860452979,0.0
439,3,Florescent,ridge,full_1fcs,1.0,0.9,0.00018502103860452979,0.0
439,3,Florescent,ridge,full_mfcs,1.0,0.9,0.00018502103860452979,0.0
439,4,Florescent,ridge,full_ex,1.0,0.56,9.252994123712908e-05,0.10311458697791143
439,4,Florescent,ridge,full_1fcs,1.0,0.76,9.252994123712908e-05,0.10311458697791143
439,4,Florescent,ridge,full_mfcs,1.0,0.76,9.252994123712908e-05,0.10311458697791143
439,5,Florescent,ridge,full_ex,1.0,0.58,0.03442840911587185,0.14395424125091652
439,5,Florescent,ridge,full_1fcs,1.0,0.8,0.03442840911587185,0.14395424125091652
439,5,Florescent,ridge,full_mfcs,1.0,0.8,0.03442840911587185,0.14395424125091652
440,1,Florescent,ridge,full_ex,1.0,0.72,0.20540281947907466,0.13859592705991708
440,1,Florescent,ridge,full_1fcs,1.0,0.64,0.20540281947907466,0.13859592705991708
440,1,Florescent,ridge,full_mfcs,1.0,0.64,0.20540281947907466,0.13859592705991708
440,2,Florescent,ridge,full_ex,1.0,0.84,0.3186994269876187,0.4211202452775096
440,2,Florescent,ridge,full_1fcs,1.0,0.74,0.3186994269876187,0.4211202452775096
440,2,Florescent,ridge,full_mfcs,1.0,1.2,0.3186994269876187,0.4211202452775096
440,3,Florescent,ridge,full_ex,1.0,0.9400000000000001,0.42108483158154597,0.28805471133755167
440,3,Florescent,ridge,full_1fcs,1.0,0.86,0.42108483158154597,0.28805471133755167
440,3,Florescent,ridge,full_mfcs,1.0,0.86,0.42108483158154597,0.28805471133755167
440,4,Florescent,ridge,full_ex,1.0,0.88,0.35458127279036583,0.355923532156094
440,4,Florescent,ridge,full_1fcs,1.0,0.8,0.35458127279036583,0.355923532156094
440,4,Florescent,ridge,full_mfcs,1.0,0.8,0.35458127279036583,0.355923532156094
440,5,Florescent,ridge,full_ex,1.0,0.88,0.3550286409991828,0.15500717685962162
440,5,Florescent,ridge,full_1fcs,1.0,0.8,0.3550286409991828,0.15500717685962162
440,5,Florescent,ridge,full_mfcs,1.0,0.8,0.3550286409991828,0.15500717685962162
441,1,Florescent,ridge,full_ex,1.0,1.02,0.2884153501281722,0.1365425501032618
441,1,Florescent,ridge,full_1fcs,1.0,1.02,0.2884153501281722,0.1365425501032618
441,1,Florescent,ridge,full_mfcs,1.0,1.02,0.2884153501281722,0.1365425501032618
441,2,Florescent,ridge,full_ex,1.0,1.24,0.3902349655322995,0.17548764841242617
441,2,Florescent,ridge,full_1fcs,1.0,1.26,0.3902349655322995,0.17548764841242617
441,2,Florescent,ridge,full_mfcs,1.0,1.26,0.3902349655322995,0.17548764841242617
441,3,Florescent,ridge,full_ex,1.0,0.8200000000000001,0.17554504737290608,0.19362999330439135
441,3,Florescent,ridge,full_1fcs,1.0,0.8200000000000001,0.17554504737290608,0.19362999330439135
441,3,Florescent,ridge,full_mfcs,1.0,0.8200000000000001,0.17554504737290608,0.19362999330439135
441,4,Florescent,ridge,full_ex,1.0,0.88,0.18458631171296375,0.2628519642102185
441,4,Florescent,ridge,full_1fcs,1.0,0.88,0.18458631171296375,0.2628519642102185
441,4,Florescent,ridge,full_mfcs,1.0,0.88,0.18458631171296375,0.2628519642102185
441,5,Florescent,ridge,full_ex,1.0,0.9,0.21067253776216052,0.28477751034893767
441,5,Florescent,ridge,full_1fcs,1.0,0.9,0.21067253776216052,0.28477751034893767
441,5,Florescent,ridge,full_mfcs,1.0,0.9,0.21067253776216052,0.28477751034893767
442,1,Florescent,ridge,full_ex,1.0,1.0,0.4173791948630707,0.06219956534800163
442,1,Florescent,ridge,full_1fcs,1.0,0.92,0.4173791948630707,0.06219956534800163
442,1,Florescent,ridge,full_mfcs,1.0,0.92,0.4173791948630707,0.06219956534800163
442,2,Florescent,ridge,full_ex,1.0,1.02,0.3390177534019297,0.09647505218262122
442,2,Florescent,ridge,full_1fcs,1.0,1.02,0.3390177534019297,0.09647505218262122
442,2,Florescent,ridge,full_mfcs,1.0,1.02,0.3390177534019297,0.09647505218262122
442,3,Florescent,ridge,full_ex,1.0,0.68,0.09652675011116695,0.10379558925920758
442,3,Florescent,ridge,full_1fcs,1.0,0.62,0.09652675011116695,0.10379558925920758
442,3,Florescent,ridge,full_mfcs,1.0,0.66,0.09652675011116695,0.10379558925920758
442,4,Florescent,ridge,full_ex,1.0,0.7000000000000001,0.10016078230482979,0.1189391959640077
442,4,Florescent,ridge,full_1fcs,1.0,0.62,0.10016078230482979,0.1189391959640077
442,4,Florescent,ridge,full_mfcs,1.0,0.68,0.10016078230482979,0.1189391959640077
442,5,Florescent,ridge,full_ex,1.0,0.72,0.10641980872766245,0.12247638646870633
442,5,Florescent,ridge,full_1fcs,1.0,0.62,0.10641980872766245,0.12247638646870633
442,5,Florescent,ridge,full_mfcs,1.0,0.68,0.10641980872766245,0.12247638646870633
443,1,Florescent,ridge,full_ex,1.0,0.54,-0.017366769992866064,0.08965691931018319
443,1,Florescent,ridge,full_1fcs,1.0,0.54,-0.017366769992866064,0.08965691931018319
443,1,Florescent,ridge,full_mfcs,1.0,0.54,-0.017366769992866064,0.08965691931018319
443,2,Florescent,ridge,full_ex,1.0,0.78,0.20163006850618975,0.0850898649590924
443,2,Florescent,ridge,full_1fcs,1.0,0.84,0.20163006850618975,0.0850898649590924
443,2,Florescent,ridge,full_mfcs,1.0,0.86,0.20163006850618975,0.0850898649590924
443,3,Florescent,ridge,full_ex,1.0,0.62,0.08512660319483044,0.08970300298232736
443,3,Florescent,ridge,full_1fcs,1.0,0.8200000000000001,0.08512660319483044,0.08970300298232736
443,3,Florescent,ridge,full_mfcs,1.0,0.8200000000000001,0.08512660319483044,0.08970300298232736
443,4,Florescent,ridge,full_ex,1.0,0.64,0.08741444236545083,0.09495900729185516
443,4,Florescent,ridge,full_1fcs,1.0,0.84,0.08741444236545083,0.09495900729185516
443,4,Florescent,ridge,full_mfcs,1.0,0.84,0.08741444236545083,0.09495900729185516
443,5,Florescent,ridge,full_ex,1.0,0.64,0.08992903302385297,0.16398623197057424
443,5,Florescent,ridge,full_1fcs,1.0,0.86,0.08992903302385297,0.16398623197057424
443,5,Florescent,ridge,full_mfcs,1.0,0.86,0.08992903302385297,0.16398623197057424
444,1,Florescent,ridge,full_ex,1.0,0.34,0.07539344337144566,0.1553666753510281
444,1,Florescent,ridge,full_1fcs,1.0,1.04,0.07539344337144566,0.1553666753510281
444,1,Florescent,ridge,full_mfcs,1.0,1.04,0.07539344337144566,0.1553666753510281
444,2,Florescent,ridge,full_ex,1.0,0.38,0.10769889965397804,0.2445240838775895
444,2,Florescent,ridge,full_1fcs,1.0,0.44,0.10769889965397804,0.2445240838775895
444,2,Florescent,ridge,full_mfcs,1.0,0.88,0.10769889965397804,0.2445240838775895
444,3,Florescent,ridge,full_ex,1.0,0.5,0.2444899923443708,0.1671516485059639
444,3,Florescent,ridge,full_1fcs,1.0,0.58,0.2444899923443708,0.1671516485059639
444,3,Florescent,ridge,full_mfcs,1.0,0.58,0.2444899923443708,0.1671516485059639
444,4,Florescent,ridge,full_ex,1.0,0.48,0.20582563845561436,0.1977427310821923
444,4,Florescent,ridge,full_1fcs,1.0,0.54,0.20582563845561436,0.1977427310821923
444,4,Florescent,ridge,full_mfcs,1.0,0.54,0.20582563845561436,0.1977427310821923
444,5,Florescent,ridge,full_ex,1.0,0.46,0.2031315598063571,0.3118375407885175
444,5,Florescent,ridge,full_1fcs,1.0,0.52,0.2031315598063571,0.3118375407885175
444,5,Florescent,ridge,full_mfcs,1.0,0.52,0.2031315598063571,0.3118375407885175
445,1,Florescent,ridge,full_ex,1.0,0.86,0.2595577677205703,0.6416875687455339
445,1,Florescent,ridge,full_1fcs,1.0,1.26,0.2595577677205703,0.6416875687455339
445,1,Florescent,ridge,full_mfcs,1.0,1.26,0.2595577677205703,0.6416875687455339
445,2,Florescent,ridge,full_ex,1.0,1.22,0.8806806778067778,1.2392526222383125
445,2,Florescent,ridge,full_1fcs,1.0,2.22,0.8806806778067778,1.2392526222383125
445,2,Florescent,ridge,full_mfcs,1.0,2.22,0.8806806778067778,1.2392526222383125
445,3,Florescent,ridge,full_ex,1.0,1.18,1.239189314497187,1.2470265024074747
445,3,Florescent,ridge,full_1fcs,1.0,1.82,1.239189314497187,1.2470265024074747
445,3,Florescent,ridge,full_mfcs,1.0,1.82,1.239189314497187,1.2470265024074747
445,4,Florescent,ridge,full_ex,1.0,1.1400000000000001,1.2431075624961636,1.1409349358994925
445,4,Florescent,ridge,full_1fcs,1.0,1.92,1.2431075624961636,1.1409349358994925
445,4,Florescent,ridge,full_mfcs,1.0,1.54,1.2431075624961636,1.1409349358994925
445,5,Florescent,ridge,full_ex,1.0,1.1400000000000001,1.2090520248793233,1.15645533445082
445,5,Florescent,ridge,full_1fcs,1.0,1.86,1.2090520248793233,1.15645533445082
445,5,Florescent,ridge,full_mfcs,1.0,1.52,1.2090520248793233,1.15645533445082
446,1,Florescent,ridge,full_ex,1.0,0.78,0.0007509923996700182,0.08015517331574158
446,1,Florescent,ridge,full_1fcs,1.0,0.32,0.0007509923996700182,0.08015517331574158
446,1,Florescent,ridge,full_mfcs,1.0,0.32,0.0007509923996700182,0.08015517331574158
446,2,Florescent,ridge,full_ex,1.0,0.7000000000000001,0.16801649712107072,0.10344209355435369
446,2,Florescent,ridge,full_1fcs,1.0,0.48,0.16801649712107072,0.10344209355435369
446,2,Florescent,ridge,full_mfcs,1.0,0.8200000000000001,0.16801649712107072,0.10344209355435369
446,3,Florescent,ridge,full_ex,1.0,0.66,0.10345405994416698,0.11352350425027749
446,3,Florescent,ridge,full_1fcs,1.0,0.42,0.10345405994416698,0.11352350425027749
446,3,Florescent,ridge,full_mfcs,1.0,0.42,0.10345405994416698,0.11352350425027749
446,4,Florescent,ridge,full_ex,1.0,0.68,0.10848831555722442,0.10502017353178819
446,4,Florescent,ridge,full_1fcs,1.0,0.42,0.10848831555722442,0.10502017353178819
446,4,Florescent,ridge,full_mfcs,1.0,0.44,0.10848831555722442,0.10502017353178819
446,5,Florescent,ridge,full_ex,1.0,0.68,0.10733233963475103,0.1202805472668762
446,5,Florescent,ridge,full_1fcs,1.0,0.42,0.10733233963475103,0.1202805472668762
446,5,Florescent,ridge,full_mfcs,1.0,0.44,0.10733233963475103,0.1202805472668762
447,1,Florescent,ridge,full_ex,1.0,0.76,0.27562306505997625,0.22223271759044294
447,1,Florescent,ridge,full_1fcs,1.0,1.1400000000000001,0.27562306505997625,0.22223271759044294
447,1,Florescent,ridge,full_mfcs,1.0,1.1400000000000001,0.27562306505997625,0.22223271759044294
447,2,Florescent,ridge,full_ex,1.0,0.9,0.20930518104374038,0.060772662160035795
447,2,Florescent,ridge,full_1fcs,1.0,0.9,0.20930518104374038,0.060772662160035795
447,2,Florescent,ridge,full_mfcs,1.0,1.04,0.20930518104374038,0.060772662160035795
447,3,Florescent,ridge,full_ex,1.0,0.52,0.060819947848108805,0.08704154488125278
447,3,Florescent,ridge,full_1fcs,1.0,0.5,0.060819947848108805,0.08704154488125278
447,3,Florescent,ridge,full_mfcs,1.0,0.92,0.060819947848108805,0.08704154488125278
447,4,Florescent,ridge,full_ex,1.0,0.5,0.0739286591053183,0.09734115966773182
447,4,Florescent,ridge,full_1fcs,1.0,0.5,0.0739286591053183,0.09734115966773182
447,4,Florescent,ridge,full_mfcs,1.0,1.04,0.0739286591053183,0.09734115966773182
447,5,Florescent,ridge,full_ex,1.0,0.52,0.08173199762593561,0.09643634019138907
447,5,Florescent,ridge,full_1fcs,1.0,0.52,0.08173199762593561,0.09643634019138907
447,5,Florescent,ridge,full_mfcs,1.0,1.06,0.08173199762593561,0.09643634019138907
448,1,Florescent,ridge,full_ex,1.0,0.92,0.23169730856738227,0.8665038404869889
448,1,Florescent,ridge,full_1fcs,1.0,0.9400000000000001,0.23169730856738227,0.8665038404869889
448,1,Florescent,ridge,full_mfcs,1.0,0.9400000000000001,0.23169730856738227,0.8665038404869889
448,2,Florescent,ridge,full_ex,1.0,1.56,0.9747377798285782,0.91323948838249
448,2,Florescent,ridge,full_1fcs,1.0,2.22,0.9747377798285782,0.91323948838249
448,2,Florescent,ridge,full_mfcs,1.0,2.22,0.9747377798285782,0.91323948838249
448,3,Florescent,ridge,full_ex,1.0,1.3800000000000001,0.9132592886720159,1.0021406028542514
448,3,Florescent,ridge,full_1fcs,1.0,1.3,0.9132592886720159,1.0021406028542514
448,3,Florescent,ridge,full_mfcs,1.0,1.62,0.9132592886720159,1.0021406028542514
448,4,Florescent,ridge,full_ex,1.0,1.34,0.9576927904459748,0.8766421464090395
448,4,Florescent,ridge,full_1fcs,1.0,1.5,0.9576927904459748,0.8766421464090395
448,4,Florescent,ridge,full_mfcs,1.0,1.28,0.9576927904459748,0.8766421464090395
448,5,Florescent,ridge,full_ex,1.0,1.32,0.9306788092173374,0.6032319052919498
448,5,Florescent,ridge,full_1fcs,1.0,1.56,0.9306788092173374,0.6032319052919498
448,5,Florescent,ridge,full_mfcs,1.0,1.36,0.9306788092173374,0.6032319052919498
449,1,Florescent,ridge,full_ex,1.0,0.8200000000000001,0.27244556207887594,0.12556631393448492
449,1,Florescent,ridge,full_1fcs,1.0,0.8200000000000001,0.27244556207887594,0.12556631393448492
449,1,Florescent,ridge,full_mfcs,1.0,0.8200000000000001,0.27244556207887594,0.12556631393448492
449,2,Florescent,ridge,full_ex,1.0,0.74,0.1581754249588213,0.11193738624812459
449,2,Florescent,ridge,full_1fcs,1.0,0.66,0.1581754249588213,0.11193738624812459
449,2,Florescent,ridge,full_mfcs,1.0,0.66,0.1581754249588213,0.11193738624812459
449,3,Florescent,ridge,full_ex,1.0,0.64,0.11195221551601561,0.11110593876186291
449,3,Florescent,ridge,full_1fcs,1.0,0.62,0.11195221551601561,0.11110593876186291
449,3,Florescent,ridge,full_mfcs,1.0,0.62,0.11195221551601561,0.11110593876186291
449,4,Florescent,ridge,full_ex,1.0,0.64,0.11152914500289682,0.1016403054005952
449,4,Florescent,ridge,full_1fcs,1.0,0.64,0.11152914500289682,0.1016403054005952
449,4,Florescent,ridge,full_mfcs,1.0,0.64,0.11152914500289682,0.1016403054005952
449,5,Florescent,ridge,full_ex,1.0,0.62,0.10823321760176095,0.10972902923561617
449,5,Florescent,ridge,full_1fcs,1.0,0.62,0.10823321760176095,0.10972902923561617
449,5,Florescent,ridge,full_mfcs,1.0,0.62,0.10823321760176095,0.10972902923561617
450,1,Florescent,ridge,full_ex,1.0,0.64,0.08941827012942552,0.19097503574112223
450,1,Florescent,ridge,full_1fcs,1.0,0.64,0.08941827012942552,0.19097503574112223
450,1,Florescent,ridge,full_mfcs,1.0,0.64,0.08941827012942552,0.19097503574112223
450,2,Florescent,ridge,full_ex,1.0,0.62,0.20932031705635196,0.17779476282659612
450,2,Florescent,ridge,full_1fcs,1.0,1.06,0.20932031705635196,0.17779476282659612
450,2,Florescent,ridge,full_mfcs,1.0,1.48,0.20932031705635196,0.17779476282659612
450,3,Florescent,ridge,full_ex,1.0,0.6,0.17779978738702887,0.1375393473224063
450,3,Florescent,ridge,full_1fcs,1.0,0.6,0.17779978738702887,0.1375393473224063
450,3,Florescent,ridge,full_mfcs,1.0,1.08,0.17779978738702887,0.1375393473224063
450,4,Florescent,ridge,full_ex,1.0,0.58,0.15767117166517064,0.1462243657188765
450,4,Florescent,ridge,full_1fcs,1.0,0.58,0.15767117166517064,0.1462243657188765
450,4,Florescent,ridge,full_mfcs,1.0,0.84,0.15767117166517064,0.1462243657188765
450,5,Florescent,ridge,full_ex,1.0,0.58,0.15385577241414075,0.1368875492690613
450,5,Florescent,ridge,full_1fcs,1.0,0.58,0.15385577241414075,0.1368875492690613
450,5,Florescent,ridge,full_mfcs,1.0,1.06,0.15385577241414075,0.1368875492690613
451,1,Florescent,ridge,full_ex,1.0,0.46,0.02268785207487876,0.18506028206583083
451,1,Florescent,ridge,full_1fcs,1.0,0.62,0.02268785207487876,0.18506028206583083
451,1,Florescent,ridge,full_mfcs,1.0,0.62,0.02268785207487876,0.18506028206583083
451,2,Florescent,ridge,full_ex,1.0,0.9,0.54538099053665,0.738795680070792
451,2,Florescent,ridge,full_1fcs,1.0,1.94,0.54538099053665,0.738795680070792
451,2,Florescent,ridge,full_mfcs,1.0,1.8800000000000001,0.54538099053665,0.738795680070792
451,3,Florescent,ridge,full_ex,1.0,0.92,0.7387641223971768,0.7521339918205427
451,3,Florescent,ridge,full_1fcs,1.0,1.1400000000000001,0.7387641223971768,0.7521339918205427
451,3,Florescent,ridge,full_mfcs,1.0,1.48,0.7387641223971768,0.7521339918205427
451,4,Florescent,ridge,full_ex,1.0,0.9,0.7454485117044117,0.7184133075391137
451,4,Florescent,ridge,full_1fcs,1.0,1.28,0.7454485117044117,0.7184133075391137
451,4,Florescent,ridge,full_mfcs,1.0,1.22,0.7454485117044117,0.7184133075391137
451,5,Florescent,ridge,full_ex,1.0,0.9,0.7364372671564287,0.691126712455834
451,5,Florescent,ridge,full_1fcs,1.0,1.3800000000000001,0.7364372671564287,0.691126712455834
451,5,Florescent,ridge,full_mfcs,1.0,1.42,0.7364372671564287,0.691126712455834
452,1,Florescent,ridge,full_ex,1.0,0.42,0.13556030173219855,0.18329297597223354
452,1,Florescent,ridge,full_1fcs,1.0,0.72,0.13556030173219855,0.18329297597223354
452,1,Florescent,ridge,full_mfcs,1.0,0.72,0.13556030173219855,0.18329297597223354
452,2,Florescent,ridge,full_ex,1.0,0.38,0.06411665738774512,0.11643700683981957
452,2,Florescent,ridge,full_1fcs,1.0,1.26,0.06411665738774512,0.11643700683981957
452,2,Florescent,ridge,full_mfcs,1.0,1.6600000000000001,0.06411665738774512,0.11643700683981957
452,3,Florescent,ridge,full_ex,1.0,0.42,0.11642965462542526,0.11534357548649113
452,3,Florescent,ridge,full_1fcs,1.0,0.8,0.11642965462542526,0.11534357548649113
452,3,Florescent,ridge,full_mfcs,1.0,1.2,0.11642965462542526,0.11534357548649113
452,4,Florescent,ridge,full_ex,1.0,0.42,0.11588665321321082,0.11641700145785945
452,4,Florescent,ridge,full_1fcs,1.0,1.18,0.11588665321321082,0.11641700145785945
452,4,Florescent,ridge,full_mfcs,1.0,1.16,0.11588665321321082,0.11641700145785945
452,5,Florescent,ridge,full_ex,1.0,0.42,0.11606342768017293,0.11468898725815664
452,5,Florescent,ridge,full_1fcs,1.0,1.18,0.11606342768017293,0.11468898725815664
452,5,Florescent,ridge,full_mfcs,1.0,1.18,0.11606342768017293,0.11468898725815664
453,1,Florescent,ridge,full_ex,1.0,1.08,0.4710197330722736,0.12942890099676274
453,1,Florescent,ridge,full_1fcs,1.0,1.62,0.4710197330722736,0.12942890099676274
453,1,Florescent,ridge,full_mfcs,1.0,1.62,0.4710197330722736,0.12942890099676274
453,2,Florescent,ridge,full_ex,1.0,0.86,0.14788145532113003,0.0
453,2,Florescent,ridge,full_1fcs,1.0,0.76,0.14788145532113003,0.0
453,2,Florescent,ridge,full_mfcs,1.0,0.76,0.14788145532113003,0.0
453,3,Florescent,ridge,full_ex,1.0,0.74,4.4631407008825785e-05,0.02797250315521852
453,3,Florescent,ridge,full_1fcs,1.0,0.5,4.4631407008825785e-05,0.02797250315521852
453,3,Florescent,ridge,full_mfcs,1.0,0.5,4.4631407008825785e-05,0.02797250315521852
453,4,Florescent,ridge,full_ex,1.0,0.74,0.014006459767980707,0.05628135469598622
453,4,Florescent,ridge,full_1fcs,1.0,0.52,0.014006459767980707,0.05628135469598622
453,4,Florescent,ridge,full_mfcs,1.0,0.52,0.014006459767980707,0.05628135469598622
453,5,Florescent,ridge,full_ex,1.0,0.74,0.028096673482114778,0.006736839078623082
453,5,Florescent,ridge,full_1fcs,1.0,0.54,0.028096673482114778,0.006736839078623082
453,5,Florescent,ridge,full_mfcs,1.0,0.54,0.028096673482114778,0.006736839078623082
454,1,Florescent,ridge,full_ex,1.0,0.76,0.22158765348537007,0.5802980093901784
454,1,Florescent,ridge,full_1fcs,1.0,0.9,0.22158765348537007,0.5802980093901784
454,1,Florescent,ridge,full_mfcs,1.0,0.9,0.22158765348537007,0.5802980093901784
454,2,Florescent,ridge,full_ex,0.0,1.06,0.5211899757082203,1.1813969720619792
454,2,Florescent,ridge,full_1fcs,0.0,1.04,0.5211899757082203,1.1813969720619792
454,2,Florescent,ridge,full_mfcs,0.0,1.34,0.5211899757082203,1.1813969720619792
454,3,Florescent,ridge,full_ex,1.0,1.08,1.181242633926425,1.1835151022839352
454,3,Florescent,ridge,full_1fcs,1.0,1.58,1.181242633926425,1.1835151022839352
454,3,Florescent,ridge,full_mfcs,1.0,1.48,1.181242633926425,1.1835151022839352
454,4,Florescent,ridge,full_ex,1.0,1.08,1.1823787352786213,1.2534660315976034
454,4,Florescent,ridge,full_1fcs,1.0,1.6600000000000001,1.1823787352786213,1.2534660315976034
454,4,Florescent,ridge,full_mfcs,1.0,1.42,1.1823787352786213,1.2534660315976034
454,5,Florescent,ridge,full_ex,1.0,1.08,1.2060726539608497,1.2155021853244328
454,5,Florescent,ridge,full_1fcs,1.0,1.72,1.2060726539608497,1.2155021853244328
454,5,Florescent,ridge,full_mfcs,1.0,1.46,1.2060726539608497,1.2155021853244328
455,1,Florescent,ridge,full_ex,1.0,0.9,0.4256542278591384,0.5812587525872596
455,1,Florescent,ridge,full_1fcs,1.0,0.88,0.4256542278591384,0.5812587525872596
455,1,Florescent,ridge,full_mfcs,1.0,0.88,0.4256542278591384,0.5812587525872596
455,2,Florescent,ridge,full_ex,1.0,0.96,0.5475753331568666,0.853142772002391
455,2,Florescent,ridge,full_1fcs,1.0,2.04,0.5475753331568666,0.853142772002391
455,2,Florescent,ridge,full_mfcs,1.0,2.22,0.5475753331568666,0.853142772002391
455,3,Florescent,ridge,full_ex,1.0,0.88,0.8530912187986789,0.8953266519197803
455,3,Florescent,ridge,full_1fcs,1.0,1.2,0.8530912187986789,0.8953266519197803
455,3,Florescent,ridge,full_mfcs,1.0,1.76,0.8530912187986789,0.8953266519197803
455,4,Florescent,ridge,full_ex,1.0,0.88,0.87420715379043,0.9062801443760397
455,4,Florescent,ridge,full_1fcs,1.0,1.32,0.87420715379043,0.9062801443760397
455,4,Florescent,ridge,full_mfcs,1.0,1.28,0.87420715379043,0.9062801443760397
455,5,Florescent,ridge,full_ex,1.0,0.86,0.8848975493475221,0.8930304126176576
455,5,Florescent,ridge,full_1fcs,1.0,1.4000000000000001,0.8848975493475221,0.8930304126176576
455,5,Florescent,ridge,full_mfcs,1.0,1.4000000000000001,0.8848975493475221,0.8930304126176576
456,1,Florescent,ridge,full_ex,1.0,0.56,-0.003963446780958276,0.1354735409648172
456,1,Florescent,ridge,full_1fcs,1.0,0.66,-0.003963446780958276,0.1354735409648172
456,1,Florescent,ridge,full_mfcs,1.0,0.66,-0.003963446780958276,0.1354735409648172
456,2,Florescent,ridge,full_ex,1.0,0.7000000000000001,0.3618391509793897,0.14295589636048264
456,2,Florescent,ridge,full_1fcs,1.0,1.0,0.3618391509793897,0.14295589636048264
456,2,Florescent,ridge,full_mfcs,1.0,1.56,0.3618391509793897,0.14295589636048264
456,3,Florescent,ridge,full_ex,1.0,0.6,0.143040029641948,0.14269723102822546
456,3,Florescent,ridge,full_1fcs,1.0,0.76,0.143040029641948,0.14269723102822546
456,3,Florescent,ridge,full_mfcs,1.0,0.9400000000000001,0.143040029641948,0.14269723102822546
456,4,Florescent,ridge,full_ex,1.0,0.6,0.14286866328253112,0.1395147410105073
456,4,Florescent,ridge,full_1fcs,1.0,0.96,0.14286866328253112,0.1395147410105073
456,4,Florescent,ridge,full_mfcs,1.0,0.96,0.14286866328253112,0.1395147410105073
456,5,Florescent,ridge,full_ex,1.0,0.62,0.14175083246879108,0.13462412180636169
456,5,Florescent,ridge,full_1fcs,1.0,0.98,0.14175083246879108,0.13462412180636169
456,5,Florescent,ridge,full_mfcs,1.0,0.98,0.14175083246879108,0.13462412180636169
457,1,Florescent,ridge,full_ex,1.0,1.24,0.5732724414716587,0.18798498324092966
457,1,Florescent,ridge,full_1fcs,1.0,1.52,0.5732724414716587,0.18798498324092966
457,1,Florescent,ridge,full_mfcs,1.0,1.52,0.5732724414716587,0.18798498324092966
457,2,Florescent,ridge,full_ex,1.0,0.92,0.17858910576099363,0.19214959043081403
457,2,Florescent,ridge,full_1fcs,1.0,0.92,0.17858910576099363,0.19214959043081403
457,2,Florescent,ridge,full_mfcs,1.0,1.94,0.17858910576099363,0.19214959043081403
457,3,Florescent,ridge,full_ex,1.0,0.92,0.19214758141779467,0.17079249853362766
457,3,Florescent,ridge,full_1fcs,1.0,0.92,0.19214758141779467,0.17079249853362766
457,3,Florescent,ridge,full_mfcs,1.0,1.82,0.19214758141779467,0.17079249853362766
457,4,Florescent,ridge,full_ex,1.0,0.9,0.1814708309844202,0.16899882180469913
457,4,Florescent,ridge,full_1fcs,1.0,0.9,0.1814708309844202,0.16899882180469913
457,4,Florescent,ridge,full_mfcs,1.0,1.84,0.1814708309844202,0.16899882180469913
457,5,Florescent,ridge,full_ex,1.0,0.9,0.17731369991798948,0.16354399919912085
457,5,Florescent,ridge,full_1fcs,1.0,0.9,0.17731369991798948,0.16354399919912085
457,5,Florescent,ridge,full_mfcs,1.0,1.84,0.17731369991798948,0.16354399919912085
458,1,Florescent,ridge,full_ex,1.0,0.64,0.08018006729774185,0.017860003557248396
458,1,Florescent,ridge,full_1fcs,1.0,1.0,0.08018006729774185,0.017860003557248396
458,1,Florescent,ridge,full_mfcs,1.0,1.0,0.08018006729774185,0.017860003557248396
458,2,Florescent,ridge,full_ex,1.0,0.68,0.059538980102474555,0.0648941681816655
458,2,Florescent,ridge,full_1fcs,1.0,0.76,0.059538980102474555,0.0648941681816655
458,2,Florescent,ridge,full_mfcs,1.0,1.18,0.059538980102474555,0.0648941681816655
458,3,Florescent,ridge,full_ex,1.0,0.62,0.06489332172723997,0.09977695327261041
458,3,Florescent,ridge,full_1fcs,1.0,0.74,0.06489332172723997,0.09977695327261041
458,3,Florescent,ridge,full_mfcs,1.0,0.74,0.06489332172723997,0.09977695327261041
458,4,Florescent,ridge,full_ex,1.0,0.62,0.08233375894310403,0.08155957521731254
458,4,Florescent,ridge,full_1fcs,1.0,0.76,0.08233375894310403,0.08155957521731254
458,4,Florescent,ridge,full_mfcs,1.0,0.76,0.08233375894310403,0.08155957521731254
458,5,Florescent,ridge,full_ex,1.0,0.62,0.08207571129876964,0.1091289701453104
458,5,Florescent,ridge,full_1fcs,1.0,0.76,0.08207571129876964,0.1091289701453104
458,5,Florescent,ridge,full_mfcs,1.0,0.76,0.08207571129876964,0.1091289701453104
459,1,Florescent,ridge,full_ex,0.0,0.7000000000000001,0.5791500813734478,0.14974661892312838
459,1,Florescent,ridge,full_1fcs,1.0,2.22,0.5791500813734478,0.14974661892312838
459,1,Florescent,ridge,full_mfcs,1.0,2.22,0.5791500813734478,0.14974661892312838
459,2,Florescent,ridge,full_ex,1.0,0.88,0.32039470249287,0.13346970827006668
459,2,Florescent,ridge,full_1fcs,1.0,1.06,0.32039470249287,0.13346970827006668
459,2,Florescent,ridge,full_mfcs,1.0,1.06,0.32039470249287,0.13346970827006668
459,3,Florescent,ridge,full_ex,1.0,0.52,0.13352575134498576,0.15206989466270204
459,3,Florescent,ridge,full_1fcs,1.0,0.52,0.13352575134498576,0.15206989466270204
459,3,Florescent,ridge,full_mfcs,1.0,0.86,0.13352575134498576,0.15206989466270204
459,4,Florescent,ridge,full_ex,1.0,0.48,0.14279643283763177,0.12023899908587919
459,4,Florescent,ridge,full_1fcs,1.0,0.48,0.14279643283763177,0.12023899908587919
459,4,Florescent,ridge,full_mfcs,1.0,0.9400000000000001,0.14279643283763177,0.12023899908587919
459,5,Florescent,ridge,full_ex,1.0,0.48,0.13527803985760511,0.11280161890288459
459,5,Florescent,ridge,full_1fcs,1.0,0.48,0.13527803985760511,0.11280161890288459
459,5,Florescent,ridge,full_mfcs,1.0,1.34,0.13527803985760511,0.11280161890288459
460,1,Florescent,ridge,full_ex,1.0,0.7000000000000001,0.11366421403522163,0.21026497467471095
460,1,Florescent,ridge,full_1fcs,1.0,0.62,0.11366421403522163,0.21026497467471095
460,1,Florescent,ridge,full_mfcs,1.0,0.62,0.11366421403522163,0.21026497467471095
460,2,Florescent,ridge,full_ex,1.0,0.9400000000000001,0.32100771730390004,0.12678492409138328
460,2,Florescent,ridge,full_1fcs,1.0,1.08,0.32100771730390004,0.12678492409138328
460,2,Florescent,ridge,full_mfcs,1.0,1.48,0.32100771730390004,0.12678492409138328
460,3,Florescent,ridge,full_ex,1.0,0.72,0.12682917040884933,0.12533916765594222
460,3,Florescent,ridge,full_1fcs,1.0,0.68,0.12682917040884933,0.12533916765594222
460,3,Florescent,ridge,full_mfcs,1.0,0.72,0.12682917040884933,0.12533916765594222
460,4,Florescent,ridge,full_ex,1.0,0.72,0.12608425390322203,0.15026339152761825
460,4,Florescent,ridge,full_1fcs,1.0,0.78,0.12608425390322203,0.15026339152761825
460,4,Florescent,ridge,full_mfcs,1.0,0.78,0.12608425390322203,0.15026339152761825
460,5,Florescent,ridge,full_ex,1.0,0.72,0.13414335431766972,0.14481080673538074
460,5,Florescent,ridge,full_1fcs,1.0,0.8,0.13414335431766972,0.14481080673538074
460,5,Florescent,ridge,full_mfcs,1.0,0.8,0.13414335431766972,0.14481080673538074
461,1,Florescent,ridge,full_ex,1.0,0.5,-0.0628731065578759,0.0858885376449745
461,1,Florescent,ridge,full_1fcs,1.0,0.5,-0.0628731065578759,0.0858885376449745
461,1,Florescent,ridge,full_mfcs,1.0,0.5,-0.0628731065578759,0.0858885376449745
461,2,Florescent,ridge,full_ex,1.0,0.64,0.18927468981250853,0.06126938468280626
461,2,Florescent,ridge,full_1fcs,1.0,0.64,0.18927468981250853,0.06126938468280626
461,2,Florescent,ridge,full_mfcs,1.0,1.02,0.18927468981250853,0.06126938468280626
461,3,Florescent,ridge,full_ex,1.0,0.52,0.06130383790602595,0.06136174942766294
461,3,Florescent,ridge,full_1fcs,1.0,0.52,0.06130383790602595,0.06136174942766294
461,3,Florescent,ridge,full_mfcs,1.0,0.52,0.06130383790602595,0.06136174942766294
461,4,Florescent,ridge,full_ex,1.0,0.52,0.06133278976844757,0.06122637796057401
461,4,Florescent,ridge,full_1fcs,1.0,0.52,0.06133278976844757,0.06122637796057401
461,4,Florescent,ridge,full_mfcs,1.0,0.52,0.06133278976844757,0.06122637796057401
461,5,Florescent,ridge,full_ex,1.0,0.54,0.06129732234932274,0.061337974744367835
461,5,Florescent,ridge,full_1fcs,1.0,0.54,0.06129732234932274,0.061337974744367835
461,5,Florescent,ridge,full_mfcs,1.0,0.54,0.06129732234932274,0.061337974744367835
462,1,Florescent,ridge,full_ex,1.0,0.78,0.19203107959413482,0.024332413821522826
462,1,Florescent,ridge,full_1fcs,1.0,0.7000000000000001,0.19203107959413482,0.024332413821522826
462,1,Florescent,ridge,full_mfcs,1.0,0.7000000000000001,0.19203107959413482,0.024332413821522826
462,2,Florescent,ridge,full_ex,1.0,0.62,0.07915084470387082,0.07063262058354818
462,2,Florescent,ridge,full_1fcs,1.0,0.7000000000000001,0.07915084470387082,0.07063262058354818
462,2,Florescent,ridge,full_mfcs,1.0,0.7000000000000001,0.07915084470387082,0.07063262058354818
462,3,Florescent,ridge,full_ex,1.0,0.6,0.07063519516147418,0.05702366254791797
462,3,Florescent,ridge,full_1fcs,1.0,0.6,0.07063519516147418,0.05702366254791797
462,3,Florescent,ridge,full_mfcs,1.0,0.6,0.07063519516147418,0.05702366254791797
462,4,Florescent,ridge,full_ex,1.0,0.6,0.06383045750964932,0.022367833103599487
462,4,Florescent,ridge,full_1fcs,1.0,0.6,0.06383045750964932,0.022367833103599487
462,4,Florescent,ridge,full_mfcs,1.0,0.6,0.06383045750964932,0.022367833103599487
462,5,Florescent,ridge,full_ex,1.0,0.6,0.05001097541178984,0.09215986872734837
462,5,Florescent,ridge,full_1fcs,1.0,0.6,0.05001097541178984,0.09215986872734837
462,5,Florescent,ridge,full_mfcs,1.0,0.6,0.05001097541178984,0.09215986872734837
463,1,Florescent,ridge,full_ex,1.0,0.78,0.255850661704825,0.10094066428764602
463,1,Florescent,ridge,full_1fcs,1.0,1.0,0.255850661704825,0.10094066428764602
463,1,Florescent,ridge,full_mfcs,1.0,1.0,0.255850661704825,0.10094066428764602
463,2,Florescent,ridge,full_ex,1.0,0.66,0.06901838147447308,0.10434960699809216
463,2,Florescent,ridge,full_1fcs,1.0,0.74,0.06901838147447308,0.10434960699809216
463,2,Florescent,ridge,full_mfcs,1.0,1.24,0.06901838147447308,0.10434960699809216
463,3,Florescent,ridge,full_ex,1.0,0.68,0.10434356845995803,0.11164071807071828
463,3,Florescent,ridge,full_1fcs,1.0,0.78,0.10434356845995803,0.11164071807071828
463,3,Florescent,ridge,full_mfcs,1.0,1.48,0.10434356845995803,0.11164071807071828
463,4,Florescent,ridge,full_ex,1.0,0.68,0.10799183144521445,0.12112214464277239
463,4,Florescent,ridge,full_1fcs,1.0,0.8,0.10799183144521445,0.12112214464277239
463,4,Florescent,ridge,full_mfcs,1.0,1.26,0.10799183144521445,0.12112214464277239
463,5,Florescent,ridge,full_ex,1.0,0.7000000000000001,0.11236835313531418,0.095220090429095
463,5,Florescent,ridge,full_1fcs,1.0,0.8,0.11236835313531418,0.095220090429095
463,5,Florescent,ridge,full_mfcs,1.0,1.5,0.11236835313531418,0.095220090429095
464,1,Florescent,ridge,full_ex,1.0,0.8,-0.02121841723667027,0.176212332802489
464,1,Florescent,ridge,full_1fcs,1.0,0.8,-0.02121841723667027,0.176212332802489
464,1,Florescent,ridge,full_mfcs,1.0,0.8,-0.02121841723667027,0.176212332802489
464,2,Florescent,ridge,full_ex,1.0,0.88,0.10967180369275997,0.20773646271229046
464,2,Florescent,ridge,full_1fcs,1.0,0.88,0.10967180369275997,0.20773646271229046
464,2,Florescent,ridge,full_mfcs,1.0,1.28,0.10967180369275997,0.20773646271229046
464,3,Florescent,ridge,full_ex,1.0,0.96,0.20771820786523829,0.21221457282571746
464,3,Florescent,ridge,full_1fcs,1.0,0.98,0.20771820786523829,0.21221457282571746
464,3,Florescent,ridge,full_mfcs,1.0,0.98,0.20771820786523829,0.21221457282571746
464,4,Florescent,ridge,full_ex,1.0,0.96,0.209966181075061,0.18430492319047204
464,4,Florescent,ridge,full_1fcs,1.0,0.98,0.209966181075061,0.18430492319047204
464,4,Florescent,ridge,full_mfcs,1.0,0.98,0.209966181075061,0.18430492319047204
464,5,Florescent,ridge,full_ex,1.0,0.96,0.20141295927620564,0.18733691819619377
464,5,Florescent,ridge,full_1fcs,1.0,0.98,0.20141295927620564,0.18733691819619377
464,5,Florescent,ridge,full_mfcs,1.0,0.98,0.20141295927620564,0.18733691819619377
465,1,Florescent,ridge,full_ex,1.0,0.6,0.12550538112350992,0.12070281216732617
465,1,Florescent,ridge,full_1fcs,1.0,0.9400000000000001,0.12550538112350992,0.12070281216732617
465,1,Florescent,ridge,full_mfcs,1.0,0.9400000000000001,0.12550538112350992,0.12070281216732617
465,2,Florescent,ridge,full_ex,1.0,0.66,0.23566499696645915,0.36091152348455796
465,2,Florescent,ridge,full_1fcs,1.0,0.66,0.23566499696645915,0.36091152348455796
465,2,Florescent,ridge,full_mfcs,1.0,0.9,0.23566499696645915,0.36091152348455796
465,3,Florescent,ridge,full_ex,1.0,0.78,0.3608688658081384,0.19551460885454439
465,3,Florescent,ridge,full_1fcs,1.0,0.76,0.3608688658081384,0.19551460885454439
465,3,Florescent,ridge,full_mfcs,1.0,0.96,0.3608688658081384,0.19551460885454439
465,4,Florescent,ridge,full_ex,1.0,0.72,0.2782058192189313,0.3384074959776785
465,4,Florescent,ridge,full_1fcs,1.0,0.7000000000000001,0.2782058192189313,0.3384074959776785
465,4,Florescent,ridge,full_mfcs,1.0,0.88,0.2782058192189313,0.3384074959776785
465,5,Florescent,ridge,full_ex,1.0,0.74,0.2982707660570039,0.11391942841859536
465,5,Florescent,ridge,full_1fcs,1.0,0.72,0.2982707660570039,0.11391942841859536
465,5,Florescent,ridge,full_mfcs,1.0,1.0,0.2982707660570039,0.11391942841859536
466,1,Florescent,ridge,full_ex,1.0,1.46,0.4548715413074059,0.14485044190883123
466,1,Florescent,ridge,full_1fcs,1.0,0.96,0.4548715413074059,0.14485044190883123
466,1,Florescent,ridge,full_mfcs,1.0,0.96,0.4548715413074059,0.14485044190883123
466,2,Florescent,ridge,full_ex,1.0,1.22,0.18911121781018095,0.22026924226289651
466,2,Florescent,ridge,full_1fcs,0.0,1.6600000000000001,0.18911121781018095,0.22026924226289651
466,2,Florescent,ridge,full_mfcs,1.0,2.22,0.18911121781018095,0.22026924226289651
466,3,Florescent,ridge,full_ex,1.0,1.04,0.22024140849584012,0.19544383032094426
466,3,Florescent,ridge,full_1fcs,1.0,0.2,0.22024140849584012,0.19544383032094426
466,3,Florescent,ridge,full_mfcs,1.0,0.98,0.22024140849584012,0.19544383032094426
466,4,Florescent,ridge,full_ex,1.0,1.06,0.20784815986293634,0.1523350645897028
466,4,Florescent,ridge,full_1fcs,0.0,0.16,0.20784815986293634,0.1523350645897028
466,4,Florescent,ridge,full_mfcs,1.0,1.0,0.20784815986293634,0.1523350645897028
466,5,Florescent,ridge,full_ex,1.0,1.06,0.18934930809899256,0.17801730144621136
466,5,Florescent,ridge,full_1fcs,1.0,0.18,0.18934930809899256,0.17801730144621136
466,5,Florescent,ridge,full_mfcs,1.0,1.02,0.18934930809899256,0.17801730144621136
467,1,Florescent,ridge,full_ex,1.0,0.66,0.1507375038251084,0.1467688656344509
467,1,Florescent,ridge,full_1fcs,1.0,0.74,0.1507375038251084,0.1467688656344509
467,1,Florescent,ridge,full_mfcs,1.0,0.74,0.1507375038251084,0.1467688656344509
467,2,Florescent,ridge,full_ex,1.0,0.62,0.049316032675407656,0.061056887422785144
467,2,Florescent,ridge,full_1fcs,1.0,0.96,0.049316032675407656,0.061056887422785144
467,2,Florescent,ridge,full_mfcs,1.0,0.96,0.049316032675407656,0.061056887422785144
467,3,Florescent,ridge,full_ex,1.0,0.6,0.06105483613329759,0.07972632481009406
467,3,Florescent,ridge,full_1fcs,1.0,1.0,0.06105483613329759,0.07972632481009406
467,3,Florescent,ridge,full_mfcs,1.0,1.02,0.06105483613329759,0.07972632481009406
467,4,Florescent,ridge,full_ex,1.0,0.62,0.07038976485698561,0.07740690332076196
467,4,Florescent,ridge,full_1fcs,1.0,1.04,0.07038976485698561,0.07740690332076196
467,4,Florescent,ridge,full_mfcs,1.0,1.04,0.07038976485698561,0.07740690332076196
467,5,Florescent,ridge,full_ex,1.0,0.62,0.07272867477574281,0.0008934407069592504
467,5,Florescent,ridge,full_1fcs,1.0,1.04,0.07272867477574281,0.0008934407069592504
467,5,Florescent,ridge,full_mfcs,1.0,1.04,0.07272867477574281,0.0008934407069592504
468,1,Florescent,ridge,full_ex,1.0,0.28,0.09510509244515873,0.14085577673094682
468,1,Florescent,ridge,full_1fcs,1.0,0.74,0.09510509244515873,0.14085577673094682
468,1,Florescent,ridge,full_mfcs,1.0,0.74,0.09510509244515873,0.14085577673094682
468,2,Florescent,ridge,full_ex,1.0,0.34,0.21706621733474607,0.10907191356644395
468,2,Florescent,ridge,full_1fcs,1.0,1.46,0.21706621733474607,0.10907191356644395
468,2,Florescent,ridge,full_mfcs,1.0,1.78,0.21706621733474607,0.10907191356644395
468,3,Florescent,ridge,full_ex,1.0,0.34,0.10909086250778477,0.02099589728562394
468,3,Florescent,ridge,full_1fcs,1.0,0.38,0.10909086250778477,0.02099589728562394
468,3,Florescent,ridge,full_mfcs,1.0,0.38,0.10909086250778477,0.02099589728562394
468,4,Florescent,ridge,full_ex,1.0,0.24,0.06504724457388845,0.08499851392894234
468,4,Florescent,ridge,full_1fcs,1.0,0.34,0.06504724457388845,0.08499851392894234
468,4,Florescent,ridge,full_mfcs,1.0,0.34,0.06504724457388845,0.08499851392894234
468,5,Florescent,ridge,full_ex,1.0,0.26,0.07169727868033757,0.08047886444852681
468,5,Florescent,ridge,full_1fcs,1.0,0.34,0.07169727868033757,0.08047886444852681
468,5,Florescent,ridge,full_mfcs,1.0,0.34,0.07169727868033757,0.08047886444852681
469,1,Florescent,ridge,full_ex,1.0,1.04,0.3916700936856133,0.08276308709484617
469,1,Florescent,ridge,full_1fcs,1.0,1.6400000000000001,0.3916700936856133,0.08276308709484617
469,1,Florescent,ridge,full_mfcs,1.0,1.6400000000000001,0.3916700936856133,0.08276308709484617
469,2,Florescent,ridge,full_ex,1.0,0.72,0.03495909040478641,0.12686714018260561
469,2,Florescent,ridge,full_1fcs,1.0,0.72,0.03495909040478641,0.12686714018260561
469,2,Florescent,ridge,full_mfcs,1.0,0.72,0.03495909040478641,0.12686714018260561
469,3,Florescent,ridge,full_ex,1.0,0.8200000000000001,0.12685198360278027,0.09147265761551765
469,3,Florescent,ridge,full_1fcs,1.0,0.78,0.12685198360278027,0.09147265761551765
469,3,Florescent,ridge,full_mfcs,1.0,0.8200000000000001,0.12685198360278027,0.09147265761551765
469,4,Florescent,ridge,full_ex,1.0,0.8,0.10916377933224107,0.11138712294174731
469,4,Florescent,ridge,full_1fcs,1.0,0.8,0.10916377933224107,0.11138712294174731
469,4,Florescent,ridge,full_mfcs,1.0,0.8,0.10916377933224107,0.11138712294174731
469,5,Florescent,ridge,full_ex,1.0,0.8,0.10990485312603057,0.1363447015648853
469,5,Florescent,ridge,full_1fcs,1.0,0.8,0.10990485312603057,0.1363447015648853
469,5,Florescent,ridge,full_mfcs,1.0,0.8,0.10990485312603057,0.1363447015648853
470,1,Florescent,ridge,full_ex,1.0,0.9,0.44871742727695146,0.1352134978098709
470,1,Florescent,ridge,full_1fcs,1.0,1.8,0.44871742727695146,0.1352134978098709
470,1,Florescent,ridge,full_mfcs,1.0,1.8,0.44871742727695146,0.1352134978098709
470,2,Florescent,ridge,full_ex,1.0,0.84,0.3236627677632062,0.4360230529320557
470,2,Florescent,ridge,full_1fcs,1.0,0.88,0.3236627677632062,0.4360230529320557
470,2,Florescent,ridge,full_mfcs,1.0,0.88,0.3236627677632062,0.4360230529320557
470,3,Florescent,ridge,full_ex,1.0,0.9400000000000001,0.43598982868484326,0.16134813565640277
470,3,Florescent,ridge,full_1fcs,1.0,0.76,0.43598982868484326,0.16134813565640277
470,3,Florescent,ridge,full_mfcs,1.0,0.8,0.43598982868484326,0.16134813565640277
470,4,Florescent,ridge,full_ex,1.0,0.78,0.29868928763980335,0.2574989416999199
470,4,Florescent,ridge,full_1fcs,1.0,0.72,0.29868928763980335,0.2574989416999199
470,4,Florescent,ridge,full_mfcs,1.0,0.72,0.29868928763980335,0.2574989416999199
470,5,Florescent,ridge,full_ex,1.0,0.76,0.2849605258969767,0.2972543797927626
470,5,Florescent,ridge,full_1fcs,1.0,0.7000000000000001,0.2849605258969767,0.2972543797927626
470,5,Florescent,ridge,full_mfcs,1.0,0.7000000000000001,0.2849605258969767,0.2972543797927626
471,1,Florescent,ridge,full_ex,1.0,0.6,0.03668950511861219,0.04089046983374452
471,1,Florescent,ridge,full_1fcs,1.0,0.5,0.03668950511861219,0.04089046983374452
471,1,Florescent,ridge,full_mfcs,1.0,0.5,0.03668950511861219,0.04089046983374452
471,2,Florescent,ridge,full_ex,1.0,0.76,0.22969525134744018,0.09402555284192603
471,2,Florescent,ridge,full_1fcs,1.0,1.0,0.22969525134744018,0.09402555284192603
471,2,Florescent,ridge,full_mfcs,1.0,1.4000000000000001,0.22969525134744018,0.09402555284192603
471,3,Florescent,ridge,full_ex,1.0,0.64,0.09405452732844397,0.08020342911744885
471,3,Florescent,ridge,full_1fcs,1.0,0.56,0.09405452732844397,0.08020342911744885
471,3,Florescent,ridge,full_mfcs,1.0,0.56,0.09405452732844397,0.08020342911744885
471,4,Florescent,ridge,full_ex,1.0,0.64,0.08712971783459535,0.09003441574444493
471,4,Florescent,ridge,full_1fcs,1.0,0.56,0.08712971783459535,0.09003441574444493
471,4,Florescent,ridge,full_mfcs,1.0,0.56,0.08712971783459535,0.09003441574444493
471,5,Florescent,ridge,full_ex,1.0,0.64,0.08809788153436543,0.09348602674655673
471,5,Florescent,ridge,full_1fcs,1.0,0.56,0.08809788153436543,0.09348602674655673
471,5,Florescent,ridge,full_mfcs,1.0,0.56,0.08809788153436543,0.09348602674655673
472,1,Florescent,ridge,full_ex,1.0,0.46,0.03653203969967252,0.12418768667488639
472,1,Florescent,ridge,full_1fcs,1.0,0.46,0.03653203969967252,0.12418768667488639
472,1,Florescent,ridge,full_mfcs,1.0,0.46,0.03653203969967252,0.12418768667488639
472,2,Florescent,ridge,full_ex,1.0,0.56,0.1621138767808808,0.17830403908659073
472,2,Florescent,ridge,full_1fcs,1.0,0.62,0.1621138767808808,0.17830403908659073
472,2,Florescent,ridge,full_mfcs,1.0,0.62,0.1621138767808808,0.17830403908659073
472,3,Florescent,ridge,full_ex,1.0,0.6,0.17829890355707076,0.18570060737128882
472,3,Florescent,ridge,full_1fcs,1.0,0.6,0.17829890355707076,0.18570060737128882
472,3,Florescent,ridge,full_mfcs,1.0,0.6,0.17829890355707076,0.18570060737128882
472,4,Florescent,ridge,full_ex,1.0,0.58,0.1819991684144408,0.19545487423668362
472,4,Florescent,ridge,full_1fcs,1.0,0.58,0.1819991684144408,0.19545487423668362
472,4,Florescent,ridge,full_mfcs,1.0,0.58,0.1819991684144408,0.19545487423668362
472,5,Florescent,ridge,full_ex,1.0,0.58,0.18648392934867014,0.16771601714736714
472,5,Florescent,ridge,full_1fcs,1.0,0.58,0.18648392934867014,0.16771601714736714
472,5,Florescent,ridge,full_mfcs,1.0,0.58,0.18648392934867014,0.16771601714736714
473,1,Florescent,ridge,full_ex,1.0,0.78,0.3453352217978482,0.3082814252443446
473,1,Florescent,ridge,full_1fcs,1.0,1.8,0.3453352217978482,0.3082814252443446
473,1,Florescent,ridge,full_mfcs,1.0,1.8,0.3453352217978482,0.3082814252443446
473,2,Florescent,ridge,full_ex,1.0,0.54,0.17103651705616488,0.197952194475713
473,2,Florescent,ridge,full_1fcs,1.0,0.68,0.17103651705616488,0.197952194475713
473,2,Florescent,ridge,full_mfcs,1.0,1.12,0.17103651705616488,0.197952194475713
473,3,Florescent,ridge,full_ex,1.0,0.56,0.19794641680526448,0.19860693062623302
473,3,Florescent,ridge,full_1fcs,1.0,0.7000000000000001,0.19794641680526448,0.19860693062623302
473,3,Florescent,ridge,full_mfcs,1.0,1.08,0.19794641680526448,0.19860693062623302
473,4,Florescent,ridge,full_ex,1.0,0.58,0.1982766382657403,0.19878750220260363
473,4,Florescent,ridge,full_1fcs,1.0,0.98,0.1982766382657403,0.19878750220260363
473,4,Florescent,ridge,full_mfcs,1.0,1.0,0.1982766382657403,0.19878750220260363
473,5,Florescent,ridge,full_ex,1.0,0.58,0.1984469140585135,0.1980546478800997
473,5,Florescent,ridge,full_1fcs,1.0,1.16,0.1984469140585135,0.1980546478800997
473,5,Florescent,ridge,full_mfcs,1.0,1.16,0.1984469140585135,0.1980546478800997
474,1,Florescent,ridge,full_ex,1.0,0.24,0.08888435134509888,0.20803711620653217
474,1,Florescent,ridge,full_1fcs,1.0,0.88,0.08888435134509888,0.20803711620653217
474,1,Florescent,ridge,full_mfcs,1.0,0.88,0.08888435134509888,0.20803711620653217
474,2,Florescent,ridge,full_ex,1.0,0.34,0.24031472408281768,0.32536244683125004
474,2,Florescent,ridge,full_1fcs,1.0,0.64,0.24031472408281768,0.32536244683125004
474,2,Florescent,ridge,full_mfcs,1.0,1.1,0.24031472408281768,0.32536244683125004
474,3,Florescent,ridge,full_ex,0.0,0.3,0.3253413150884333,0.13297195927097666
474,3,Florescent,ridge,full_1fcs,1.0,0.54,0.3253413150884333,0.13297195927097666
474,3,Florescent,ridge,full_mfcs,1.0,0.5,0.3253413150884333,0.13297195927097666
474,4,Florescent,ridge,full_ex,1.0,0.34,0.2291685881313738,0.29929305107622317
474,4,Florescent,ridge,full_1fcs,1.0,0.52,0.2291685881313738,0.29929305107622317
474,4,Florescent,ridge,full_mfcs,1.0,0.52,0.2291685881313738,0.29929305107622317
474,5,Florescent,ridge,full_ex,1.0,0.3,0.25254147281718525,0.23318133410404873
474,5,Florescent,ridge,full_1fcs,1.0,0.5,0.25254147281718525,0.23318133410404873
474,5,Florescent,ridge,full_mfcs,1.0,0.5,0.25254147281718525,0.23318133410404873
475,1,Florescent,ridge,full_ex,1.0,0.66,0.17988104104345654,0.1374732400270924
475,1,Florescent,ridge,full_1fcs,1.0,0.9,0.17988104104345654,0.1374732400270924
475,1,Florescent,ridge,full_mfcs,1.0,0.9,0.17988104104345654,0.1374732400270924
475,2,Florescent,ridge,full_ex,1.0,0.58,0.055654838166611376,0.11754370855371883
475,2,Florescent,ridge,full_1fcs,1.0,0.58,0.055654838166611376,0.11754370855371883
475,2,Florescent,ridge,full_mfcs,1.0,0.68,0.055654838166611376,0.11754370855371883
475,3,Florescent,ridge,full_ex,1.0,0.64,0.1175325672424418,0.08986799487449934
475,3,Florescent,ridge,full_1fcs,1.0,0.64,0.1175325672424418,0.08986799487449934
475,3,Florescent,ridge,full_mfcs,1.0,0.64,0.1175325672424418,0.08986799487449934
475,4,Florescent,ridge,full_ex,1.0,0.6,0.10370152622258041,0.014249459885856297
475,4,Florescent,ridge,full_1fcs,1.0,0.62,0.10370152622258041,0.014249459885856297
475,4,Florescent,ridge,full_mfcs,1.0,0.62,0.10370152622258041,0.014249459885856297
475,5,Florescent,ridge,full_ex,1.0,0.58,0.0738859602446405,0.07468145848309785
475,5,Florescent,ridge,full_1fcs,1.0,0.6,0.0738859602446405,0.07468145848309785
475,5,Florescent,ridge,full_mfcs,1.0,0.6,0.0738859602446405,0.07468145848309785
476,1,Florescent,ridge,full_ex,1.0,0.54,-0.09090678697272328,0.06912329999047122
476,1,Florescent,ridge,full_1fcs,1.0,0.7000000000000001,-0.09090678697272328,0.06912329999047122
476,1,Florescent,ridge,full_mfcs,1.0,0.7000000000000001,-0.09090678697272328,0.06912329999047122
476,2,Florescent,ridge,full_ex,1.0,0.9,0.22336476380563347,0.1474220684004479
476,2,Florescent,ridge,full_1fcs,1.0,0.9,0.22336476380563347,0.1474220684004479
476,2,Florescent,ridge,full_mfcs,1.0,1.0,0.22336476380563347,0.1474220684004479
476,3,Florescent,ridge,full_ex,1.0,0.78,0.14743450146047535,0.1215365933452459
476,3,Florescent,ridge,full_1fcs,1.0,0.78,0.14743450146047535,0.1215365933452459
476,3,Florescent,ridge,full_mfcs,1.0,0.84,0.14743450146047535,0.1215365933452459
476,4,Florescent,ridge,full_ex,1.0,0.76,0.1344866074643305,0.09642115324168796
476,4,Florescent,ridge,full_1fcs,1.0,0.76,0.1344866074643305,0.09642115324168796
476,4,Florescent,ridge,full_mfcs,1.0,0.8200000000000001,0.1344866074643305,0.09642115324168796
476,5,Florescent,ridge,full_ex,1.0,0.74,0.12179881523829873,0.13799360462695112
476,5,Florescent,ridge,full_1fcs,1.0,0.74,0.12179881523829873,0.13799360462695112
476,5,Florescent,ridge,full_mfcs,1.0,0.8,0.12179881523829873,0.13799360462695112
477,1,Florescent,ridge,full_ex,1.0,0.54,3.319483948902892e-05,0.0
477,1,Florescent,ridge,full_1fcs,1.0,0.58,3.319483948902892e-05,0.0
477,1,Florescent,ridge,full_mfcs,1.0,0.58,3.319483948902892e-05,0.0
477,2,Florescent,ridge,full_ex,1.0,0.6,0.10315258132283667,0.0669153529502561
477,2,Florescent,ridge,full_1fcs,1.0,0.6,0.10315258132283667,0.0669153529502561
477,2,Florescent,ridge,full_mfcs,1.0,1.42,0.10315258132283667,0.0669153529502561
477,3,Florescent,ridge,full_ex,1.0,0.48,0.06692008755684807,0.09453632754512743
477,3,Florescent,ridge,full_1fcs,1.0,0.48,0.06692008755684807,0.09453632754512743
477,3,Florescent,ridge,full_mfcs,1.0,1.36,0.06692008755684807,0.09453632754512743
477,4,Florescent,ridge,full_ex,1.0,0.48,0.08072730543605815,0.09629960354126657
477,4,Florescent,ridge,full_1fcs,1.0,0.48,0.08072730543605815,0.09629960354126657
477,4,Florescent,ridge,full_mfcs,1.0,1.1,0.08072730543605815,0.09629960354126657
477,5,Florescent,ridge,full_ex,1.0,0.5,0.08591784538413808,0.04509364994575801
477,5,Florescent,ridge,full_1fcs,1.0,0.5,0.08591784538413808,0.04509364994575801
477,5,Florescent,ridge,full_mfcs,1.0,1.5,0.08591784538413808,0.04509364994575801
478,1,Florescent,ridge,full_ex,1.0,1.1400000000000001,0.4376883376811045,0.19234918451268831
478,1,Florescent,ridge,full_1fcs,1.0,1.56,0.4376883376811045,0.19234918451268831
478,1,Florescent,ridge,full_mfcs,1.0,1.56,0.4376883376811045,0.19234918451268831
478,2,Florescent,ridge,full_ex,1.0,0.88,0.08174982837821662,0.15916655716573241
478,2,Florescent,ridge,full_1fcs,1.0,0.56,0.08174982837821662,0.15916655716573241
478,2,Florescent,ridge,full_mfcs,1.0,0.74,0.08174982837821662,0.15916655716573241
478,3,Florescent,ridge,full_ex,1.0,0.92,0.1591360615530373,0.1566097605566322
478,3,Florescent,ridge,full_1fcs,1.0,0.62,0.1591360615530373,0.1566097605566322
478,3,Florescent,ridge,full_mfcs,1.0,0.62,0.1591360615530373,0.1566097605566322
478,4,Florescent,ridge,full_ex,1.0,0.9,0.15787315988997916,0.15937866819215438
478,4,Florescent,ridge,full_1fcs,1.0,0.62,0.15787315988997916,0.15937866819215438
478,4,Florescent,ridge,full_mfcs,1.0,0.74,0.15787315988997916,0.15937866819215438
478,5,Florescent,ridge,full_ex,1.0,0.88,0.15837493008009326,0.15765918779142582
478,5,Florescent,ridge,full_1fcs,1.0,0.76,0.15837493008009326,0.15765918779142582
478,5,Florescent,ridge,full_mfcs,1.0,0.8200000000000001,0.15837493008009326,0.15765918779142582
479,1,Florescent,ridge,full_ex,1.0,0.72,0.29953136016606646,0.15921757115190024
479,1,Florescent,ridge,full_1fcs,1.0,1.54,0.29953136016606646,0.15921757115190024
479,1,Florescent,ridge,full_mfcs,1.0,1.54,0.29953136016606646,0.15921757115190024
479,2,Florescent,ridge,full_ex,1.0,0.7000000000000001,0.11761635554971227,0.045418611763003804
479,2,Florescent,ridge,full_1fcs,1.0,0.7000000000000001,0.11761635554971227,0.045418611763003804
479,2,Florescent,ridge,full_mfcs,1.0,0.96,0.11761635554971227,0.045418611763003804
479,3,Florescent,ridge,full_ex,1.0,0.6,0.04544181186993591,0.08736806166822025
479,3,Florescent,ridge,full_1fcs,1.0,0.6,0.04544181186993591,0.08736806166822025
479,3,Florescent,ridge,full_mfcs,1.0,0.6,0.04544181186993591,0.08736806166822025
479,4,Florescent,ridge,full_ex,1.0,0.6,0.06640156807000228,0.07233814471200473
479,4,Florescent,ridge,full_1fcs,1.0,0.6,0.06640156807000228,0.07233814471200473
479,4,Florescent,ridge,full_mfcs,1.0,0.6,0.06640156807000228,0.07233814471200473
479,5,Florescent,ridge,full_ex,1.0,0.6,0.06838021494217585,0.09034587491993964
479,5,Florescent,ridge,full_1fcs,1.0,0.6,0.06838021494217585,0.09034587491993964
479,5,Florescent,ridge,full_mfcs,1.0,0.6,0.06838021494217585,0.09034587491993964
480,1,Florescent,ridge,full_ex,1.0,0.54,0.190532247898446,0.10704498666817178
480,1,Florescent,ridge,full_1fcs,1.0,0.74,0.190532247898446,0.10704498666817178
480,1,Florescent,ridge,full_mfcs,1.0,0.74,0.190532247898446,0.10704498666817178
480,2,Florescent,ridge,full_ex,1.0,0.42,0.054633361007980955,0.13657392895369222
480,2,Florescent,ridge,full_1fcs,1.0,0.34,0.054633361007980955,0.13657392895369222
480,2,Florescent,ridge,full_mfcs,1.0,0.7000000000000001,0.054633361007980955,0.13657392895369222
480,3,Florescent,ridge,full_ex,1.0,0.48,0.13656160200561665,0.14111497777345725
480,3,Florescent,ridge,full_1fcs,1.0,0.42,0.13656160200561665,0.14111497777345725
480,3,Florescent,ridge,full_mfcs,1.0,0.48,0.13656160200561665,0.14111497777345725
480,4,Florescent,ridge,full_ex,1.0,0.48,0.13883811862662054,0.13284848702294366
480,4,Florescent,ridge,full_1fcs,1.0,0.42,0.13883811862662054,0.13284848702294366
480,4,Florescent,ridge,full_mfcs,1.0,0.48,0.13883811862662054,0.13284848702294366
480,5,Florescent,ridge,full_ex,1.0,0.48,0.1368416748873703,0.13195213399072234
480,5,Florescent,ridge,full_1fcs,1.0,0.42,0.1368416748873703,0.13195213399072234
480,5,Florescent,ridge,full_mfcs,1.0,0.48,0.1368416748873703,0.13195213399072234
481,1,Florescent,ridge,full_ex,1.0,0.58,0.24343733102242354,0.061658716476551606
481,1,Florescent,ridge,full_1fcs,1.0,1.58,0.24343733102242354,0.061658716476551606
481,1,Florescent,ridge,full_mfcs,1.0,1.58,0.24343733102242354,0.061658716476551606
481,2,Florescent,ridge,full_ex,1.0,0.38,0.036193455961802554,0.09182560819870637
481,2,Florescent,ridge,full_1fcs,1.0,0.38,0.036193455961802554,0.09182560819870637
481,2,Florescent,ridge,full_mfcs,1.0,0.54,0.036193455961802554,0.09182560819870637
481,3,Florescent,ridge,full_ex,1.0,0.46,0.09181171652114455,0.08458600137435301
481,3,Florescent,ridge,full_1fcs,1.0,0.46,0.09181171652114455,0.08458600137435301
481,3,Florescent,ridge,full_mfcs,1.0,0.46,0.09181171652114455,0.08458600137435301
481,4,Florescent,ridge,full_ex,1.0,0.48,0.08819931007876385,0.0857317943308035
481,4,Florescent,ridge,full_1fcs,1.0,0.48,0.08819931007876385,0.0857317943308035
481,4,Florescent,ridge,full_mfcs,1.0,0.48,0.08819931007876385,0.0857317943308035
481,5,Florescent,ridge,full_ex,1.0,0.48,0.08737687330320094,0.08227093865143144
481,5,Florescent,ridge,full_1fcs,1.0,0.48,0.08737687330320094,0.08227093865143144
481,5,Florescent,ridge,full_mfcs,1.0,0.48,0.08737687330320094,0.08227093865143144
482,1,Florescent,ridge,full_ex,1.0,0.78,0.24801495841810373,0.2012633410685042
482,1,Florescent,ridge,full_1fcs,1.0,1.24,0.24801495841810373,0.2012633410685042
482,1,Florescent,ridge,full_mfcs,1.0,1.24,0.24801495841810373,0.2012633410685042
482,2,Florescent,ridge,full_ex,1.0,0.72,0.19932710789429953,0.1407539175054705
482,2,Florescent,ridge,full_1fcs,1.0,0.72,0.19932710789429953,0.1407539175054705
482,2,Florescent,ridge,full_mfcs,1.0,0.92,0.19932710789429953,0.1407539175054705
482,3,Florescent,ridge,full_ex,1.0,0.68,0.14076624902532597,0.15914398550850345
482,3,Florescent,ridge,full_1fcs,1.0,0.68,0.14076624902532597,0.15914398550850345
482,3,Florescent,ridge,full_mfcs,1.0,0.68,0.14076624902532597,0.15914398550850345
482,4,Florescent,ridge,full_ex,1.0,0.7000000000000001,0.1499541498907703,0.031880239484171874
482,4,Florescent,ridge,full_1fcs,1.0,0.7000000000000001,0.1499541498907703,0.031880239484171874
482,4,Florescent,ridge,full_mfcs,1.0,0.7000000000000001,0.1499541498907703,0.031880239484171874
482,5,Florescent,ridge,full_ex,1.0,0.66,0.11059894217717463,0.12756417716114127
482,5,Florescent,ridge,full_1fcs,1.0,0.66,0.11059894217717463,0.12756417716114127
482,5,Florescent,ridge,full_mfcs,1.0,0.66,0.11059894217717463,0.12756417716114127
483,1,Florescent,ridge,full_ex,0.0,0.54,0.14539071018095112,1.4873757218000998
483,1,Florescent,ridge,full_1fcs,0.0,1.16,0.14539071018095112,1.4873757218000998
483,1,Florescent,ridge,full_mfcs,0.0,1.16,0.14539071018095112,1.4873757218000998
483,2,Florescent,ridge,full_ex,1.0,1.2,1.2097950823133161,1.1340684692227465
483,2,Florescent,ridge,full_1fcs,1.0,2.22,1.2097950823133161,1.1340684692227465
483,2,Florescent,ridge,full_mfcs,1.0,2.22,1.2097950823133161,1.1340684692227465
483,3,Florescent,ridge,full_ex,1.0,1.24,1.1340911873772206,1.1333527234515262
483,3,Florescent,ridge,full_1fcs,1.0,1.54,1.1340911873772206,1.1333527234515262
483,3,Florescent,ridge,full_mfcs,1.0,1.6,1.1340911873772206,1.1333527234515262
483,4,Florescent,ridge,full_ex,1.0,1.24,1.1337220108083692,1.1360303109438914
483,4,Florescent,ridge,full_1fcs,1.0,1.6400000000000001,1.1337220108083692,1.1360303109438914
483,4,Florescent,ridge,full_mfcs,1.0,1.56,1.1337220108083692,1.1360303109438914
483,5,Florescent,ridge,full_ex,1.0,1.28,1.1344913672268346,1.1823382731931709
483,5,Florescent,ridge,full_1fcs,1.0,1.68,1.1344913672268346,1.1823382731931709
483,5,Florescent,ridge,full_mfcs,1.0,1.68,1.1344913672268346,1.1823382731931709
484,1,Florescent,ridge,full_ex,1.0,0.86,0.2061688467012592,0.13972535150260823
484,1,Florescent,ridge,full_1fcs,1.0,1.3800000000000001,0.2061688467012592,0.13972535150260823
484,1,Florescent,ridge,full_mfcs,1.0,1.3800000000000001,0.2061688467012592,0.13972535150260823
484,2,Florescent,ridge,full_ex,1.0,1.16,0.47493451810446763,0.18046853536081828
484,2,Florescent,ridge,full_1fcs,1.0,1.7,0.47493451810446763,0.18046853536081828
484,2,Florescent,ridge,full_mfcs,1.0,1.7,0.47493451810446763,0.18046853536081828
484,3,Florescent,ridge,full_ex,1.0,0.78,0.18057553587714284,0.15346405193642412
484,3,Florescent,ridge,full_1fcs,1.0,1.1400000000000001,0.18057553587714284,0.15346405193642412
484,3,Florescent,ridge,full_mfcs,1.0,1.1400000000000001,0.18057553587714284,0.15346405193642412
484,4,Florescent,ridge,full_ex,1.0,0.8,0.1670222572383333,0.1970202031128233
484,4,Florescent,ridge,full_1fcs,1.0,1.08,0.1670222572383333,0.1970202031128233
484,4,Florescent,ridge,full_mfcs,1.0,1.08,0.1670222572383333,0.1970202031128233
484,5,Florescent,ridge,full_ex,1.0,0.8200000000000001,0.17702036108252256,0.1494896962667374
484,5,Florescent,ridge,full_1fcs,1.0,1.06,0.17702036108252256,0.1494896962667374
484,5,Florescent,ridge,full_mfcs,1.0,1.06,0.17702036108252256,0.1494896962667374
485,1,Florescent,ridge,full_ex,1.0,0.64,0.22154788390867725,0.12210104300451056
485,1,Florescent,ridge,full_1fcs,1.0,1.12,0.22154788390867725,0.12210104300451056
485,1,Florescent,ridge,full_mfcs,1.0,1.12,0.22154788390867725,0.12210104300451056
485,2,Florescent,ridge,full_ex,1.0,0.68,0.19706624549935758,0.07951057131325077
485,2,Florescent,ridge,full_1fcs,1.0,0.9400000000000001,0.19706624549935758,0.07951057131325077
485,2,Florescent,ridge,full_mfcs,1.0,1.3,0.19706624549935758,0.07951057131325077
485,3,Florescent,ridge,full_ex,1.0,0.58,0.07953096541100191,0.003979669518443751
485,3,Florescent,ridge,full_1fcs,1.0,0.58,0.07953096541100191,0.003979669518443751
485,3,Florescent,ridge,full_mfcs,1.0,0.58,0.07953096541100191,0.003979669518443751
485,4,Florescent,ridge,full_ex,1.0,0.56,0.041758594495532965,0.04304415533655927
485,4,Florescent,ridge,full_1fcs,1.0,0.56,0.041758594495532965,0.04304415533655927
485,4,Florescent,ridge,full_mfcs,1.0,0.56,0.041758594495532965,0.04304415533655927
485,5,Florescent,ridge,full_ex,1.0,0.56,0.04218708999304497,0.09790713586739881
485,5,Florescent,ridge,full_1fcs,1.0,0.56,0.04218708999304497,0.09790713586739881
485,5,Florescent,ridge,full_mfcs,1.0,0.56,0.04218708999304497,0.09790713586739881
486,1,Florescent,ridge,full_ex,0.0,1.08,0.5321456177148162,1.336322483440559
486,1,Florescent,ridge,full_1fcs,0.0,1.84,0.5321456177148162,1.336322483440559
486,1,Florescent,ridge,full_mfcs,0.0,1.84,0.5321456177148162,1.336322483440559
486,2,Florescent,ridge,full_ex,0.0,1.24,0.6502142808487956,1.4347858048599027
486,2,Florescent,ridge,full_1fcs,0.0,1.98,0.6502142808487956,1.4347858048599027
486,2,Florescent,ridge,full_mfcs,0.0,2.08,0.6502142808487956,1.4347858048599027
486,3,Florescent,ridge,full_ex,1.0,1.3,1.434688602836731,1.431146772862796
486,3,Florescent,ridge,full_1fcs,1.0,1.8800000000000001,1.434688602836731,1.431146772862796
486,3,Florescent,ridge,full_mfcs,1.0,2.1,1.434688602836731,1.431146772862796
486,4,Florescent,ridge,full_ex,1.0,1.2,1.4329177975580287,1.4662454588003844
486,4,Florescent,ridge,full_1fcs,1.0,1.98,1.4329177975580287,1.4662454588003844
486,4,Florescent,ridge,full_mfcs,1.0,1.6600000000000001,1.4329177975580287,1.4662454588003844
486,5,Florescent,ridge,full_ex,1.0,1.22,1.4440265591512145,1.4043602423743162
486,5,Florescent,ridge,full_1fcs,1.0,2.02,1.4440265591512145,1.4043602423743162
486,5,Florescent,ridge,full_mfcs,1.0,1.72,1.4440265591512145,1.4043602423743162
487,1,Florescent,ridge,full_ex,1.0,0.8,0.11704101163224301,0.17085360733156515
487,1,Florescent,ridge,full_1fcs,1.0,0.72,0.11704101163224301,0.17085360733156515
487,1,Florescent,ridge,full_mfcs,1.0,0.72,0.11704101163224301,0.17085360733156515
487,2,Florescent,ridge,full_ex,1.0,0.72,0.1625783117345474,0.1850409726213472
487,2,Florescent,ridge,full_1fcs,1.0,0.8,0.1625783117345474,0.1850409726213472
487,2,Florescent,ridge,full_mfcs,1.0,1.16,0.1625783117345474,0.1850409726213472
487,3,Florescent,ridge,full_ex,1.0,0.76,0.1850372251135057,0.1729662649070943
487,3,Florescent,ridge,full_1fcs,1.0,0.74,0.1850372251135057,0.1729662649070943
487,3,Florescent,ridge,full_mfcs,1.0,0.74,0.1850372251135057,0.1729662649070943
487,4,Florescent,ridge,full_ex,1.0,0.78,0.17900224851085583,0.18805766199632212
487,4,Florescent,ridge,full_1fcs,1.0,0.74,0.17900224851085583,0.18805766199632212
487,4,Florescent,ridge,full_mfcs,1.0,0.74,0.17900224851085583,0.18805766199632212
487,5,Florescent,ridge,full_ex,1.0,0.78,0.18202055179445784,0.09741506465725913
487,5,Florescent,ridge,full_1fcs,1.0,0.74,0.18202055179445784,0.09741506465725913
487,5,Florescent,ridge,full_mfcs,1.0,0.74,0.18202055179445784,0.09741506465725913
488,1,Florescent,ridge,full_ex,1.0,1.1400000000000001,0.4295538033983586,0.11142451488383023
488,1,Florescent,ridge,full_1fcs,1.0,2.1,0.4295538033983586,0.11142451488383023
488,1,Florescent,ridge,full_mfcs,1.0,2.1,0.4295538033983586,0.11142451488383023
488,2,Florescent,ridge,full_ex,1.0,0.9,0.20132113952490754,0.12066912013152074
488,2,Florescent,ridge,full_1fcs,1.0,0.8200000000000001,0.20132113952490754,0.12066912013152074
488,2,Florescent,ridge,full_mfcs,1.0,0.8200000000000001,0.20132113952490754,0.12066912013152074
488,3,Florescent,ridge,full_ex,1.0,0.84,0.12069415034158411,0.08496680467751824
488,3,Florescent,ridge,full_1fcs,1.0,0.78,0.12069415034158411,0.08496680467751824
488,3,Florescent,ridge,full_mfcs,1.0,0.84,0.12069415034158411,0.08496680467751824
488,4,Florescent,ridge,full_ex,1.0,0.8200000000000001,0.10283324991975004,0.09607461524013645
488,4,Florescent,ridge,full_1fcs,1.0,0.8,0.10283324991975004,0.09607461524013645
488,4,Florescent,ridge,full_mfcs,1.0,0.8,0.10283324991975004,0.09607461524013645
488,5,Florescent,ridge,full_ex,1.0,0.8200000000000001,0.1005806048015143,0.05819561501871684
488,5,Florescent,ridge,full_1fcs,1.0,0.78,0.1005806048015143,0.05819561501871684
488,5,Florescent,ridge,full_mfcs,1.0,0.78,0.1005806048015143,0.05819561501871684
489,1,Florescent,ridge,full_ex,1.0,0.34,0.004234717941184496,0.21769822330218522
489,1,Florescent,ridge,full_1fcs,1.0,0.42,0.004234717941184496,0.21769822330218522
489,1,Florescent,ridge,full_mfcs,1.0,0.42,0.004234717941184496,0.21769822330218522
489,2,Florescent,ridge,full_ex,1.0,0.48,0.006519537848425697,0.07167289161499044
489,2,Florescent,ridge,full_1fcs,1.0,0.6,0.006519537848425697,0.07167289161499044
489,2,Florescent,ridge,full_mfcs,1.0,0.6,0.006519537848425697,0.07167289161499044
489,3,Florescent,ridge,full_ex,1.0,0.4,0.07164584071105687,0.09440652642219266
489,3,Florescent,ridge,full_1fcs,1.0,0.52,0.07164584071105687,0.09440652642219266
489,3,Florescent,ridge,full_mfcs,1.0,0.7000000000000001,0.07164584071105687,0.09440652642219266
489,4,Florescent,ridge,full_ex,1.0,0.4,0.08302382058286806,0.10656794585078185
489,4,Florescent,ridge,full_1fcs,1.0,0.66,0.08302382058286806,0.10656794585078185
489,4,Florescent,ridge,full_mfcs,1.0,0.78,0.08302382058286806,0.10656794585078185
489,5,Florescent,ridge,full_ex,1.0,0.42,0.09087077590073311,0.08149455674030323
489,5,Florescent,ridge,full_1fcs,1.0,0.78,0.09087077590073311,0.08149455674030323
489,5,Florescent,ridge,full_mfcs,1.0,0.78,0.09087077590073311,0.08149455674030323
490,1,Florescent,ridge,full_ex,0.0,1.08,0.6186862265398059,1.4519697109675154
490,1,Florescent,ridge,full_1fcs,1.0,2.22,0.6186862265398059,1.4519697109675154
490,1,Florescent,ridge,full_mfcs,1.0,2.22,0.6186862265398059,1.4519697109675154
490,2,Florescent,ridge,full_ex,1.0,0.84,0.37385829991703756,0.10949316571792751
490,2,Florescent,ridge,full_1fcs,1.0,1.02,0.37385829991703756,0.10949316571792751
490,2,Florescent,ridge,full_mfcs,1.0,1.2,0.37385829991703756,0.10949316571792751
490,3,Florescent,ridge,full_ex,1.0,0.66,0.10957023871606147,0.11079976337271122
490,3,Florescent,ridge,full_1fcs,1.0,0.9,0.10957023871606147,0.11079976337271122
490,3,Florescent,ridge,full_mfcs,1.0,0.9,0.10957023871606147,0.11079976337271122
490,4,Florescent,ridge,full_ex,1.0,0.7000000000000001,0.11018491141749782,0.11096417432544661
490,4,Florescent,ridge,full_1fcs,1.0,0.92,0.11018491141749782,0.11096417432544661
490,4,Florescent,ridge,full_mfcs,1.0,0.92,0.11018491141749782,0.11096417432544661
490,5,Florescent,ridge,full_ex,1.0,0.72,0.11044464047196789,0.12676779530084034
490,5,Florescent,ridge,full_1fcs,1.0,0.9400000000000001,0.11044464047196789,0.12676779530084034
490,5,Florescent,ridge,full_mfcs,1.0,0.9400000000000001,0.11044464047196789,0.12676779530084034
491,1,Florescent,ridge,full_ex,1.0,0.92,0.2894094882454457,0.1880108312921155
491,1,Florescent,ridge,full_1fcs,1.0,1.24,0.2894094882454457,0.1880108312921155
491,1,Florescent,ridge,full_mfcs,1.0,1.24,0.2894094882454457,0.1880108312921155
491,2,Florescent,ridge,full_ex,1.0,0.9,0.16827509011302708,0.22648417473399984
491,2,Florescent,ridge,full_1fcs,1.0,0.9,0.16827509011302708,0.22648417473399984
491,2,Florescent,ridge,full_mfcs,1.0,1.02,0.16827509011302708,0.22648417473399984
491,3,Florescent,ridge,full_ex,1.0,0.9400000000000001,0.22647405562674355,0.21871734573820792
491,3,Florescent,ridge,full_1fcs,1.0,0.9400000000000001,0.22647405562674355,0.21871734573820792
491,3,Florescent,ridge,full_mfcs,1.0,1.6600000000000001,0.22647405562674355,0.21871734573820792
491,4,Florescent,ridge,full_ex,1.0,0.9400000000000001,0.22259603781944612,0.2653361446178115
491,4,Florescent,ridge,full_1fcs,1.0,0.9400000000000001,0.22259603781944612,0.2653361446178115
491,4,Florescent,ridge,full_mfcs,1.0,1.0,0.22259603781944612,0.2653361446178115
491,5,Florescent,ridge,full_ex,1.0,0.9400000000000001,0.2368419144386374,0.19436652919044886
491,5,Florescent,ridge,full_1fcs,1.0,0.9400000000000001,0.2368419144386374,0.19436652919044886
491,5,Florescent,ridge,full_mfcs,1.0,1.0,0.2368419144386374,0.19436652919044886
492,1,Florescent,ridge,full_ex,1.0,0.6,0.19741013551241393,0.08297556603482918
492,1,Florescent,ridge,full_1fcs,1.0,1.3800000000000001,0.19741013551241393,0.08297556603482918
492,1,Florescent,ridge,full_mfcs,1.0,1.3800000000000001,0.19741013551241393,0.08297556603482918
492,2,Florescent,ridge,full_ex,1.0,0.42,0.003432047082497476,0.08168431405380609
492,2,Florescent,ridge,full_1fcs,1.0,0.76,0.003432047082497476,0.08168431405380609
492,2,Florescent,ridge,full_mfcs,1.0,0.76,0.003432047082497476,0.08168431405380609
492,3,Florescent,ridge,full_ex,1.0,0.48,0.08166710052477259,0.11303885137271752
492,3,Florescent,ridge,full_1fcs,1.0,0.66,0.08166710052477259,0.11303885137271752
492,3,Florescent,ridge,full_mfcs,1.0,0.66,0.08166710052477259,0.11303885137271752
492,4,Florescent,ridge,full_ex,1.0,0.5,0.0973512505110517,0.0977944786516035
492,4,Florescent,ridge,full_1fcs,1.0,0.64,0.0973512505110517,0.0977944786516035
492,4,Florescent,ridge,full_mfcs,1.0,0.64,0.0973512505110517,0.0977944786516035
492,5,Florescent,ridge,full_ex,1.0,0.5,0.09749898238867333,0.061099428402780015
492,5,Florescent,ridge,full_1fcs,1.0,0.6,0.09749898238867333,0.061099428402780015
492,5,Florescent,ridge,full_mfcs,1.0,0.6,0.09749898238867333,0.061099428402780015
493,1,Florescent,ridge,full_ex,1.0,0.7000000000000001,0.12657777408518855,0.10783249742430634
493,1,Florescent,ridge,full_1fcs,1.0,0.84,0.12657777408518855,0.10783249742430634
493,1,Florescent,ridge,full_mfcs,1.0,0.84,0.12657777408518855,0.10783249742430634
493,2,Florescent,ridge,full_ex,1.0,0.64,0.037122496281216485,0.09517414028091298
493,2,Florescent,ridge,full_1fcs,1.0,0.64,0.037122496281216485,0.09517414028091298
493,2,Florescent,ridge,full_mfcs,1.0,0.64,0.037122496281216485,0.09517414028091298
493,3,Florescent,ridge,full_ex,1.0,0.7000000000000001,0.09516107800177465,0.15735231134534203
493,3,Florescent,ridge,full_1fcs,1.0,0.7000000000000001,0.09516107800177465,0.15735231134534203
493,3,Florescent,ridge,full_mfcs,1.0,0.7000000000000001,0.09516107800177465,0.15735231134534203
493,4,Florescent,ridge,full_ex,1.0,0.72,0.12625319584632066,0.10743121754178113
493,4,Florescent,ridge,full_1fcs,1.0,0.72,0.12625319584632066,0.10743121754178113
493,4,Florescent,ridge,full_mfcs,1.0,0.74,0.12625319584632066,0.10743121754178113
493,5,Florescent,ridge,full_ex,1.0,0.7000000000000001,0.11997967372042952,0.096376972653839
493,5,Florescent,ridge,full_1fcs,1.0,0.7000000000000001,0.11997967372042952,0.096376972653839
493,5,Florescent,ridge,full_mfcs,1.0,0.72,0.11997967372042952,0.096376972653839
494,1,Florescent,ridge,full_ex,1.0,0.4,0.09170729183066773,0.12109481075311222
494,1,Florescent,ridge,full_1fcs,1.0,1.36,0.09170729183066773,0.12109481075311222
494,1,Florescent,ridge,full_mfcs,1.0,1.36,0.09170729183066773,0.12109481075311222
494,2,Florescent,ridge,full_ex,1.0,0.52,0.25565016424357745,0.16105474700928282
494,2,Florescent,ridge,full_1fcs,1.0,1.54,0.25565016424357745,0.16105474700928282
494,2,Florescent,ridge,full_mfcs,1.0,1.74,0.25565016424357745,0.16105474700928282
494,3,Florescent,ridge,full_ex,1.0,0.42,0.16107156351747193,0.16018238188392592
494,3,Florescent,ridge,full_1fcs,1.0,0.86,0.16107156351747193,0.16018238188392592
494,3,Florescent,ridge,full_mfcs,1.0,1.0,0.16107156351747193,0.16018238188392592
494,4,Florescent,ridge,full_ex,1.0,0.42,0.16062701222171757,0.16097247680541338
494,4,Florescent,ridge,full_1fcs,1.0,1.02,0.16062701222171757,0.16097247680541338
494,4,Florescent,ridge,full_mfcs,1.0,1.02,0.16062701222171757,0.16097247680541338
494,5,Florescent,ridge,full_ex,1.0,0.42,0.16074216025850535,0.16195468470112978
494,5,Florescent,ridge,full_1fcs,1.0,1.04,0.16074216025850535,0.16195468470112978
494,5,Florescent,ridge,full_mfcs,1.0,1.04,0.16074216025850535,0.16195468470112978
495,1,Florescent,ridge,full_ex,1.0,0.98,0.39045030951697923,0.12171759285659715
495,1,Florescent,ridge,full_1fcs,1.0,1.68,0.39045030951697923,0.12171759285659715
495,1,Florescent,ridge,full_mfcs,1.0,1.68,0.39045030951697923,0.12171759285659715
495,2,Florescent,ridge,full_ex,1.0,0.66,0.04956535625016265,0.580410994741233
495,2,Florescent,ridge,full_1fcs,1.0,0.66,0.04956535625016265,0.580410994741233
495,2,Florescent,ridge,full_mfcs,1.0,0.88,0.04956535625016265,0.580410994741233
495,3,Florescent,ridge,full_ex,1.0,1.36,0.580256931535058,0.6219295373544081
495,3,Florescent,ridge,full_1fcs,1.0,1.36,0.580256931535058,0.6219295373544081
495,3,Florescent,ridge,full_mfcs,1.0,1.4000000000000001,0.580256931535058,0.6219295373544081
495,4,Florescent,ridge,full_ex,1.0,1.28,0.6010902104263707,0.6217309836931737
495,4,Florescent,ridge,full_1fcs,1.0,1.32,0.6010902104263707,0.6217309836931737
495,4,Florescent,ridge,full_mfcs,1.0,1.32,0.6010902104263707,0.6217309836931737
495,5,Florescent,ridge,full_ex,1.0,1.24,0.6079698024519227,0.6405536691062392
495,5,Florescent,ridge,full_1fcs,1.0,1.28,0.6079698024519227,0.6405536691062392
495,5,Florescent,ridge,full_mfcs,1.0,1.28,0.6079698024519227,0.6405536691062392
496,1,Florescent,ridge,full_ex,1.0,0.58,0.03184728802113208,0.3301971996250435
496,1,Florescent,ridge,full_1fcs,1.0,0.54,0.03184728802113208,0.3301971996250435
496,1,Florescent,ridge,full_mfcs,1.0,0.54,0.03184728802113208,0.3301971996250435
496,2,Florescent,ridge,full_ex,1.0,0.84,0.33219786481524377,0.2337159431816841
496,2,Florescent,ridge,full_1fcs,1.0,1.28,0.33219786481524377,0.2337159431816841
496,2,Florescent,ridge,full_mfcs,1.0,1.72,0.33219786481524377,0.2337159431816841
496,3,Florescent,ridge,full_ex,1.0,0.78,0.23373115575567513,0.19962190804140578
496,3,Florescent,ridge,full_1fcs,1.0,0.7000000000000001,0.23373115575567513,0.19962190804140578
496,3,Florescent,ridge,full_mfcs,1.0,0.7000000000000001,0.23373115575567513,0.19962190804140578
496,4,Florescent,ridge,full_ex,1.0,0.76,0.21667784922021277,0.17482335707212704
496,4,Florescent,ridge,full_1fcs,1.0,0.7000000000000001,0.21667784922021277,0.17482335707212704
496,4,Florescent,ridge,full_mfcs,1.0,0.7000000000000001,0.21667784922021277,0.17482335707212704
496,5,Florescent,ridge,full_ex,1.0,0.76,0.20272707027852835,0.1899290625665119
496,5,Florescent,ridge,full_1fcs,1.0,0.68,0.20272707027852835,0.1899290625665119
496,5,Florescent,ridge,full_mfcs,1.0,0.68,0.20272707027852835,0.1899290625665119
497,1,Florescent,ridge,full_ex,1.0,0.62,0.1628023307682161,0.20542446565811018
497,1,Florescent,ridge,full_1fcs,1.0,1.22,0.1628023307682161,0.20542446565811018
497,1,Florescent,ridge,full_mfcs,1.0,1.22,0.1628023307682161,0.20542446565811018
497,2,Florescent,ridge,full_ex,1.0,0.7000000000000001,0.288570261725918,0.14573164973888486
497,2,Florescent,ridge,full_1fcs,1.0,0.8,0.288570261725918,0.14573164973888486
497,2,Florescent,ridge,full_mfcs,1.0,1.16,0.288570261725918,0.14573164973888486
497,3,Florescent,ridge,full_ex,1.0,0.58,0.14577499910282488,0.10822570812915397
497,3,Florescent,ridge,full_1fcs,1.0,0.58,0.14577499910282488,0.10822570812915397
497,3,Florescent,ridge,full_mfcs,1.0,0.8,0.14577499910282488,0.10822570812915397
497,4,Florescent,ridge,full_ex,1.0,0.58,0.1270032029595679,0.11113240987296538
497,4,Florescent,ridge,full_1fcs,1.0,0.58,0.1270032029595679,0.11113240987296538
497,4,Florescent,ridge,full_mfcs,1.0,0.76,0.1270032029595679,0.11113240987296538
497,5,Florescent,ridge,full_ex,1.0,0.58,0.12171347387763591,0.12139625254940672
497,5,Florescent,ridge,full_1fcs,1.0,0.58,0.12171347387763591,0.12139625254940672
497,5,Florescent,ridge,full_mfcs,1.0,1.08,0.12171347387763591,0.12139625254940672
498,1,Florescent,ridge,full_ex,1.0,0.28,0.0593997348637278,0.10988257606133227
498,1,Florescent,ridge,full_1fcs,1.0,0.9,0.0593997348637278,0.10988257606133227
498,1,Florescent,ridge,full_mfcs,1.0,0.9,0.0593997348637278,0.10988257606133227
498,2,Florescent,ridge,full_ex,1.0,0.38,0.16422795547267302,0.18565913651195648
498,2,Florescent,ridge,full_1fcs,1.0,0.38,0.16422795547267302,0.18565913651195648
498,2,Florescent,ridge,full_mfcs,1.0,0.38,0.16422795547267302,0.18565913651195648
498,3,Florescent,ridge,full_ex,1.0,0.4,0.18565070101856296,0.13137580396752963
498,3,Florescent,ridge,full_1fcs,1.0,0.4,0.18565070101856296,0.13137580396752963
498,3,Florescent,ridge,full_mfcs,1.0,0.4,0.18565070101856296,0.13137580396752963
498,4,Florescent,ridge,full_ex,1.0,0.36,0.15851859430870516,0.14021481695720464
498,4,Florescent,ridge,full_1fcs,1.0,0.36,0.15851859430870516,0.14021481695720464
498,4,Florescent,ridge,full_mfcs,1.0,0.36,0.15851859430870516,0.14021481695720464
498,5,Florescent,ridge,full_ex,1.0,0.36,0.1524181359039977,0.1383287735553519
498,5,Florescent,ridge,full_1fcs,1.0,0.36,0.1524181359039977,0.1383287735553519
498,5,Florescent,ridge,full_mfcs,1.0,0.36,0.1524181359039977,0.1383287735553519
499,1,Florescent,ridge,full_ex,1.0,0.76,0.27032421355486347,0.0839472847042603
499,1,Florescent,ridge,full_1fcs,1.0,1.12,0.27032421355486347,0.0839472847042603
499,1,Florescent,ridge,full_mfcs,1.0,1.12,0.27032421355486347,0.0839472847042603
499,2,Florescent,ridge,full_ex,1.0,0.76,0.23374109495502668,0.0725565648581932
499,2,Florescent,ridge,full_1fcs,1.0,0.92,0.23374109495502668,0.0725565648581932
499,2,Florescent,ridge,full_mfcs,1.0,1.34,0.23374109495502668,0.0725565648581932
499,3,Florescent,ridge,full_ex,1.0,0.62,0.07258191080760137,0.07165457778539988
499,3,Florescent,ridge,full_1fcs,1.0,0.7000000000000001,0.07258191080760137,0.07165457778539988
499,3,Florescent,ridge,full_mfcs,1.0,0.7000000000000001,0.07258191080760137,0.07165457778539988
499,4,Florescent,ridge,full_ex,1.0,0.62,0.07211828075370591,0.061619911255240446
499,4,Florescent,ridge,full_1fcs,1.0,0.68,0.07211828075370591,0.061619911255240446
499,4,Florescent,ridge,full_mfcs,1.0,0.68,0.07211828075370591,0.061619911255240446
499,5,Florescent,ridge,full_ex,1.0,0.62,0.06861900770257731,0.05183507777601862
499,5,Florescent,ridge,full_1fcs,1.0,0.68,0.06861900770257731,0.05183507777601862
499,5,Florescent,ridge,full_mfcs,1.0,0.68,0.06861900770257731,0.05183507777601862
500,1,Florescent,ridge,full_ex,1.0,0.62,0.1169140975946525,0.49471935303351305
500,1,Florescent,ridge,full_1fcs,1.0,0.64,0.1169140975946525,0.49471935303351305
500,1,Florescent,ridge,full_mfcs,1.0,0.64,0.1169140975946525,0.49471935303351305
500,2,Florescent,ridge,full_ex,1.0,0.98,0.528260922629847,0.09714928594282851
500,2,Florescent,ridge,full_1fcs,1.0,2.22,0.528260922629847,0.09714928594282851
500,2,Florescent,ridge,full_mfcs,1.0,2.22,0.528260922629847,0.09714928594282851
500,3,Florescent,ridge,full_ex,1.0,0.9,0.09732512905370459,0.100016018721047
500,3,Florescent,ridge,full_1fcs,1.0,0.96,0.09732512905370459,0.100016018721047
500,3,Florescent,ridge,full_mfcs,1.0,0.96,0.09732512905370459,0.100016018721047
500,4,Florescent,ridge,full_ex,1.0,0.58,0.09867029943926563,0.0995010041985835
500,4,Florescent,ridge,full_1fcs,1.0,0.98,0.09867029943926563,0.0995010041985835
500,4,Florescent,ridge,full_mfcs,1.0,0.98,0.09867029943926563,0.0995010041985835
500,5,Florescent,ridge,full_ex,1.0,0.6,0.09894716336844799,0.09913319592630736
500,5,Florescent,ridge,full_1fcs,1.0,1.02,0.09894716336844799,0.09913319592630736
500,5,Florescent,ridge,full_mfcs,1.0,1.22,0.09894716336844799,0.09913319592630736
501,1,Florescent,ridge,full_ex,0.0,0.8200000000000001,0.40796382493430716,0.9903057557436353
501,1,Florescent,ridge,full_1fcs,1.0,2.18,0.40796382493430716,0.9903057557436353
501,1,Florescent,ridge,full_mfcs,1.0,2.18,0.40796382493430716,0.9903057557436353
501,2,Florescent,ridge,full_ex,1.0,0.7000000000000001,0.2353117390237995,0.09598305069614246
501,2,Florescent,ridge,full_1fcs,1.0,1.42,0.2353117390237995,0.09598305069614246
501,2,Florescent,ridge,full_mfcs,1.0,1.72,0.2353117390237995,0.09598305069614246
501,3,Florescent,ridge,full_ex,1.0,0.6,0.09600492093578734,0.09633230716658286
501,3,Florescent,ridge,full_1fcs,1.0,0.62,0.09600492093578734,0.09633230716658286
501,3,Florescent,ridge,full_mfcs,1.0,0.68,0.09600492093578734,0.09633230716658286
501,4,Florescent,ridge,full_ex,1.0,0.6,0.09616860120246193,0.11053338565131643
501,4,Florescent,ridge,full_1fcs,1.0,0.62,0.09616860120246193,0.11053338565131643
501,4,Florescent,ridge,full_mfcs,1.0,0.68,0.09616860120246193,0.11053338565131643
501,5,Florescent,ridge,full_ex,1.0,0.6,0.10095661212388697,0.1119671046232188
501,5,Florescent,ridge,full_1fcs,1.0,0.64,0.10095661212388697,0.1119671046232188
501,5,Florescent,ridge,full_mfcs,1.0,0.68,0.10095661212388697,0.1119671046232188
502,1,Florescent,ridge,full_ex,0.0,0.62,0.5967038982494731,1.5234767354625034
502,1,Florescent,ridge,full_1fcs,1.0,2.22,0.5967038982494731,1.5234767354625034
502,1,Florescent,ridge,full_mfcs,1.0,2.22,0.5967038982494731,1.5234767354625034
502,2,Florescent,ridge,full_ex,1.0,0.6,0.8972872438856325,0.7437506529038694
502,2,Florescent,ridge,full_1fcs,1.0,2.22,0.8972872438856325,0.7437506529038694
502,2,Florescent,ridge,full_mfcs,1.0,2.22,0.8972872438856325,0.7437506529038694
502,3,Florescent,ridge,full_ex,1.0,0.56,0.743781134794863,0.8224225893388465
502,3,Florescent,ridge,full_1fcs,1.0,1.3800000000000001,0.743781134794863,0.8224225893388465
502,3,Florescent,ridge,full_mfcs,1.0,1.3800000000000001,0.743781134794863,0.8224225893388465
502,4,Florescent,ridge,full_ex,0.0,0.56,0.7830979584732655,0.3660501076350253
502,4,Florescent,ridge,full_1fcs,1.0,1.44,0.7830979584732655,0.3660501076350253
502,4,Florescent,ridge,full_mfcs,1.0,1.44,0.7830979584732655,0.3660501076350253
502,5,Florescent,ridge,full_ex,1.0,0.88,0.6440912091070831,0.7053649622356319
502,5,Florescent,ridge,full_1fcs,1.0,1.4000000000000001,0.6440912091070831,0.7053649622356319
502,5,Florescent,ridge,full_mfcs,1.0,1.4000000000000001,0.6440912091070831,0.7053649622356319
503,1,Florescent,ridge,full_ex,1.0,0.72,0.3384732557514092,0.016328094161436976
503,1,Florescent,ridge,full_1fcs,0.0,0.74,0.3384732557514092,0.016328094161436976
503,1,Florescent,ridge,full_mfcs,0.0,0.74,0.3384732557514092,0.016328094161436976
503,2,Florescent,ridge,full_ex,1.0,0.5,-0.07202451633298713,0.2739459264602749
503,2,Florescent,ridge,full_1fcs,0.0,0.16,-0.07202451633298713,0.2739459264602749
503,2,Florescent,ridge,full_mfcs,1.0,0.4,-0.07202451633298713,0.2739459264602749
503,3,Florescent,ridge,full_ex,1.0,0.86,0.2738347757359127,0.2781807289478488
503,3,Florescent,ridge,full_1fcs,1.0,0.48,0.2738347757359127,0.2781807289478488
503,3,Florescent,ridge,full_mfcs,1.0,0.84,0.2738347757359127,0.2781807289478488
503,4,Florescent,ridge,full_ex,1.0,0.8200000000000001,0.2760074032278593,0.234172082181407
503,4,Florescent,ridge,full_1fcs,1.0,0.48,0.2760074032278593,0.234172082181407
503,4,Florescent,ridge,full_mfcs,1.0,0.78,0.2760074032278593,0.234172082181407
503,5,Florescent,ridge,full_ex,1.0,0.76,0.2620637899237144,0.13097587606370115
503,5,Florescent,ridge,full_1fcs,1.0,0.48,0.2620637899237144,0.13097587606370115
503,5,Florescent,ridge,full_mfcs,1.0,0.74,0.2620637899237144,0.13097587606370115
504,1,Florescent,ridge,full_ex,0.0,0.46,0.506282747908843,0.15228391938922056
504,1,Florescent,ridge,full_1fcs,1.0,0.88,0.506282747908843,0.15228391938922056
504,1,Florescent,ridge,full_mfcs,1.0,0.88,0.506282747908843,0.15228391938922056
504,2,Florescent,ridge,full_ex,0.0,0.64,0.4225074053337755,0.08244421341777677
504,2,Florescent,ridge,full_1fcs,1.0,0.78,0.4225074053337755,0.08244421341777677
504,2,Florescent,ridge,full_mfcs,1.0,0.96,0.4225074053337755,0.08244421341777677
504,3,Florescent,ridge,full_ex,1.0,0.38,0.08260568232031085,0.1931416866591904
504,3,Florescent,ridge,full_1fcs,1.0,0.78,0.08260568232031085,0.1931416866591904
504,3,Florescent,ridge,full_mfcs,1.0,0.78,0.08260568232031085,0.1931416866591904
504,4,Florescent,ridge,full_ex,1.0,0.42,0.13786056018893061,0.20860805883093983
504,4,Florescent,ridge,full_1fcs,1.0,0.8,0.13786056018893061,0.20860805883093983
504,4,Florescent,ridge,full_mfcs,1.0,0.8,0.13786056018893061,0.20860805883093983
504,5,Florescent,ridge,full_ex,1.0,0.46,0.161439326071445,0.17330312801361641
504,5,Florescent,ridge,full_1fcs,1.0,0.84,0.161439326071445,0.17330312801361641
504,5,Florescent,ridge,full_mfcs,1.0,0.84,0.161439326071445,0.17330312801361641
505,1,Florescent,ridge,full_ex,1.0,0.4,0.08514753448131974,0.21885922406638975
505,1,Florescent,ridge,full_1fcs,1.0,0.8,0.08514753448131974,0.21885922406638975
505,1,Florescent,ridge,full_mfcs,1.0,0.8,0.08514753448131974,0.21885922406638975
505,2,Florescent,ridge,full_ex,1.0,0.44,0.09862702693923775,0.2527911920851526
505,2,Florescent,ridge,full_1fcs,1.0,0.6,0.09862702693923775,0.2527911920851526
505,2,Florescent,ridge,full_mfcs,1.0,0.6,0.09862702693923775,0.2527911920851526
505,3,Florescent,ridge,full_ex,1.0,0.6,0.25272971668289274,0.34796083346072
505,3,Florescent,ridge,full_1fcs,1.0,0.74,0.25272971668289274,0.34796083346072
505,3,Florescent,ridge,full_mfcs,1.0,0.74,0.25272971668289274,0.34796083346072
505,4,Florescent,ridge,full_ex,1.0,0.64,0.30033577944938533,0.328300733495877
505,4,Florescent,ridge,full_1fcs,1.0,0.78,0.30033577944938533,0.328300733495877
505,4,Florescent,ridge,full_mfcs,1.0,0.78,0.30033577944938533,0.328300733495877
505,5,Florescent,ridge,full_ex,1.0,0.66,0.30965619141650996,0.11628793490436855
505,5,Florescent,ridge,full_1fcs,1.0,0.8,0.30965619141650996,0.11628793490436855
505,5,Florescent,ridge,full_mfcs,1.0,0.8,0.30965619141650996,0.11628793490436855
506,1,Florescent,ridge,full_ex,1.0,0.86,0.3555451368662611,0.8338169800676754
506,1,Florescent,ridge,full_1fcs,1.0,1.8,0.3555451368662611,0.8338169800676754
506,1,Florescent,ridge,full_mfcs,1.0,1.8,0.3555451368662611,0.8338169800676754
506,2,Florescent,ridge,full_ex,0.0,0.74,0.2832554444356932,1.1409593044894486
506,2,Florescent,ridge,full_1fcs,0.0,1.36,0.2832554444356932,1.1409593044894486
506,2,Florescent,ridge,full_mfcs,0.0,1.7,0.2832554444356932,1.1409593044894486
506,3,Florescent,ridge,full_ex,1.0,1.1400000000000001,1.1408395227837052,1.1043658523313564
506,3,Florescent,ridge,full_1fcs,1.0,1.6400000000000001,1.1408395227837052,1.1043658523313564
506,3,Florescent,ridge,full_mfcs,1.0,2.08,1.1408395227837052,1.1043658523313564
506,4,Florescent,ridge,full_ex,1.0,0.98,1.1226039610689809,1.214787215544339
506,4,Florescent,ridge,full_1fcs,1.0,1.72,1.1226039610689809,1.214787215544339
506,4,Florescent,ridge,full_mfcs,1.0,1.4000000000000001,1.1226039610689809,1.214787215544339
506,5,Florescent,ridge,full_ex,1.0,0.98,1.153330282013232,1.0317470462981597
506,5,Florescent,ridge,full_1fcs,1.0,1.78,1.153330282013232,1.0317470462981597
506,5,Florescent,ridge,full_mfcs,1.0,1.46,1.153330282013232,1.0317470462981597
507,1,Florescent,ridge,full_ex,1.0,1.1,0.9277209154723082,0.8106795034552544
507,1,Florescent,ridge,full_1fcs,1.0,2.22,0.9277209154723082,0.8106795034552544
507,1,Florescent,ridge,full_mfcs,1.0,2.22,0.9277209154723082,0.8106795034552544
507,2,Florescent,ridge,full_ex,1.0,0.9400000000000001,0.387397149717335,0.12498892921354039
507,2,Florescent,ridge,full_1fcs,1.0,0.9,0.387397149717335,0.12498892921354039
507,2,Florescent,ridge,full_mfcs,1.0,1.22,0.387397149717335,0.12498892921354039
507,3,Florescent,ridge,full_ex,1.0,0.74,0.12502842755388982,0.22612626433547534
507,3,Florescent,ridge,full_1fcs,1.0,0.56,0.12502842755388982,0.22612626433547534
507,3,Florescent,ridge,full_mfcs,1.0,0.78,0.12502842755388982,0.22612626433547534
507,4,Florescent,ridge,full_ex,1.0,0.8,0.1755735412830903,0.16021722333776792
507,4,Florescent,ridge,full_1fcs,1.0,0.58,0.1755735412830903,0.16021722333776792
507,4,Florescent,ridge,full_mfcs,1.0,0.86,0.1755735412830903,0.16021722333776792
507,5,Florescent,ridge,full_ex,1.0,0.8,0.17045502549161903,0.21957710287388138
507,5,Florescent,ridge,full_1fcs,1.0,0.58,0.17045502549161903,0.21957710287388138
507,5,Florescent,ridge,full_mfcs,1.0,0.86,0.17045502549161903,0.21957710287388138
508,1,Florescent,ridge,full_ex,1.0,0.9,0.0022352410441437744,0.10146475310811856
508,1,Florescent,ridge,full_1fcs,1.0,0.9,0.0022352410441437744,0.10146475310811856
508,1,Florescent,ridge,full_mfcs,1.0,0.9,0.0022352410441437744,0.10146475310811856
508,2,Florescent,ridge,full_ex,1.0,0.8200000000000001,0.017946308619684787,0.07077479103954486
508,2,Florescent,ridge,full_1fcs,1.0,0.8200000000000001,0.017946308619684787,0.07077479103954486
508,2,Florescent,ridge,full_mfcs,1.0,1.4000000000000001,0.017946308619684787,0.07077479103954486
508,3,Florescent,ridge,full_ex,1.0,0.88,0.07076533896791198,0.07673740448843437
508,3,Florescent,ridge,full_1fcs,1.0,0.88,0.07076533896791198,0.07673740448843437
508,3,Florescent,ridge,full_mfcs,1.0,1.42,0.07076533896791198,0.07673740448843437
508,4,Florescent,ridge,full_ex,1.0,0.9,0.07375110457309794,0.0646980322022224
508,4,Florescent,ridge,full_1fcs,1.0,0.9,0.07375110457309794,0.0646980322022224
508,4,Florescent,ridge,full_mfcs,1.0,1.42,0.07375110457309794,0.0646980322022224
508,5,Florescent,ridge,full_ex,1.0,0.9,0.0707335937800669,0.08305534340795906
508,5,Florescent,ridge,full_1fcs,1.0,0.9,0.0707335937800669,0.08305534340795906
508,5,Florescent,ridge,full_mfcs,1.0,1.42,0.0707335937800669,0.08305534340795906
509,1,Florescent,ridge,full_ex,1.0,0.7000000000000001,0.5031446992106375,0.11601099587586246
509,1,Florescent,ridge,full_1fcs,1.0,2.22,0.5031446992106375,0.11601099587586246
509,1,Florescent,ridge,full_mfcs,1.0,2.22,0.5031446992106375,0.11601099587586246
509,2,Florescent,ridge,full_ex,1.0,0.52,0.05297066429893636,0.10997341395215274
509,2,Florescent,ridge,full_1fcs,1.0,0.84,0.05297066429893636,0.10997341395215274
509,2,Florescent,ridge,full_mfcs,1.0,1.18,0.05297066429893636,0.10997341395215274
509,3,Florescent,ridge,full_ex,1.0,0.56,0.10996609611094772,0.08054696826040472
509,3,Florescent,ridge,full_1fcs,1.0,0.56,0.10996609611094772,0.08054696826040472
509,3,Florescent,ridge,full_mfcs,1.0,0.56,0.10996609611094772,0.08054696826040472
509,4,Florescent,ridge,full_ex,1.0,0.54,0.09525747643047963,0.11639553668727085
509,4,Florescent,ridge,full_1fcs,1.0,0.54,0.09525747643047963,0.11639553668727085
509,4,Florescent,ridge,full_mfcs,1.0,0.54,0.09525747643047963,0.11639553668727085
509,5,Florescent,ridge,full_ex,1.0,0.54,0.1023031949751397,0.06709730800934399
509,5,Florescent,ridge,full_1fcs,1.0,0.54,0.1023031949751397,0.06709730800934399
509,5,Florescent,ridge,full_mfcs,1.0,0.54,0.1023031949751397,0.06709730800934399
510,1,Florescent,ridge,full_ex,1.0,0.68,0.06726056932505725,0.08688942758825216
510,1,Florescent,ridge,full_1fcs,1.0,0.68,0.06726056932505725,0.08688942758825216
510,1,Florescent,ridge,full_mfcs,1.0,0.68,0.06726056932505725,0.08688942758825216
510,2,Florescent,ridge,full_ex,1.0,0.8,0.18132315527636073,0.04121157617780482
510,2,Florescent,ridge,full_1fcs,1.0,0.68,0.18132315527636073,0.04121157617780482
510,2,Florescent,ridge,full_mfcs,1.0,0.68,0.18132315527636073,0.04121157617780482
510,3,Florescent,ridge,full_ex,1.0,0.64,0.04125751155666209,0.09807865931584357
510,3,Florescent,ridge,full_1fcs,1.0,0.64,0.04125751155666209,0.09807865931584357
510,3,Florescent,ridge,full_mfcs,1.0,0.66,0.04125751155666209,0.09807865931584357
510,4,Florescent,ridge,full_ex,1.0,0.66,0.06966342748977408,0.10513148955013565
510,4,Florescent,ridge,full_1fcs,1.0,0.7000000000000001,0.06966342748977408,0.10513148955013565
510,4,Florescent,ridge,full_mfcs,1.0,0.7000000000000001,0.06966342748977408,0.10513148955013565
510,5,Florescent,ridge,full_ex,1.0,0.66,0.081484822543359,0.07927921261719396
510,5,Florescent,ridge,full_1fcs,1.0,0.66,0.081484822543359,0.07927921261719396
510,5,Florescent,ridge,full_mfcs,1.0,0.72,0.081484822543359,0.07927921261719396
511,1,Florescent,ridge,full_ex,1.0,0.24,-0.036684354300088165,0.12300481224896984
511,1,Florescent,ridge,full_1fcs,1.0,0.38,-0.036684354300088165,0.12300481224896984
511,1,Florescent,ridge,full_mfcs,1.0,0.38,-0.036684354300088165,0.12300481224896984
511,2,Florescent,ridge,full_ex,0.0,0.38,0.10451032776405407,0.6246605171922875
511,2,Florescent,ridge,full_1fcs,0.0,0.4,0.10451032776405407,0.6246605171922875
511,2,Florescent,ridge,full_mfcs,0.0,0.68,0.10451032776405407,0.6246605171922875
511,3,Florescent,ridge,full_ex,1.0,0.78,0.6244768265233269,0.5785457991777304
511,3,Florescent,ridge,full_1fcs,1.0,1.12,0.6244768265233269,0.5785457991777304
511,3,Florescent,ridge,full_mfcs,1.0,1.12,0.6244768265233269,0.5785457991777304
511,4,Florescent,ridge,full_ex,1.0,0.68,0.6015153686937199,0.5810992226892905
511,4,Florescent,ridge,full_1fcs,1.0,1.04,0.6015153686937199,0.5810992226892905
511,4,Florescent,ridge,full_mfcs,1.0,1.0,0.6015153686937199,0.5810992226892905
511,5,Florescent,ridge,full_ex,1.0,0.64,0.5947107879868753,0.5914217164215242
511,5,Florescent,ridge,full_1fcs,1.0,1.04,0.5947107879868753,0.5914217164215242
511,5,Florescent,ridge,full_mfcs,1.0,0.96,0.5947107879868753,0.5914217164215242
512,1,Florescent,ridge,full_ex,1.0,0.88,0.3489891524632173,0.06984190284988624
512,1,Florescent,ridge,full_1fcs,1.0,0.88,0.3489891524632173,0.06984190284988624
512,1,Florescent,ridge,full_mfcs,1.0,0.88,0.3489891524632173,0.06984190284988624
512,2,Florescent,ridge,full_ex,1.0,0.74,0.21606158611164716,0.12890223492940175
512,2,Florescent,ridge,full_1fcs,1.0,0.66,0.21606158611164716,0.12890223492940175
512,2,Florescent,ridge,full_mfcs,1.0,0.66,0.21606158611164716,0.12890223492940175
512,3,Florescent,ridge,full_ex,1.0,0.68,0.12891447492229172,0.09895781878693963
512,3,Florescent,ridge,full_1fcs,1.0,0.6,0.12891447492229172,0.09895781878693963
512,3,Florescent,ridge,full_mfcs,1.0,0.7000000000000001,0.12891447492229172,0.09895781878693963
512,4,Florescent,ridge,full_ex,1.0,0.66,0.11393719865058595,0.1250979492054499
512,4,Florescent,ridge,full_1fcs,1.0,0.6,0.11393719865058595,0.1250979492054499
512,4,Florescent,ridge,full_mfcs,1.0,0.92,0.11393719865058595,0.1250979492054499
512,5,Florescent,ridge,full_ex,1.0,0.68,0.11765727467130113,0.08089719438478911
512,5,Florescent,ridge,full_1fcs,1.0,0.6,0.11765727467130113,0.08089719438478911
512,5,Florescent,ridge,full_mfcs,1.0,0.92,0.11765727467130113,0.08089719438478911
513,1,Florescent,ridge,full_ex,1.0,0.62,0.06808808450875962,0.12035269675520908
513,1,Florescent,ridge,full_1fcs,1.0,0.64,0.06808808450875962,0.12035269675520908
513,1,Florescent,ridge,full_mfcs,1.0,0.64,0.06808808450875962,0.12035269675520908
513,2,Florescent,ridge,full_ex,1.0,0.88,0.3838095291979711,0.2125746093700324
513,2,Florescent,ridge,full_1fcs,1.0,0.9400000000000001,0.3838095291979711,0.2125746093700324
513,2,Florescent,ridge,full_mfcs,1.0,0.9400000000000001,0.3838095291979711,0.2125746093700324
513,3,Florescent,ridge,full_ex,1.0,0.72,0.21262122260848307,0.2125307850949236
513,3,Florescent,ridge,full_1fcs,1.0,0.88,0.21262122260848307,0.2125307850949236
513,3,Florescent,ridge,full_mfcs,1.0,0.88,0.21262122260848307,0.2125307850949236
513,4,Florescent,ridge,full_ex,1.0,0.72,0.21257601000674173,0.2125861636504794
513,4,Florescent,ridge,full_1fcs,1.0,0.92,0.21257601000674173,0.2125861636504794
513,4,Florescent,ridge,full_mfcs,1.0,0.92,0.21257601000674173,0.2125861636504794
513,5,Florescent,ridge,full_ex,1.0,0.72,0.21257939424727368,0.21260086877429074
513,5,Florescent,ridge,full_1fcs,1.0,0.9400000000000001,0.21257939424727368,0.21260086877429074
513,5,Florescent,ridge,full_mfcs,1.0,0.9400000000000001,0.21257939424727368,0.21260086877429074
514,1,Florescent,ridge,full_ex,1.0,0.7000000000000001,0.33403069420860704,0.03943002015089469
514,1,Florescent,ridge,full_1fcs,0.0,0.5,0.33403069420860704,0.03943002015089469
514,1,Florescent,ridge,full_mfcs,0.0,0.5,0.33403069420860704,0.03943002015089469
514,2,Florescent,ridge,full_ex,1.0,0.56,0.06384545366245797,0.2169417046990476
514,2,Florescent,ridge,full_1fcs,1.0,0.38,0.06384545366245797,0.2169417046990476
514,2,Florescent,ridge,full_mfcs,1.0,0.54,0.06384545366245797,0.2169417046990476
514,3,Florescent,ridge,full_ex,1.0,0.7000000000000001,0.2168925996618654,0.21628843738666817
514,3,Florescent,ridge,full_1fcs,1.0,0.52,0.2168925996618654,0.21628843738666817
514,3,Florescent,ridge,full_mfcs,1.0,0.7000000000000001,0.2168925996618654,0.21628843738666817
514,4,Florescent,ridge,full_ex,1.0,0.7000000000000001,0.21659056697690526,0.2159397292042152
514,4,Florescent,ridge,full_1fcs,1.0,0.52,0.21659056697690526,0.2159397292042152
514,4,Florescent,ridge,full_mfcs,1.0,0.7000000000000001,0.21659056697690526,0.2159397292042152
514,5,Florescent,ridge,full_ex,1.0,0.68,0.21637364425309735,0.09287545147611379
514,5,Florescent,ridge,full_1fcs,1.0,0.52,0.21637364425309735,0.09287545147611379
514,5,Florescent,ridge,full_mfcs,1.0,0.74,0.21637364425309735,0.09287545147611379
515,1,Florescent,ridge,full_ex,1.0,0.8200000000000001,0.08545141798183947,0.2608895723506091
515,1,Florescent,ridge,full_1fcs,1.0,0.46,0.08545141798183947,0.2608895723506091
515,1,Florescent,ridge,full_mfcs,1.0,0.46,0.08545141798183947,0.2608895723506091
515,2,Florescent,ridge,full_ex,1.0,1.06,0.13984360412493446,0.0
515,2,Florescent,ridge,full_1fcs,1.0,0.6,0.13984360412493446,0.0
515,2,Florescent,ridge,full_mfcs,1.0,1.08,0.13984360412493446,0.0
515,3,Florescent,ridge,full_ex,1.0,0.8200000000000001,5.8752552177288725e-05,0.06934161969775522
515,3,Florescent,ridge,full_1fcs,1.0,0.38,5.8752552177288725e-05,0.06934161969775522
515,3,Florescent,ridge,full_mfcs,1.0,0.8200000000000001,5.8752552177288725e-05,0.06934161969775522
515,4,Florescent,ridge,full_ex,1.0,0.8200000000000001,0.03469290763465483,0.05143004775252941
515,4,Florescent,ridge,full_1fcs,1.0,0.42,0.03469290763465483,0.05143004775252941
515,4,Florescent,ridge,full_mfcs,1.0,0.8200000000000001,0.03469290763465483,0.05143004775252941
515,5,Florescent,ridge,full_ex,1.0,0.8200000000000001,0.040271172813478355,0.0860918693036872
515,5,Florescent,ridge,full_1fcs,1.0,0.42,0.040271172813478355,0.0860918693036872
515,5,Florescent,ridge,full_mfcs,1.0,0.8200000000000001,0.040271172813478355,0.0860918693036872
516,1,Florescent,ridge,full_ex,1.0,0.84,0.23144145246114767,0.13611481816684298
516,1,Florescent,ridge,full_1fcs,1.0,1.0,0.23144145246114767,0.13611481816684298
516,1,Florescent,ridge,full_mfcs,1.0,1.0,0.23144145246114767,0.13611481816684298
516,2,Florescent,ridge,full_ex,1.0,0.7000000000000001,0.03230029640036653,0.2265587804745687
516,2,Florescent,ridge,full_1fcs,1.0,0.76,0.03230029640036653,0.2265587804745687
516,2,Florescent,ridge,full_mfcs,1.0,0.76,0.03230029640036653,0.2265587804745687
516,3,Florescent,ridge,full_ex,1.0,0.88,0.22650334609321895,0.22052835832564124
516,3,Florescent,ridge,full_1fcs,1.0,0.9400000000000001,0.22650334609321895,0.22052835832564124
516,3,Florescent,ridge,full_mfcs,1.0,0.9400000000000001,0.22650334609321895,0.22052835832564124
516,4,Florescent,ridge,full_ex,1.0,0.86,0.22351627853115896,0.2062259990957943
516,4,Florescent,ridge,full_1fcs,1.0,0.92,0.22351627853115896,0.2062259990957943
516,4,Florescent,ridge,full_mfcs,1.0,0.92,0.22351627853115896,0.2062259990957943
516,5,Florescent,ridge,full_ex,1.0,0.84,0.21775340038218177,0.2781317523143896
516,5,Florescent,ridge,full_1fcs,1.0,0.9,0.21775340038218177,0.2781317523143896
516,5,Florescent,ridge,full_mfcs,1.0,0.9,0.21775340038218177,0.2781317523143896
517,1,Florescent,ridge,full_ex,1.0,0.52,-0.030143647602638414,0.15812649720211552
517,1,Florescent,ridge,full_1fcs,1.0,0.72,-0.030143647602638414,0.15812649720211552
517,1,Florescent,ridge,full_mfcs,1.0,0.72,-0.030143647602638414,0.15812649720211552
517,2,Florescent,ridge,full_ex,1.0,0.88,0.3807075887153103,0.09307834456044102
517,2,Florescent,ridge,full_1fcs,1.0,1.2,0.3807075887153103,0.09307834456044102
517,2,Florescent,ridge,full_mfcs,1.0,1.52,0.3807075887153103,0.09307834456044102
517,3,Florescent,ridge,full_ex,1.0,0.62,0.09311225204181392,0.09191224208985643
517,3,Florescent,ridge,full_1fcs,1.0,0.6,0.09311225204181392,0.09191224208985643
517,3,Florescent,ridge,full_mfcs,1.0,0.6,0.09311225204181392,0.09191224208985643
517,4,Florescent,ridge,full_ex,1.0,0.6,0.09251228243362383,0.15639141930196646
517,4,Florescent,ridge,full_1fcs,1.0,0.6,0.09251228243362383,0.15639141930196646
517,4,Florescent,ridge,full_mfcs,1.0,0.6,0.09251228243362383,0.15639141930196646
517,5,Florescent,ridge,full_ex,1.0,0.62,0.11380449127372294,0.13659501449296246
517,5,Florescent,ridge,full_1fcs,1.0,0.62,0.11380449127372294,0.13659501449296246
517,5,Florescent,ridge,full_mfcs,1.0,0.62,0.11380449127372294,0.13659501449296246
518,1,Florescent,ridge,full_ex,1.0,0.72,0.18009039029600069,0.04688340735313186
518,1,Florescent,ridge,full_1fcs,1.0,1.2,0.18009039029600069,0.04688340735313186
518,1,Florescent,ridge,full_mfcs,1.0,1.2,0.18009039029600069,0.04688340735313186
518,2,Florescent,ridge,full_ex,1.0,0.66,0.10831971493576616,0.11119920967727315
518,2,Florescent,ridge,full_1fcs,1.0,0.92,0.10831971493576616,0.11119920967727315
518,2,Florescent,ridge,full_mfcs,1.0,0.92,0.10831971493576616,0.11119920967727315
518,3,Florescent,ridge,full_ex,1.0,0.66,0.11119868092318959,0.11901701286358608
518,3,Florescent,ridge,full_1fcs,1.0,0.9,0.11119868092318959,0.11901701286358608
518,3,Florescent,ridge,full_mfcs,1.0,0.92,0.11119868092318959,0.11901701286358608
518,4,Florescent,ridge,full_ex,1.0,0.68,0.11510748794471196,0.1140480512276334
518,4,Florescent,ridge,full_1fcs,1.0,0.92,0.11510748794471196,0.1140480512276334
518,4,Florescent,ridge,full_mfcs,1.0,0.92,0.11510748794471196,0.1140480512276334
518,5,Florescent,ridge,full_ex,1.0,0.68,0.11475436399206593,0.11051639186447662
518,5,Florescent,ridge,full_1fcs,1.0,0.92,0.11475436399206593,0.11051639186447662
518,5,Florescent,ridge,full_mfcs,1.0,0.92,0.11475436399206593,0.11051639186447662
519,1,Florescent,ridge,full_ex,1.0,0.64,0.03261150033006183,0.16717225534490016
519,1,Florescent,ridge,full_1fcs,1.0,0.64,0.03261150033006183,0.16717225534490016
519,1,Florescent,ridge,full_mfcs,1.0,0.64,0.03261150033006183,0.16717225534490016
519,2,Florescent,ridge,full_ex,1.0,0.8200000000000001,0.04616020403392965,0.10861604726785254
519,2,Florescent,ridge,full_1fcs,1.0,0.8200000000000001,0.04616020403392965,0.10861604726785254
519,2,Florescent,ridge,full_mfcs,1.0,0.8200000000000001,0.04616020403392965,0.10861604726785254
519,3,Florescent,ridge,full_ex,1.0,0.7000000000000001,0.10859928086865507,0.11211603078613909
519,3,Florescent,ridge,full_1fcs,1.0,0.7000000000000001,0.10859928086865507,0.11211603078613909
519,3,Florescent,ridge,full_mfcs,1.0,0.7000000000000001,0.10859928086865507,0.11211603078613909
519,4,Florescent,ridge,full_ex,1.0,0.64,0.1103574197769626,0.12630483904871984
519,4,Florescent,ridge,full_1fcs,1.0,0.54,0.1103574197769626,0.12630483904871984
519,4,Florescent,ridge,full_mfcs,1.0,0.64,0.1103574197769626,0.12630483904871984
519,5,Florescent,ridge,full_ex,1.0,0.64,0.11567275043721685,0.10642599199856503
519,5,Florescent,ridge,full_1fcs,1.0,0.54,0.11567275043721685,0.10642599199856503
519,5,Florescent,ridge,full_mfcs,1.0,0.64,0.11567275043721685,0.10642599199856503
520,1,Florescent,ridge,full_ex,1.0,0.76,0.6569089544992839,0.7692692918157081
520,1,Florescent,ridge,full_1fcs,1.0,2.22,0.6569089544992839,0.7692692918157081
520,1,Florescent,ridge,full_mfcs,1.0,2.22,0.6569089544992839,0.7692692918157081
520,2,Florescent,ridge,full_ex,1.0,0.56,0.2378969299489564,0.1522668991485739
520,2,Florescent,ridge,full_1fcs,1.0,0.58,0.2378969299489564,0.1522668991485739
520,2,Florescent,ridge,full_mfcs,1.0,0.74,0.2378969299489564,0.1522668991485739
520,3,Florescent,ridge,full_ex,1.0,0.5,0.15229412897501537,0.1898159324703974
520,3,Florescent,ridge,full_1fcs,1.0,0.5,0.15229412897501537,0.1898159324703974
520,3,Florescent,ridge,full_mfcs,1.0,0.46,0.15229412897501537,0.1898159324703974
520,4,Florescent,ridge,full_ex,1.0,0.52,0.17105204732234408,0.1767954783962931
520,4,Florescent,ridge,full_1fcs,1.0,0.52,0.17105204732234408,0.1767954783962931
520,4,Florescent,ridge,full_mfcs,1.0,0.48,0.17105204732234408,0.1767954783962931
520,5,Florescent,ridge,full_ex,1.0,0.54,0.17296632137301807,0.16162222887584737
520,5,Florescent,ridge,full_1fcs,1.0,0.54,0.17296632137301807,0.16162222887584737
520,5,Florescent,ridge,full_mfcs,1.0,0.48,0.17296632137301807,0.16162222887584737
521,1,Florescent,ridge,full_ex,1.0,0.72,0.14670143569640515,0.1347522870830814
521,1,Florescent,ridge,full_1fcs,1.0,1.12,0.14670143569640515,0.1347522870830814
521,1,Florescent,ridge,full_mfcs,1.0,1.12,0.14670143569640515,0.1347522870830814
521,2,Florescent,ridge,full_ex,1.0,0.78,0.3122324026256449,0.08143957061113162
521,2,Florescent,ridge,full_1fcs,1.0,1.36,0.3122324026256449,0.08143957061113162
521,2,Florescent,ridge,full_mfcs,1.0,1.6400000000000001,0.3122324026256449,0.08143957061113162
521,3,Florescent,ridge,full_ex,1.0,0.62,0.08150842956870481,0.08316733219916154
521,3,Florescent,ridge,full_1fcs,1.0,0.98,0.08150842956870481,0.08316733219916154
521,3,Florescent,ridge,full_mfcs,1.0,1.26,0.08150842956870481,0.08316733219916154
521,4,Florescent,ridge,full_ex,1.0,0.62,0.08233775712942405,0.06996873489036935
521,4,Florescent,ridge,full_1fcs,1.0,1.26,0.08233775712942405,0.06996873489036935
521,4,Florescent,ridge,full_mfcs,1.0,1.26,0.08233775712942405,0.06996873489036935
521,5,Florescent,ridge,full_ex,1.0,0.6,0.07821515984104574,0.09065621788476606
521,5,Florescent,ridge,full_1fcs,1.0,1.26,0.07821515984104574,0.09065621788476606
521,5,Florescent,ridge,full_mfcs,1.0,1.26,0.07821515984104574,0.09065621788476606
522,1,Florescent,ridge,full_ex,1.0,0.58,0.11300966889888259,0.09606812692178346
522,1,Florescent,ridge,full_1fcs,1.0,1.08,0.11300966889888259,0.09606812692178346
522,1,Florescent,ridge,full_mfcs,1.0,1.08,0.11300966889888259,0.09606812692178346
522,2,Florescent,ridge,full_ex,1.0,0.56,0.12749481538285065,0.101036903718316
522,2,Florescent,ridge,full_1fcs,1.0,0.98,0.12749481538285065,0.101036903718316
522,2,Florescent,ridge,full_mfcs,1.0,1.28,0.12749481538285065,0.101036903718316
522,3,Florescent,ridge,full_ex,1.0,0.52,0.10104161495673654,0.10181873494707123
522,3,Florescent,ridge,full_1fcs,1.0,0.98,0.10104161495673654,0.10181873494707123
522,3,Florescent,ridge,full_mfcs,1.0,0.98,0.10104161495673654,0.10181873494707123
522,4,Florescent,ridge,full_ex,1.0,0.52,0.10143014035433405,0.1132463065003768
522,4,Florescent,ridge,full_1fcs,1.0,0.98,0.10143014035433405,0.1132463065003768
522,4,Florescent,ridge,full_mfcs,1.0,0.98,0.10143014035433405,0.1132463065003768
522,5,Florescent,ridge,full_ex,1.0,0.52,0.10536862859227855,0.10404308709113881
522,5,Florescent,ridge,full_1fcs,1.0,1.0,0.10536862859227855,0.10404308709113881
522,5,Florescent,ridge,full_mfcs,1.0,1.0,0.10536862859227855,0.10404308709113881
523,1,Florescent,ridge,full_ex,1.0,0.62,0.23124521865302208,0.0
523,1,Florescent,ridge,full_1fcs,1.0,1.36,0.23124521865302208,0.0
523,1,Florescent,ridge,full_mfcs,1.0,1.36,0.23124521865302208,0.0
523,2,Florescent,ridge,full_ex,1.0,0.5,0.05003794380452235,0.17982824598077427
523,2,Florescent,ridge,full_1fcs,1.0,0.52,0.05003794380452235,0.17982824598077427
523,2,Florescent,ridge,full_mfcs,1.0,0.52,0.05003794380452235,0.17982824598077427
523,3,Florescent,ridge,full_ex,1.0,0.52,0.17978825893078973,0.16645070806601034
523,3,Florescent,ridge,full_1fcs,1.0,0.52,0.17978825893078973,0.16645070806601034
523,3,Florescent,ridge,full_mfcs,1.0,0.52,0.17978825893078973,0.16645070806601034
523,4,Florescent,ridge,full_ex,1.0,0.52,0.17312051094663067,0.14358315839740182
523,4,Florescent,ridge,full_1fcs,1.0,0.52,0.17312051094663067,0.14358315839740182
523,4,Florescent,ridge,full_mfcs,1.0,0.52,0.17312051094663067,0.14358315839740182
523,5,Florescent,ridge,full_ex,1.0,0.5,0.1632757380989977,0.15474804214822913
523,5,Florescent,ridge,full_1fcs,1.0,0.5,0.1632757380989977,0.15474804214822913
523,5,Florescent,ridge,full_mfcs,1.0,0.52,0.1632757380989977,0.15474804214822913
524,1,Florescent,ridge,full_ex,1.0,1.1400000000000001,0.6491665174293132,0.08666182126760828
524,1,Florescent,ridge,full_1fcs,1.0,2.22,0.6491665174293132,0.08666182126760828
524,1,Florescent,ridge,full_mfcs,1.0,2.22,0.6491665174293132,0.08666182126760828
524,2,Florescent,ridge,full_ex,1.0,0.86,0.2196901441625654,0.0842955334993067
524,2,Florescent,ridge,full_1fcs,1.0,0.96,0.2196901441625654,0.0842955334993067
524,2,Florescent,ridge,full_mfcs,1.0,1.26,0.2196901441625654,0.0842955334993067
524,3,Florescent,ridge,full_ex,1.0,0.7000000000000001,0.08431075504252777,0.0886228648225045
524,3,Florescent,ridge,full_1fcs,1.0,0.7000000000000001,0.08431075504252777,0.0886228648225045
524,3,Florescent,ridge,full_mfcs,1.0,0.7000000000000001,0.08431075504252777,0.0886228648225045
524,4,Florescent,ridge,full_ex,1.0,0.7000000000000001,0.08646668872926949,0.09324953538128691
524,4,Florescent,ridge,full_1fcs,1.0,0.7000000000000001,0.08646668872926949,0.09324953538128691
524,4,Florescent,ridge,full_mfcs,1.0,0.7000000000000001,0.08646668872926949,0.09324953538128691
524,5,Florescent,ridge,full_ex,1.0,0.7000000000000001,0.08872755287939511,0.08420445944628999
524,5,Florescent,ridge,full_1fcs,1.0,0.7000000000000001,0.08872755287939511,0.08420445944628999
524,5,Florescent,ridge,full_mfcs,1.0,0.7000000000000001,0.08872755287939511,0.08420445944628999
525,1,Florescent,ridge,full_ex,0.0,0.66,0.2779232161497699,1.1854327734101047
525,1,Florescent,ridge,full_1fcs,0.0,1.04,0.2779232161497699,1.1854327734101047
525,1,Florescent,ridge,full_mfcs,0.0,1.04,0.2779232161497699,1.1854327734101047
525,2,Florescent,ridge,full_ex,1.0,0.88,0.8998442947696839,1.0173401886627138
525,2,Florescent,ridge,full_1fcs,1.0,1.42,0.8998442947696839,1.0173401886627138
525,2,Florescent,ridge,full_mfcs,1.0,1.22,0.8998442947696839,1.0173401886627138
525,3,Florescent,ridge,full_ex,1.0,0.9,1.0172999482752816,1.0041697402029812
525,3,Florescent,ridge,full_1fcs,1.0,1.32,1.0172999482752816,1.0041697402029812
525,3,Florescent,ridge,full_mfcs,1.0,1.24,1.0172999482752816,1.0041697402029812
525,4,Florescent,ridge,full_ex,1.0,0.86,1.010735968650247,0.9793341384726737
525,4,Florescent,ridge,full_1fcs,1.0,1.3800000000000001,1.010735968650247,0.9793341384726737
525,4,Florescent,ridge,full_mfcs,1.0,1.26,1.010735968650247,0.9793341384726737
525,5,Florescent,ridge,full_ex,1.0,0.8200000000000001,1.0002698871520919,1.0220645931617771
525,5,Florescent,ridge,full_1fcs,1.0,1.4000000000000001,1.0002698871520919,1.0220645931617771
525,5,Florescent,ridge,full_mfcs,1.0,1.26,1.0002698871520919,1.0220645931617771
526,1,Florescent,ridge,full_ex,1.0,0.44,0.10769083438516756,0.07768104130306401
526,1,Florescent,ridge,full_1fcs,1.0,0.58,0.10769083438516756,0.07768104130306401
526,1,Florescent,ridge,full_mfcs,1.0,0.58,0.10769083438516756,0.07768104130306401
526,2,Florescent,ridge,full_ex,1.0,0.38,0.0788801315817146,0.04843683941937111
526,2,Florescent,ridge,full_1fcs,1.0,0.38,0.0788801315817146,0.04843683941937111
526,2,Florescent,ridge,full_mfcs,1.0,0.92,0.0788801315817146,0.04843683941937111
526,3,Florescent,ridge,full_ex,1.0,0.34,0.048444808053396106,0.08949547455871877
526,3,Florescent,ridge,full_1fcs,1.0,0.34,0.048444808053396106,0.08949547455871877
526,3,Florescent,ridge,full_mfcs,1.0,0.34,0.048444808053396106,0.08949547455871877
526,4,Florescent,ridge,full_ex,1.0,0.36,0.06896745466681922,0.10264667645269414
526,4,Florescent,ridge,full_1fcs,1.0,0.36,0.06896745466681922,0.10264667645269414
526,4,Florescent,ridge,full_mfcs,1.0,0.36,0.06896745466681922,0.10264667645269414
526,5,Florescent,ridge,full_ex,1.0,0.36,0.08019288224146326,0.0337826456225493
526,5,Florescent,ridge,full_1fcs,1.0,0.36,0.08019288224146326,0.0337826456225493
526,5,Florescent,ridge,full_mfcs,1.0,0.36,0.08019288224146326,0.0337826456225493
527,1,Florescent,ridge,full_ex,1.0,0.4,0.09806067409243253,0.18835280073555846
527,1,Florescent,ridge,full_1fcs,1.0,0.5,0.09806067409243253,0.18835280073555846
527,1,Florescent,ridge,full_mfcs,1.0,0.5,0.09806067409243253,0.18835280073555846
527,2,Florescent,ridge,full_ex,1.0,0.5,0.21342126965416783,0.13545216169251115
527,2,Florescent,ridge,full_1fcs,1.0,0.88,0.21342126965416783,0.13545216169251115
527,2,Florescent,ridge,full_mfcs,1.0,1.8,0.21342126965416783,0.13545216169251115
527,3,Florescent,ridge,full_ex,1.0,0.44,0.1354653734109441,0.17393438810255643
527,3,Florescent,ridge,full_1fcs,1.0,0.58,0.1354653734109441,0.17393438810255643
527,3,Florescent,ridge,full_mfcs,1.0,1.12,0.1354653734109441,0.17393438810255643
527,4,Florescent,ridge,full_ex,1.0,0.46,0.15469825099308876,0.1563506857470377
527,4,Florescent,ridge,full_1fcs,1.0,0.62,0.15469825099308876,0.1563506857470377
527,4,Florescent,ridge,full_mfcs,1.0,0.88,0.15469825099308876,0.1563506857470377
527,5,Florescent,ridge,full_ex,1.0,0.46,0.15524903146204327,0.1482039265183466
527,5,Florescent,ridge,full_1fcs,1.0,0.62,0.15524903146204327,0.1482039265183466
527,5,Florescent,ridge,full_mfcs,1.0,1.26,0.15524903146204327,0.1482039265183466
528,1,Florescent,ridge,full_ex,1.0,0.88,0.32872754849733155,0.08919695736344585
528,1,Florescent,ridge,full_1fcs,1.0,0.8,0.32872754849733155,0.08919695736344585
528,1,Florescent,ridge,full_mfcs,1.0,0.8,0.32872754849733155,0.08919695736344585
528,2,Florescent,ridge,full_ex,1.0,0.74,0.2588061481015122,0.09089677502382182
528,2,Florescent,ridge,full_1fcs,1.0,1.06,0.2588061481015122,0.09089677502382182
528,2,Florescent,ridge,full_mfcs,1.0,1.18,0.2588061481015122,0.09089677502382182
528,3,Florescent,ridge,full_ex,1.0,0.62,0.09095377936621768,0.05035281727603131
528,3,Florescent,ridge,full_1fcs,1.0,0.8200000000000001,0.09095377936621768,0.05035281727603131
528,3,Florescent,ridge,full_mfcs,1.0,0.84,0.09095377936621768,0.05035281727603131
528,4,Florescent,ridge,full_ex,1.0,0.62,0.07065674485783534,0.118081011084879
528,4,Florescent,ridge,full_1fcs,1.0,0.8200000000000001,0.07065674485783534,0.118081011084879
528,4,Florescent,ridge,full_mfcs,1.0,0.8200000000000001,0.07065674485783534,0.118081011084879
528,5,Florescent,ridge,full_ex,1.0,0.64,0.08646304427560841,0.13602858272525467
528,5,Florescent,ridge,full_1fcs,1.0,0.8200000000000001,0.08646304427560841,0.13602858272525467
528,5,Florescent,ridge,full_mfcs,1.0,0.8200000000000001,0.08646304427560841,0.13602858272525467
529,1,Florescent,ridge,full_ex,1.0,0.58,0.09403053355799504,0.21772769568160655
529,1,Florescent,ridge,full_1fcs,1.0,0.8,0.09403053355799504,0.21772769568160655
529,1,Florescent,ridge,full_mfcs,1.0,0.8,0.09403053355799504,0.21772769568160655
529,2,Florescent,ridge,full_ex,1.0,0.72,0.24585202043246626,0.1569529321285809
529,2,Florescent,ridge,full_1fcs,1.0,1.0,0.24585202043246626,0.1569529321285809
529,2,Florescent,ridge,full_mfcs,1.0,1.24,0.24585202043246626,0.1569529321285809
529,3,Florescent,ridge,full_ex,1.0,0.6,0.1569839597242652,0.1751342556288571
529,3,Florescent,ridge,full_1fcs,1.0,0.64,0.1569839597242652,0.1751342556288571
529,3,Florescent,ridge,full_mfcs,1.0,1.28,0.1569839597242652,0.1751342556288571
529,4,Florescent,ridge,full_ex,1.0,0.62,0.1660575236946828,0.1952388308970041
529,4,Florescent,ridge,full_1fcs,1.0,0.96,0.1660575236946828,0.1952388308970041
529,4,Florescent,ridge,full_mfcs,1.0,1.16,0.1660575236946828,0.1952388308970041
529,5,Florescent,ridge,full_ex,1.0,0.62,0.1757834941795404,0.14550842625490978
529,5,Florescent,ridge,full_1fcs,1.0,0.98,0.1757834941795404,0.14550842625490978
529,5,Florescent,ridge,full_mfcs,1.0,1.36,0.1757834941795404,0.14550842625490978
530,1,Florescent,ridge,full_ex,1.0,0.66,0.30193116468720554,0.0815271432194043
530,1,Florescent,ridge,full_1fcs,1.0,1.02,0.30193116468720554,0.0815271432194043
530,1,Florescent,ridge,full_mfcs,1.0,1.02,0.30193116468720554,0.0815271432194043
530,2,Florescent,ridge,full_ex,1.0,0.56,0.11993648098228372,0.05468911489095553
530,2,Florescent,ridge,full_1fcs,1.0,0.8200000000000001,0.11993648098228372,0.05468911489095553
530,2,Florescent,ridge,full_mfcs,1.0,1.08,0.11993648098228372,0.05468911489095553
530,3,Florescent,ridge,full_ex,1.0,0.52,0.0547036847035885,0.05750723675681413
530,3,Florescent,ridge,full_1fcs,1.0,0.76,0.0547036847035885,0.05750723675681413
530,3,Florescent,ridge,full_mfcs,1.0,0.76,0.0547036847035885,0.05750723675681413
530,4,Florescent,ridge,full_ex,1.0,0.5,0.0561053042035774,0.089481242733944
530,4,Florescent,ridge,full_1fcs,1.0,0.76,0.0561053042035774,0.089481242733944
530,4,Florescent,ridge,full_mfcs,1.0,0.76,0.0561053042035774,0.089481242733944
530,5,Florescent,ridge,full_ex,1.0,0.5,0.06722978882507367,0.051770459162217806
530,5,Florescent,ridge,full_1fcs,1.0,0.76,0.06722978882507367,0.051770459162217806
530,5,Florescent,ridge,full_mfcs,1.0,0.76,0.06722978882507367,0.051770459162217806
531,1,Florescent,ridge,full_ex,1.0,0.74,-0.13838008413573044,0.16142243446514148
531,1,Florescent,ridge,full_1fcs,1.0,0.74,-0.13838008413573044,0.16142243446514148
531,1,Florescent,ridge,full_mfcs,1.0,0.74,-0.13838008413573044,0.16142243446514148
531,2,Florescent,ridge,full_ex,1.0,0.84,-0.03533510270166013,0.18488923369691607
531,2,Florescent,ridge,full_1fcs,1.0,0.8,-0.03533510270166013,0.18488923369691607
531,2,Florescent,ridge,full_mfcs,1.0,0.8,-0.03533510270166013,0.18488923369691607
531,3,Florescent,ridge,full_ex,1.0,1.02,0.18485442181807746,0.16167406276498605
531,3,Florescent,ridge,full_1fcs,1.0,1.02,0.18485442181807746,0.16167406276498605
531,3,Florescent,ridge,full_mfcs,1.0,1.42,0.18485442181807746,0.16167406276498605
531,4,Florescent,ridge,full_ex,1.0,1.0,0.1732651584204195,0.17282039080997855
531,4,Florescent,ridge,full_1fcs,1.0,1.0,0.1732651584204195,0.17282039080997855
531,4,Florescent,ridge,full_mfcs,1.0,1.0,0.1732651584204195,0.17282039080997855
531,5,Florescent,ridge,full_ex,1.0,1.0,0.173116910364455,0.1394702950923589
531,5,Florescent,ridge,full_1fcs,1.0,1.0,0.173116910364455,0.1394702950923589
531,5,Florescent,ridge,full_mfcs,1.0,1.0,0.173116910364455,0.1394702950923589
532,1,Florescent,ridge,full_ex,1.0,0.74,0.06931902890204311,0.22140121540894628
532,1,Florescent,ridge,full_1fcs,1.0,0.8,0.06931902890204311,0.22140121540894628
532,1,Florescent,ridge,full_mfcs,1.0,0.8,0.06931902890204311,0.22140121540894628
532,2,Florescent,ridge,full_ex,1.0,0.86,0.21214426837865402,0.0
532,2,Florescent,ridge,full_1fcs,1.0,0.9400000000000001,0.21214426837865402,0.0
532,2,Florescent,ridge,full_mfcs,1.0,0.9,0.21214426837865402,0.0
532,3,Florescent,ridge,full_ex,1.0,0.64,6.768576624779227e-05,0.1994602848949671
532,3,Florescent,ridge,full_1fcs,1.0,0.7000000000000001,6.768576624779227e-05,0.1994602848949671
532,3,Florescent,ridge,full_mfcs,1.0,0.7000000000000001,6.768576624779227e-05,0.1994602848949671
532,4,Florescent,ridge,full_ex,1.0,0.74,0.09974807847336559,0.10315600624603954
532,4,Florescent,ridge,full_1fcs,1.0,0.8,0.09974807847336559,0.10315600624603954
532,4,Florescent,ridge,full_mfcs,1.0,0.8,0.09974807847336559,0.10315600624603954
532,5,Florescent,ridge,full_ex,1.0,0.74,0.1008839335588363,0.053297029765762935
532,5,Florescent,ridge,full_1fcs,1.0,0.8,0.1008839335588363,0.053297029765762935
532,5,Florescent,ridge,full_mfcs,1.0,0.8,0.1008839335588363,0.053297029765762935
533,1,Florescent,ridge,full_ex,1.0,0.48,0.17329159958825305,0.10065932030135857
533,1,Florescent,ridge,full_1fcs,1.0,1.58,0.17329159958825305,0.10065932030135857
533,1,Florescent,ridge,full_mfcs,1.0,1.58,0.17329159958825305,0.10065932030135857
533,2,Florescent,ridge,full_ex,1.0,0.46,0.160019952520221,0.3028185528846103
533,2,Florescent,ridge,full_1fcs,1.0,0.78,0.160019952520221,0.3028185528846103
533,2,Florescent,ridge,full_mfcs,1.0,1.16,0.160019952520221,0.3028185528846103
533,3,Florescent,ridge,full_ex,1.0,0.58,0.3027893926544378,0.12430634888318924
533,3,Florescent,ridge,full_1fcs,1.0,0.7000000000000001,0.3027893926544378,0.12430634888318924
533,3,Florescent,ridge,full_mfcs,1.0,1.02,0.3027893926544378,0.12430634888318924
533,4,Florescent,ridge,full_ex,1.0,0.52,0.21355698349486169,0.01870633739392455
533,4,Florescent,ridge,full_1fcs,1.0,0.86,0.21355698349486169,0.01870633739392455
533,4,Florescent,ridge,full_mfcs,1.0,0.92,0.21355698349486169,0.01870633739392455
533,5,Florescent,ridge,full_ex,1.0,0.44,0.14861118978931753,0.37813739924544215
533,5,Florescent,ridge,full_1fcs,1.0,0.98,0.14861118978931753,0.37813739924544215
533,5,Florescent,ridge,full_mfcs,1.0,0.98,0.14861118978931753,0.37813739924544215
534,1,Florescent,ridge,full_ex,1.0,0.5,0.15343344534429187,0.12774825772642764
534,1,Florescent,ridge,full_1fcs,1.0,0.6,0.15343344534429187,0.12774825772642764
534,1,Florescent,ridge,full_mfcs,1.0,0.6,0.15343344534429187,0.12774825772642764
534,2,Florescent,ridge,full_ex,1.0,0.54,0.21573930705063876,0.14731981770464964
534,2,Florescent,ridge,full_1fcs,1.0,0.54,0.21573930705063876,0.14731981770464964
534,2,Florescent,ridge,full_mfcs,1.0,0.8200000000000001,0.21573930705063876,0.14731981770464964
534,3,Florescent,ridge,full_ex,1.0,0.5,0.14734239892353157,0.14723376524332216
534,3,Florescent,ridge,full_1fcs,1.0,0.5,0.14734239892353157,0.14723376524332216
534,3,Florescent,ridge,full_mfcs,1.0,0.7000000000000001,0.14734239892353157,0.14723376524332216
534,4,Florescent,ridge,full_ex,1.0,0.5,0.1472880910480696,0.14571457387687414
534,4,Florescent,ridge,full_1fcs,1.0,0.5,0.1472880910480696,0.14571457387687414
534,4,Florescent,ridge,full_mfcs,1.0,0.8200000000000001,0.1472880910480696,0.14571457387687414
534,5,Florescent,ridge,full_ex,1.0,0.5,0.14676364303968042,0.1451752231882543
534,5,Florescent,ridge,full_1fcs,1.0,0.5,0.14676364303968042,0.1451752231882543
534,5,Florescent,ridge,full_mfcs,1.0,0.92,0.14676364303968042,0.1451752231882543
535,1,Florescent,ridge,full_ex,1.0,0.64,0.43731377122870463,0.5639522321911336
535,1,Florescent,ridge,full_1fcs,1.0,2.22,0.43731377122870463,0.5639522321911336
535,1,Florescent,ridge,full_mfcs,1.0,2.22,0.43731377122870463,0.5639522321911336
535,2,Florescent,ridge,full_ex,0.0,0.62,0.4586536960731326,0.07346631636948739
535,2,Florescent,ridge,full_1fcs,1.0,1.94,0.4586536960731326,0.07346631636948739
535,2,Florescent,ridge,full_mfcs,1.0,1.98,0.4586536960731326,0.07346631636948739
535,3,Florescent,ridge,full_ex,1.0,0.54,0.07354306793889709,0.07281230908071351
535,3,Florescent,ridge,full_1fcs,1.0,0.86,0.07354306793889709,0.07281230908071351
535,3,Florescent,ridge,full_mfcs,1.0,0.9400000000000001,0.07354306793889709,0.07281230908071351
535,4,Florescent,ridge,full_ex,1.0,0.36,0.07317772491645641,0.08405445666088635
535,4,Florescent,ridge,full_1fcs,1.0,0.98,0.07317772491645641,0.08405445666088635
535,4,Florescent,ridge,full_mfcs,1.0,0.98,0.07317772491645641,0.08405445666088635
535,5,Florescent,ridge,full_ex,1.0,0.36,0.07680306132397884,0.07389300931304724
535,5,Florescent,ridge,full_1fcs,1.0,1.0,0.07680306132397884,0.07389300931304724
535,5,Florescent,ridge,full_mfcs,1.0,1.0,0.07680306132397884,0.07389300931304724
536,1,Florescent,ridge,full_ex,1.0,0.46,0.12208768378390344,0.2035429862341266
536,1,Florescent,ridge,full_1fcs,1.0,0.92,0.12208768378390344,0.2035429862341266
536,1,Florescent,ridge,full_mfcs,1.0,0.92,0.12208768378390344,0.2035429862341266
536,2,Florescent,ridge,full_ex,1.0,0.5,0.14801164897365535,0.3116025211983121
536,2,Florescent,ridge,full_1fcs,1.0,0.62,0.14801164897365535,0.3116025211983121
536,2,Florescent,ridge,full_mfcs,1.0,0.62,0.14801164897365535,0.3116025211983121
536,3,Florescent,ridge,full_ex,1.0,0.66,0.3115567224469537,0.31892482184322696
536,3,Florescent,ridge,full_1fcs,1.0,0.76,0.3115567224469537,0.31892482184322696
536,3,Florescent,ridge,full_mfcs,1.0,0.76,0.3115567224469537,0.31892482184322696
536,4,Florescent,ridge,full_ex,1.0,0.66,0.31524025638097153,0.29347936290607657
536,4,Florescent,ridge,full_1fcs,1.0,0.74,0.31524025638097153,0.29347936290607657
536,4,Florescent,ridge,full_mfcs,1.0,0.74,0.31524025638097153,0.29347936290607657
536,5,Florescent,ridge,full_ex,1.0,0.66,0.30798730225588045,0.31089967909606436
536,5,Florescent,ridge,full_1fcs,1.0,0.74,0.30798730225588045,0.31089967909606436
536,5,Florescent,ridge,full_mfcs,1.0,0.74,0.30798730225588045,0.31089967909606436
537,1,Florescent,ridge,full_ex,1.0,0.84,0.3754049747353407,0.10306419479444724
537,1,Florescent,ridge,full_1fcs,1.0,0.88,0.3754049747353407,0.10306419479444724
537,1,Florescent,ridge,full_mfcs,1.0,0.88,0.3754049747353407,0.10306419479444724
537,2,Florescent,ridge,full_ex,1.0,0.78,0.22664149722736027,0.05653664467726066
537,2,Florescent,ridge,full_1fcs,1.0,1.56,0.22664149722736027,0.05653664467726066
537,2,Florescent,ridge,full_mfcs,1.0,1.56,0.22664149722736027,0.05653664467726066
537,3,Florescent,ridge,full_ex,1.0,0.56,0.056631240786731415,0.0888872814445153
537,3,Florescent,ridge,full_1fcs,1.0,0.52,0.056631240786731415,0.0888872814445153
537,3,Florescent,ridge,full_mfcs,1.0,0.56,0.056631240786731415,0.0888872814445153
537,4,Florescent,ridge,full_ex,1.0,0.6,0.07275477543369217,0.0660366513693147
537,4,Florescent,ridge,full_1fcs,1.0,0.52,0.07275477543369217,0.0660366513693147
537,4,Florescent,ridge,full_mfcs,1.0,0.6,0.07275477543369217,0.0660366513693147
537,5,Florescent,ridge,full_ex,1.0,0.6,0.07051581600860664,0.09264469102802647
537,5,Florescent,ridge,full_1fcs,1.0,0.52,0.07051581600860664,0.09264469102802647
537,5,Florescent,ridge,full_mfcs,1.0,0.6,0.07051581600860664,0.09264469102802647
538,1,Florescent,ridge,full_ex,1.0,0.64,0.03996792305321373,0.1147340588778542
538,1,Florescent,ridge,full_1fcs,1.0,0.8200000000000001,0.03996792305321373,0.1147340588778542
538,1,Florescent,ridge,full_mfcs,1.0,0.8200000000000001,0.03996792305321373,0.1147340588778542
538,2,Florescent,ridge,full_ex,1.0,0.66,0.1121374491904432,0.09674875518156482
538,2,Florescent,ridge,full_1fcs,1.0,0.84,0.1121374491904432,0.09674875518156482
538,2,Florescent,ridge,full_mfcs,1.0,1.2,0.1121374491904432,0.09674875518156482
538,3,Florescent,ridge,full_ex,1.0,0.68,0.09675130718249574,0.08896202783750946
538,3,Florescent,ridge,full_1fcs,1.0,0.84,0.09675130718249574,0.08896202783750946
538,3,Florescent,ridge,full_mfcs,1.0,0.92,0.09675130718249574,0.08896202783750946
538,4,Florescent,ridge,full_ex,1.0,0.68,0.09285699047235842,0.10744938226475488
538,4,Florescent,ridge,full_1fcs,1.0,0.92,0.09285699047235842,0.10744938226475488
538,4,Florescent,ridge,full_mfcs,1.0,0.98,0.09285699047235842,0.10744938226475488
538,5,Florescent,ridge,full_ex,1.0,0.68,0.09772085215720698,0.09512999431962717
538,5,Florescent,ridge,full_1fcs,1.0,0.92,0.09772085215720698,0.09512999431962717
538,5,Florescent,ridge,full_mfcs,1.0,0.98,0.09772085215720698,0.09512999431962717
539,1,Florescent,ridge,full_ex,1.0,0.2,-0.2128915964413642,0.09707071806548774
539,1,Florescent,ridge,full_1fcs,1.0,0.2,-0.2128915964413642,0.09707071806548774
539,1,Florescent,ridge,full_mfcs,1.0,0.2,-0.2128915964413642,0.09707071806548774
539,2,Florescent,ridge,full_ex,1.0,0.58,0.0852638810458479,0.16340095021206252
539,2,Florescent,ridge,full_1fcs,1.0,0.46,0.0852638810458479,0.16340095021206252
539,2,Florescent,ridge,full_mfcs,1.0,0.58,0.0852638810458479,0.16340095021206252
539,3,Florescent,ridge,full_ex,1.0,0.6,0.16337641807066638,0.16060775875533584
539,3,Florescent,ridge,full_1fcs,1.0,0.54,0.16337641807066638,0.16060775875533584
539,3,Florescent,ridge,full_mfcs,1.0,0.72,0.16337641807066638,0.16060775875533584
539,4,Florescent,ridge,full_ex,1.0,0.58,0.16199230576145707,0.1626804576904572
539,4,Florescent,ridge,full_1fcs,1.0,0.54,0.16199230576145707,0.1626804576904572
539,4,Florescent,ridge,full_mfcs,1.0,0.78,0.16199230576145707,0.1626804576904572
539,5,Florescent,ridge,full_ex,1.0,0.56,0.16222166572618776,0.16315932483533038
539,5,Florescent,ridge,full_1fcs,1.0,0.54,0.16222166572618776,0.16315932483533038
539,5,Florescent,ridge,full_mfcs,1.0,0.78,0.16222166572618776,0.16315932483533038
540,1,Florescent,ridge,full_ex,1.0,1.0,0.23794813475564752,0.11275349044845809
540,1,Florescent,ridge,full_1fcs,1.0,1.02,0.23794813475564752,0.11275349044845809
540,1,Florescent,ridge,full_mfcs,1.0,1.02,0.23794813475564752,0.11275349044845809
540,2,Florescent,ridge,full_ex,1.0,1.32,0.608742350592104,0.1512166562687103
540,2,Florescent,ridge,full_1fcs,1.0,2.22,0.608742350592104,0.1512166562687103
540,2,Florescent,ridge,full_mfcs,1.0,2.22,0.608742350592104,0.1512166562687103
540,3,Florescent,ridge,full_ex,1.0,1.08,0.1512913588469412,0.12810402515973968
540,3,Florescent,ridge,full_1fcs,1.0,1.08,0.1512913588469412,0.12810402515973968
540,3,Florescent,ridge,full_mfcs,1.0,1.08,0.1512913588469412,0.12810402515973968
540,4,Florescent,ridge,full_ex,1.0,0.9400000000000001,0.13969863855901357,0.13954113721713646
540,4,Florescent,ridge,full_1fcs,1.0,0.8,0.13969863855901357,0.13954113721713646
540,4,Florescent,ridge,full_mfcs,1.0,0.8,0.13969863855901357,0.13954113721713646
540,5,Florescent,ridge,full_ex,1.0,0.96,0.13964614096939068,0.13584269757204517
540,5,Florescent,ridge,full_1fcs,1.0,0.8,0.13964614096939068,0.13584269757204517
540,5,Florescent,ridge,full_mfcs,1.0,0.8,0.13964614096939068,0.13584269757204517
541,1,Florescent,ridge,full_ex,1.0,1.02,0.25251518885211144,0.12116439422330395
541,1,Florescent,ridge,full_1fcs,1.0,1.0,0.25251518885211144,0.12116439422330395
541,1,Florescent,ridge,full_mfcs,1.0,1.0,0.25251518885211144,0.12116439422330395
541,2,Florescent,ridge,full_ex,1.0,1.02,0.20526139257652623,0.15043671011270096
541,2,Florescent,ridge,full_1fcs,1.0,0.76,0.20526139257652623,0.15043671011270096
541,2,Florescent,ridge,full_mfcs,1.0,1.12,0.20526139257652623,0.15043671011270096
541,3,Florescent,ridge,full_ex,1.0,1.0,0.15044510507525613,0.19259681180710855
541,3,Florescent,ridge,full_1fcs,1.0,0.7000000000000001,0.15044510507525613,0.19259681180710855
541,3,Florescent,ridge,full_mfcs,1.0,0.7000000000000001,0.15044510507525613,0.19259681180710855
541,4,Florescent,ridge,full_ex,1.0,1.02,0.1715193447113069,0.1436444786161187
541,4,Florescent,ridge,full_1fcs,1.0,0.72,0.1715193447113069,0.1436444786161187
541,4,Florescent,ridge,full_mfcs,1.0,0.72,0.1715193447113069,0.1436444786161187
541,5,Florescent,ridge,full_ex,1.0,1.0,0.16222819698261237,0.14316915846229733
541,5,Florescent,ridge,full_1fcs,1.0,0.72,0.16222819698261237,0.14316915846229733
541,5,Florescent,ridge,full_mfcs,1.0,0.72,0.16222819698261237,0.14316915846229733
542,1,Florescent,ridge,full_ex,1.0,0.26,0.00968115569050834,0.0
542,1,Florescent,ridge,full_1fcs,1.0,0.52,0.00968115569050834,0.0
542,1,Florescent,ridge,full_mfcs,1.0,0.52,0.00968115569050834,0.0
542,2,Florescent,ridge,full_ex,1.0,0.28,0.055961831446950536,0.0479584951808682
542,2,Florescent,ridge,full_1fcs,1.0,0.34,0.055961831446950536,0.0479584951808682
542,2,Florescent,ridge,full_mfcs,1.0,0.98,0.055961831446950536,0.0479584951808682
542,3,Florescent,ridge,full_ex,1.0,0.28,0.04796070139636263,0.07939763354184275
542,3,Florescent,ridge,full_1fcs,1.0,0.36,0.04796070139636263,0.07939763354184275
542,3,Florescent,ridge,full_mfcs,1.0,0.68,0.04796070139636263,0.07939763354184275
542,4,Florescent,ridge,full_ex,1.0,0.28,0.06367700067815525,0.0463096654183351
542,4,Florescent,ridge,full_1fcs,1.0,0.48,0.06367700067815525,0.0463096654183351
542,4,Florescent,ridge,full_mfcs,1.0,0.7000000000000001,0.06367700067815525,0.0463096654183351
542,5,Florescent,ridge,full_ex,1.0,0.28,0.05788842096952072,0.08219652795551688
542,5,Florescent,ridge,full_1fcs,1.0,0.6,0.05788842096952072,0.08219652795551688
542,5,Florescent,ridge,full_mfcs,1.0,0.68,0.05788842096952072,0.08219652795551688
543,1,Florescent,ridge,full_ex,1.0,0.96,0.3333482627326239,0.5874450456942624
543,1,Florescent,ridge,full_1fcs,1.0,1.1,0.3333482627326239,0.5874450456942624
543,1,Florescent,ridge,full_mfcs,1.0,1.1,0.3333482627326239,0.5874450456942624
543,2,Florescent,ridge,full_ex,0.0,0.96,0.4911659941775683,1.0696323786685988
543,2,Florescent,ridge,full_1fcs,1.0,2.22,0.4911659941775683,1.0696323786685988
543,2,Florescent,ridge,full_mfcs,1.0,2.22,0.4911659941775683,1.0696323786685988
543,3,Florescent,ridge,full_ex,1.0,0.92,1.0694217125085224,0.8540149505179397
543,3,Florescent,ridge,full_1fcs,1.0,1.78,1.0694217125085224,0.8540149505179397
543,3,Florescent,ridge,full_mfcs,1.0,1.78,1.0694217125085224,0.8540149505179397
543,4,Florescent,ridge,full_ex,1.0,0.9400000000000001,0.9617379468186121,0.9327819086168744
543,4,Florescent,ridge,full_1fcs,1.0,1.62,0.9617379468186121,0.9327819086168744
543,4,Florescent,ridge,full_mfcs,1.0,1.32,0.9617379468186121,0.9327819086168744
543,5,Florescent,ridge,full_ex,1.0,0.9400000000000001,0.9520871060608642,0.9250968734260016
543,5,Florescent,ridge,full_1fcs,1.0,1.6,0.9520871060608642,0.9250968734260016
543,5,Florescent,ridge,full_mfcs,1.0,1.34,0.9520871060608642,0.9250968734260016
544,1,Florescent,ridge,full_ex,1.0,0.76,0.5175780679685295,0.12765653994858384
544,1,Florescent,ridge,full_1fcs,1.0,2.22,0.5175780679685295,0.12765653994858384
544,1,Florescent,ridge,full_mfcs,1.0,2.22,0.5175780679685295,0.12765653994858384
544,2,Florescent,ridge,full_ex,0.0,0.8,0.4093632646168535,1.156971590877038
544,2,Florescent,ridge,full_1fcs,1.0,1.54,0.4093632646168535,1.156971590877038
544,2,Florescent,ridge,full_mfcs,1.0,1.8800000000000001,0.4093632646168535,1.156971590877038
544,3,Florescent,ridge,full_ex,1.0,1.2,1.1567579782240227,1.1576221436449794
544,3,Florescent,ridge,full_1fcs,1.0,1.78,1.1567579782240227,1.1576221436449794
544,3,Florescent,ridge,full_mfcs,1.0,2.16,1.1567579782240227,1.1576221436449794
544,4,Florescent,ridge,full_ex,1.0,1.02,1.1571899991953494,1.1570825265719713
544,4,Florescent,ridge,full_1fcs,1.0,1.8800000000000001,1.1571899991953494,1.1570825265719713
544,4,Florescent,ridge,full_mfcs,1.0,1.48,1.1571899991953494,1.1570825265719713
544,5,Florescent,ridge,full_ex,1.0,1.02,1.157154178399435,1.1595388012302583
544,5,Florescent,ridge,full_1fcs,1.0,1.9000000000000001,1.157154178399435,1.1595388012302583
544,5,Florescent,ridge,full_mfcs,1.0,1.54,1.157154178399435,1.1595388012302583
545,1,Florescent,ridge,full_ex,1.0,1.0,0.318052096952311,0.11628722363957282
545,1,Florescent,ridge,full_1fcs,1.0,1.6,0.318052096952311,0.11628722363957282
545,1,Florescent,ridge,full_mfcs,1.0,1.6,0.318052096952311,0.11628722363957282
545,2,Florescent,ridge,full_ex,1.0,0.78,0.14252041927216075,0.11563084755019352
545,2,Florescent,ridge,full_1fcs,1.0,0.78,0.14252041927216075,0.11563084755019352
545,2,Florescent,ridge,full_mfcs,1.0,0.88,0.14252041927216075,0.11563084755019352
545,3,Florescent,ridge,full_ex,1.0,0.78,0.11563971857767058,0.11628101008126719
545,3,Florescent,ridge,full_1fcs,1.0,0.78,0.11563971857767058,0.11628101008126719
545,3,Florescent,ridge,full_mfcs,1.0,0.78,0.11563971857767058,0.11628101008126719
545,4,Florescent,ridge,full_ex,1.0,0.8,0.11596031142934926,0.12980854820152612
545,4,Florescent,ridge,full_1fcs,1.0,0.8,0.11596031142934926,0.12980854820152612
545,4,Florescent,ridge,full_mfcs,1.0,0.8,0.11596031142934926,0.12980854820152612
545,5,Florescent,ridge,full_ex,1.0,0.8,0.12057588261747611,0.10882786487619561
545,5,Florescent,ridge,full_1fcs,1.0,0.8,0.12057588261747611,0.10882786487619561
545,5,Florescent,ridge,full_mfcs,1.0,0.8,0.12057588261747611,0.10882786487619561
546,1,Florescent,ridge,full_ex,1.0,0.52,0.11299930331716088,0.3367506730570573
546,1,Florescent,ridge,full_1fcs,1.0,1.0,0.11299930331716088,0.3367506730570573
546,1,Florescent,ridge,full_mfcs,1.0,1.0,0.11299930331716088,0.3367506730570573
546,2,Florescent,ridge,full_ex,1.0,0.84,0.24361990979971807,0.20499344902564642
546,2,Florescent,ridge,full_1fcs,1.0,0.84,0.24361990979971807,0.20499344902564642
546,2,Florescent,ridge,full_mfcs,1.0,0.84,0.24361990979971807,0.20499344902564642
546,3,Florescent,ridge,full_ex,1.0,0.66,0.2050108259652329,0.18671393962603627
546,3,Florescent,ridge,full_1fcs,1.0,0.9400000000000001,0.2050108259652329,0.18671393962603627
546,3,Florescent,ridge,full_mfcs,1.0,0.9400000000000001,0.2050108259652329,0.18671393962603627
546,4,Florescent,ridge,full_ex,1.0,0.6,0.1958644410716073,0.14294197062896832
546,4,Florescent,ridge,full_1fcs,1.0,0.98,0.1958644410716073,0.14294197062896832
546,4,Florescent,ridge,full_mfcs,1.0,0.98,0.1958644410716073,0.14294197062896832
546,5,Florescent,ridge,full_ex,1.0,0.56,0.17822626375075395,0.11506929786526326
546,5,Florescent,ridge,full_1fcs,1.0,1.0,0.17822626375075395,0.11506929786526326
546,5,Florescent,ridge,full_mfcs,1.0,1.0,0.17822626375075395,0.11506929786526326
547,1,Florescent,ridge,full_ex,1.0,0.44,0.01678048254286815,0.07769844202529504
547,1,Florescent,ridge,full_1fcs,1.0,1.02,0.01678048254286815,0.07769844202529504
547,1,Florescent,ridge,full_mfcs,1.0,1.02,0.01678048254286815,0.07769844202529504
547,2,Florescent,ridge,full_ex,1.0,0.5,0.04798847745227308,0.12675592485220585
547,2,Florescent,ridge,full_1fcs,1.0,0.8200000000000001,0.04798847745227308,0.12675592485220585
547,2,Florescent,ridge,full_mfcs,1.0,1.2,0.04798847745227308,0.12675592485220585
547,3,Florescent,ridge,full_ex,1.0,0.56,0.126744268299665,0.11472343573237234
547,3,Florescent,ridge,full_1fcs,1.0,0.8,0.126744268299665,0.11472343573237234
547,3,Florescent,ridge,full_mfcs,1.0,0.8200000000000001,0.126744268299665,0.11472343573237234
547,4,Florescent,ridge,full_ex,1.0,0.56,0.12073429677969322,0.07417118807760006
547,4,Florescent,ridge,full_1fcs,1.0,0.8200000000000001,0.12073429677969322,0.07417118807760006
547,4,Florescent,ridge,full_mfcs,1.0,0.8200000000000001,0.12073429677969322,0.07417118807760006
547,5,Florescent,ridge,full_ex,1.0,0.52,0.10521402625859226,0.07916351188139863
547,5,Florescent,ridge,full_1fcs,1.0,0.8,0.10521402625859226,0.07916351188139863
547,5,Florescent,ridge,full_mfcs,1.0,0.8,0.10521402625859226,0.07916351188139863
548,1,Florescent,ridge,full_ex,1.0,0.9400000000000001,0.33648857231650187,0.14852453764355533
548,1,Florescent,ridge,full_1fcs,1.0,1.34,0.33648857231650187,0.14852453764355533
548,1,Florescent,ridge,full_mfcs,1.0,1.34,0.33648857231650187,0.14852453764355533
548,2,Florescent,ridge,full_ex,1.0,0.8200000000000001,0.011084019395951852,0.14485724991176674
548,2,Florescent,ridge,full_1fcs,1.0,0.54,0.011084019395951852,0.14485724991176674
548,2,Florescent,ridge,full_mfcs,1.0,0.76,0.011084019395951852,0.14485724991176674
548,3,Florescent,ridge,full_ex,1.0,0.92,0.14483301126090534,0.07540475881432318
548,3,Florescent,ridge,full_1fcs,1.0,0.64,0.14483301126090534,0.07540475881432318
548,3,Florescent,ridge,full_mfcs,1.0,0.64,0.14483301126090534,0.07540475881432318
548,4,Florescent,ridge,full_ex,1.0,0.86,0.1101220302854741,0.22587626244628664
548,4,Florescent,ridge,full_1fcs,1.0,0.6,0.1101220302854741,0.22587626244628664
548,4,Florescent,ridge,full_mfcs,1.0,0.6,0.1101220302854741,0.22587626244628664
548,5,Florescent,ridge,full_ex,1.0,0.9,0.14870444364015592,0.012863007900889789
548,5,Florescent,ridge,full_1fcs,1.0,0.62,0.14870444364015592,0.012863007900889789
548,5,Florescent,ridge,full_mfcs,1.0,0.62,0.14870444364015592,0.012863007900889789
549,1,Florescent,ridge,full_ex,1.0,0.64,0.23672999458383814,0.08639123582197061
549,1,Florescent,ridge,full_1fcs,1.0,1.42,0.23672999458383814,0.08639123582197061
549,1,Florescent,ridge,full_mfcs,1.0,1.42,0.23672999458383814,0.08639123582197061
549,2,Florescent,ridge,full_ex,1.0,0.54,0.08503433221080421,0.07900701242276569
549,2,Florescent,ridge,full_1fcs,1.0,0.84,0.08503433221080421,0.07900701242276569
549,2,Florescent,ridge,full_mfcs,1.0,1.46,0.08503433221080421,0.07900701242276569
549,3,Florescent,ridge,full_ex,1.0,0.5,0.07900790854493221,0.12202650838470391
549,3,Florescent,ridge,full_1fcs,1.0,0.68,0.07900790854493221,0.12202650838470391
549,3,Florescent,ridge,full_mfcs,1.0,0.9400000000000001,0.07900790854493221,0.12202650838470391
549,4,Florescent,ridge,full_ex,1.0,0.5,0.10051560938035224,0.0846531459332544
549,4,Florescent,ridge,full_1fcs,1.0,0.96,0.10051560938035224,0.0846531459332544
549,4,Florescent,ridge,full_mfcs,1.0,0.96,0.10051560938035224,0.0846531459332544
549,5,Florescent,ridge,full_ex,1.0,0.48,0.09522838363297449,0.11255123733748418
549,5,Florescent,ridge,full_1fcs,1.0,0.96,0.09522838363297449,0.11255123733748418
549,5,Florescent,ridge,full_mfcs,1.0,0.96,0.09522838363297449,0.11255123733748418
550,1,Florescent,ridge,full_ex,1.0,0.9,0.18329629879774412,0.09628726887876116
550,1,Florescent,ridge,full_1fcs,1.0,0.9400000000000001,0.18329629879774412,0.09628726887876116
550,1,Florescent,ridge,full_mfcs,1.0,0.9400000000000001,0.18329629879774412,0.09628726887876116
550,2,Florescent,ridge,full_ex,1.0,0.7000000000000001,-0.06890164902316569,0.011449932059605157
550,2,Florescent,ridge,full_1fcs,1.0,0.8200000000000001,-0.06890164902316569,0.011449932059605157
550,2,Florescent,ridge,full_mfcs,1.0,0.8200000000000001,-0.06890164902316569,0.011449932059605157
550,3,Florescent,ridge,full_ex,1.0,0.7000000000000001,0.011421545518707889,0.08867044730191928
550,3,Florescent,ridge,full_1fcs,1.0,0.7000000000000001,0.011421545518707889,0.08867044730191928
550,3,Florescent,ridge,full_mfcs,1.0,0.68,0.011421545518707889,0.08867044730191928
550,4,Florescent,ridge,full_ex,1.0,0.74,0.050039172598962026,0.11267097992904705
550,4,Florescent,ridge,full_1fcs,1.0,0.74,0.050039172598962026,0.11267097992904705
550,4,Florescent,ridge,full_mfcs,1.0,0.72,0.050039172598962026,0.11267097992904705
550,5,Florescent,ridge,full_ex,1.0,0.76,0.07091398262687608,0.0
550,5,Florescent,ridge,full_1fcs,1.0,0.76,0.07091398262687608,0.0
550,5,Florescent,ridge,full_mfcs,1.0,0.74,0.07091398262687608,0.0
551,1,Florescent,ridge,full_ex,1.0,0.9400000000000001,0.2280596524119134,0.09785173751620638
551,1,Florescent,ridge,full_1fcs,1.0,1.08,0.2280596524119134,0.09785173751620638
551,1,Florescent,ridge,full_mfcs,1.0,1.08,0.2280596524119134,0.09785173751620638
551,2,Florescent,ridge,full_ex,1.0,0.74,0.05631371407412636,0.09945330844341793
551,2,Florescent,ridge,full_1fcs,1.0,0.7000000000000001,0.05631371407412636,0.09945330844341793
551,2,Florescent,ridge,full_mfcs,1.0,0.8200000000000001,0.05631371407412636,0.09945330844341793
551,3,Florescent,ridge,full_ex,1.0,0.78,0.09944606192224134,0.11929625418860632
551,3,Florescent,ridge,full_1fcs,1.0,0.68,0.09944606192224134,0.11929625418860632
551,3,Florescent,ridge,full_mfcs,1.0,0.68,0.09944606192224134,0.11929625418860632
551,4,Florescent,ridge,full_ex,1.0,0.78,0.10937032438562382,0.12997454637591732
551,4,Florescent,ridge,full_1fcs,1.0,0.68,0.10937032438562382,0.12997454637591732
551,4,Florescent,ridge,full_mfcs,1.0,0.68,0.10937032438562382,0.12997454637591732
551,5,Florescent,ridge,full_ex,1.0,0.8,0.11623801377707065,0.12226670344881896
551,5,Florescent,ridge,full_1fcs,1.0,0.68,0.11623801377707065,0.12226670344881896
551,5,Florescent,ridge,full_mfcs,1.0,0.68,0.11623801377707065,0.12226670344881896
552,1,Florescent,ridge,full_ex,1.0,0.22,0.07549055782290875,0.06542308764033511
552,1,Florescent,ridge,full_1fcs,1.0,0.22,0.07549055782290875,0.06542308764033511
552,1,Florescent,ridge,full_mfcs,1.0,0.22,0.07549055782290875,0.06542308764033511
552,2,Florescent,ridge,full_ex,1.0,0.2,0.04415876471915211,0.08966424134271342
552,2,Florescent,ridge,full_1fcs,1.0,0.2,0.04415876471915211,0.08966424134271342
552,2,Florescent,ridge,full_mfcs,1.0,0.66,0.04415876471915211,0.08966424134271342
552,3,Florescent,ridge,full_ex,1.0,0.24,0.08964729691045159,0.06796647897299062
552,3,Florescent,ridge,full_1fcs,1.0,0.24,0.08964729691045159,0.06796647897299062
552,3,Florescent,ridge,full_mfcs,1.0,0.24,0.08964729691045159,0.06796647897299062
552,4,Florescent,ridge,full_ex,1.0,0.2,0.07880890658650164,0.07290604743842025
552,4,Florescent,ridge,full_1fcs,1.0,0.2,0.07880890658650164,0.07290604743842025
552,4,Florescent,ridge,full_mfcs,1.0,0.2,0.07880890658650164,0.07290604743842025
552,5,Florescent,ridge,full_ex,1.0,0.2,0.07684153115226493,0.11178148512917535
552,5,Florescent,ridge,full_1fcs,1.0,0.2,0.07684153115226493,0.11178148512917535
552,5,Florescent,ridge,full_mfcs,1.0,0.2,0.07684153115226493,0.11178148512917535
553,1,Florescent,ridge,full_ex,1.0,0.58,-0.17381093604482334,0.06796372420904029
553,1,Florescent,ridge,full_1fcs,1.0,0.58,-0.17381093604482334,0.06796372420904029
553,1,Florescent,ridge,full_mfcs,1.0,0.58,-0.17381093604482334,0.06796372420904029
553,2,Florescent,ridge,full_ex,1.0,0.9,0.15100206248840697,0.07488485485314145
553,2,Florescent,ridge,full_1fcs,1.0,1.16,0.15100206248840697,0.07488485485314145
553,2,Florescent,ridge,full_mfcs,1.0,1.16,0.15100206248840697,0.07488485485314145
553,3,Florescent,ridge,full_ex,1.0,0.86,0.07491805452347919,0.07382270965980609
553,3,Florescent,ridge,full_1fcs,1.0,0.86,0.07491805452347919,0.07382270965980609
553,3,Florescent,ridge,full_mfcs,1.0,0.86,0.07491805452347919,0.07382270965980609
553,4,Florescent,ridge,full_ex,1.0,0.8,0.07437050155714986,0.0757980140124737
553,4,Florescent,ridge,full_1fcs,1.0,0.8,0.07437050155714986,0.0757980140124737
553,4,Florescent,ridge,full_mfcs,1.0,0.8,0.07437050155714986,0.0757980140124737
553,5,Florescent,ridge,full_ex,1.0,0.78,0.07484626984045471,0.07684824943479891
553,5,Florescent,ridge,full_1fcs,1.0,0.78,0.07484626984045471,0.07684824943479891
553,5,Florescent,ridge,full_mfcs,1.0,0.78,0.07484626984045471,0.07684824943479891
554,1,Florescent,ridge,full_ex,0.0,1.34,0.5341217741264027,1.3323062685941993
554,1,Florescent,ridge,full_1fcs,1.0,2.0,0.5341217741264027,1.3323062685941993
554,1,Florescent,ridge,full_mfcs,1.0,2.0,0.5341217741264027,1.3323062685941993
554,2,Florescent,ridge,full_ex,1.0,1.6400000000000001,1.0033399249371735,1.2486563701855193
554,2,Florescent,ridge,full_1fcs,1.0,1.52,1.0033399249371735,1.2486563701855193
554,2,Florescent,ridge,full_mfcs,1.0,2.22,1.0033399249371735,1.2486563701855193
554,3,Florescent,ridge,full_ex,1.0,1.48,1.248548579529344,1.1741829127614938
554,3,Florescent,ridge,full_1fcs,1.0,1.6400000000000001,1.248548579529344,1.1741829127614938
554,3,Florescent,ridge,full_mfcs,1.0,1.48,1.248548579529344,1.1741829127614938
554,4,Florescent,ridge,full_ex,1.0,1.5,1.211373916903325,1.220865450795661
554,4,Florescent,ridge,full_1fcs,1.0,1.6600000000000001,1.211373916903325,1.220865450795661
554,4,Florescent,ridge,full_mfcs,1.0,1.44,1.211373916903325,1.220865450795661
554,5,Florescent,ridge,full_ex,1.0,1.5,1.2145372980070608,1.2052931651760923
554,5,Florescent,ridge,full_1fcs,1.0,1.68,1.2145372980070608,1.2052931651760923
554,5,Florescent,ridge,full_mfcs,1.0,1.48,1.2145372980070608,1.2052931651760923
555,1,Florescent,ridge,full_ex,1.0,0.9400000000000001,0.2741261053735471,0.10926967165805476
555,1,Florescent,ridge,full_1fcs,1.0,0.9400000000000001,0.2741261053735471,0.10926967165805476
555,1,Florescent,ridge,full_mfcs,1.0,0.9400000000000001,0.2741261053735471,0.10926967165805476
555,2,Florescent,ridge,full_ex,1.0,1.22,0.5003136732919937,0.07558783569592276
555,2,Florescent,ridge,full_1fcs,1.0,1.1,0.5003136732919937,0.07558783569592276
555,2,Florescent,ridge,full_mfcs,1.0,1.22,0.5003136732919937,0.07558783569592276
555,3,Florescent,ridge,full_ex,1.0,0.9400000000000001,0.07580076756293848,0.06884029625404278
555,3,Florescent,ridge,full_1fcs,1.0,0.9400000000000001,0.07580076756293848,0.06884029625404278
555,3,Florescent,ridge,full_mfcs,1.0,0.9400000000000001,0.07580076756293848,0.06884029625404278
555,4,Florescent,ridge,full_ex,1.0,0.84,0.0723214045172108,0.07403107809643922
555,4,Florescent,ridge,full_1fcs,1.0,0.84,0.0723214045172108,0.07403107809643922
555,4,Florescent,ridge,full_mfcs,1.0,0.84,0.0723214045172108,0.07403107809643922
555,5,Florescent,ridge,full_ex,1.0,0.84,0.07289120044096768,0.07168983565798477
555,5,Florescent,ridge,full_1fcs,1.0,0.84,0.07289120044096768,0.07168983565798477
555,5,Florescent,ridge,full_mfcs,1.0,0.84,0.07289120044096768,0.07168983565798477
556,1,Florescent,ridge,full_ex,1.0,0.96,0.6036895266796836,0.9415926815570603
556,1,Florescent,ridge,full_1fcs,1.0,2.22,0.6036895266796836,0.9415926815570603
556,1,Florescent,ridge,full_mfcs,1.0,2.22,0.6036895266796836,0.9415926815570603
556,2,Florescent,ridge,full_ex,1.0,0.9,0.7932225506497371,1.1402735133250443
556,2,Florescent,ridge,full_1fcs,1.0,2.22,0.7932225506497371,1.1402735133250443
556,2,Florescent,ridge,full_mfcs,1.0,2.22,0.7932225506497371,1.1402735133250443
556,3,Florescent,ridge,full_ex,1.0,0.9400000000000001,1.1402036256948362,1.1387550941707318
556,3,Florescent,ridge,full_1fcs,1.0,1.58,1.1402036256948362,1.1387550941707318
556,3,Florescent,ridge,full_mfcs,1.0,1.58,1.1402036256948362,1.1387550941707318
556,4,Florescent,ridge,full_ex,1.0,0.8,1.1394794328657827,1.138328155677483
556,4,Florescent,ridge,full_1fcs,1.0,1.68,1.1394794328657827,1.138328155677483
556,4,Florescent,ridge,full_mfcs,1.0,1.44,1.1394794328657827,1.138328155677483
556,5,Florescent,ridge,full_ex,1.0,0.78,1.1390956995655594,1.134778740988113
556,5,Florescent,ridge,full_1fcs,1.0,1.7,1.1390956995655594,1.134778740988113
556,5,Florescent,ridge,full_mfcs,1.0,1.48,1.1390956995655594,1.134778740988113
557,1,Florescent,ridge,full_ex,1.0,1.04,0.4063091347168696,0.10866253159364034
557,1,Florescent,ridge,full_1fcs,1.0,1.58,0.4063091347168696,0.10866253159364034
557,1,Florescent,ridge,full_mfcs,1.0,1.58,0.4063091347168696,0.10866253159364034
557,2,Florescent,ridge,full_ex,1.0,0.88,0.02654473654349361,0.0
557,2,Florescent,ridge,full_1fcs,1.0,0.88,0.02654473654349361,0.0
557,2,Florescent,ridge,full_mfcs,1.0,0.88,0.02654473654349361,0.0
557,3,Florescent,ridge,full_ex,1.0,0.74,8.186905581299489e-06,0.20153303287241953
557,3,Florescent,ridge,full_1fcs,1.0,0.74,8.186905581299489e-06,0.20153303287241953
557,3,Florescent,ridge,full_mfcs,1.0,0.8,8.186905581299489e-06,0.20153303287241953
557,4,Florescent,ridge,full_ex,1.0,0.84,0.1007550689609498,0.02052850364671027
557,4,Florescent,ridge,full_1fcs,1.0,0.84,0.1007550689609498,0.02052850364671027
557,4,Florescent,ridge,full_mfcs,1.0,0.9400000000000001,0.1007550689609498,0.02052850364671027
557,5,Florescent,ridge,full_ex,1.0,0.8,0.07401563035666027,0.10238831568093128
557,5,Florescent,ridge,full_1fcs,1.0,0.8,0.07401563035666027,0.10238831568093128
557,5,Florescent,ridge,full_mfcs,1.0,0.9,0.07401563035666027,0.10238831568093128
558,1,Florescent,ridge,full_ex,1.0,0.9,0.36055945706919745,0.11650891615114295
558,1,Florescent,ridge,full_1fcs,1.0,1.7,0.36055945706919745,0.11650891615114295
558,1,Florescent,ridge,full_mfcs,1.0,1.7,0.36055945706919745,0.11650891615114295
558,2,Florescent,ridge,full_ex,1.0,0.66,0.12023057844165622,0.014560610555945222
558,2,Florescent,ridge,full_1fcs,1.0,0.66,0.12023057844165622,0.014560610555945222
558,2,Florescent,ridge,full_mfcs,1.0,1.02,0.12023057844165622,0.014560610555945222
558,3,Florescent,ridge,full_ex,1.0,0.56,0.014578861223097893,0.0824746363476057
558,3,Florescent,ridge,full_1fcs,1.0,0.56,0.014578861223097893,0.0824746363476057
558,3,Florescent,ridge,full_mfcs,1.0,0.56,0.014578861223097893,0.0824746363476057
558,4,Florescent,ridge,full_ex,1.0,0.6,0.04852381689654024,0.0
558,4,Florescent,ridge,full_1fcs,1.0,0.6,0.04852381689654024,0.0
558,4,Florescent,ridge,full_mfcs,1.0,0.6,0.04852381689654024,0.0
558,5,Florescent,ridge,full_ex,1.0,0.58,0.032350142564041395,0.03704625517574669
558,5,Florescent,ridge,full_1fcs,1.0,0.58,0.032350142564041395,0.03704625517574669
558,5,Florescent,ridge,full_mfcs,1.0,0.58,0.032350142564041395,0.03704625517574669
559,1,Florescent,ridge,full_ex,1.0,0.24,-0.042193950393288396,0.20063396280144807
559,1,Florescent,ridge,full_1fcs,1.0,0.26,-0.042193950393288396,0.20063396280144807
559,1,Florescent,ridge,full_mfcs,1.0,0.26,-0.042193950393288396,0.20063396280144807
559,2,Florescent,ridge,full_ex,1.0,0.54,0.2908945583034017,0.09793955568432325
559,2,Florescent,ridge,full_1fcs,1.0,0.86,0.2908945583034017,0.09793955568432325
559,2,Florescent,ridge,full_mfcs,1.0,0.98,0.2908945583034017,0.09793955568432325
559,3,Florescent,ridge,full_ex,1.0,0.38,0.09805234786142202,0.09801752540133105
559,3,Florescent,ridge,full_1fcs,1.0,0.5,0.09805234786142202,0.09801752540133105
559,3,Florescent,ridge,full_mfcs,1.0,0.5,0.09805234786142202,0.09801752540133105
559,4,Florescent,ridge,full_ex,1.0,0.38,0.0980349417219942,0.0978974355483091
559,4,Florescent,ridge,full_1fcs,1.0,0.38,0.0980349417219942,0.0978974355483091
559,4,Florescent,ridge,full_mfcs,1.0,0.38,0.0980349417219942,0.0978974355483091
559,5,Florescent,ridge,full_ex,1.0,0.4,0.09798911526439306,0.09794519913822859
559,5,Florescent,ridge,full_1fcs,1.0,0.4,0.09798911526439306,0.09794519913822859
559,5,Florescent,ridge,full_mfcs,1.0,0.4,0.09798911526439306,0.09794519913822859
560,1,Florescent,ridge,full_ex,0.0,0.72,0.3021480468301016,1.1959134996581742
560,1,Florescent,ridge,full_1fcs,0.0,1.5,0.3021480468301016,1.1959134996581742
560,1,Florescent,ridge,full_mfcs,0.0,1.5,0.3021480468301016,1.1959134996581742
560,2,Florescent,ridge,full_ex,1.0,0.98,0.8145340212546943,0.6587011580404603
560,2,Florescent,ridge,full_1fcs,1.0,1.2,0.8145340212546943,0.6587011580404603
560,2,Florescent,ridge,full_mfcs,1.0,1.18,0.8145340212546943,0.6587011580404603
560,3,Florescent,ridge,full_ex,1.0,0.9400000000000001,0.6587585014151905,0.8194482464023598
560,3,Florescent,ridge,full_1fcs,1.0,1.08,0.6587585014151905,0.8194482464023598
560,3,Florescent,ridge,full_mfcs,1.0,1.08,0.6587585014151905,0.8194482464023598
560,4,Florescent,ridge,full_ex,1.0,0.88,0.7390885885355931,1.0571708842452483
560,4,Florescent,ridge,full_1fcs,1.0,1.1400000000000001,0.7390885885355931,1.0571708842452483
560,4,Florescent,ridge,full_mfcs,1.0,1.1400000000000001,0.7390885885355931,1.0571708842452483
560,5,Florescent,ridge,full_ex,1.0,0.9,0.8451030119229438,0.3450125200959908
560,5,Florescent,ridge,full_1fcs,1.0,1.22,0.8451030119229438,0.3450125200959908
560,5,Florescent,ridge,full_mfcs,1.0,1.22,0.8451030119229438,0.3450125200959908
561,1,Florescent,ridge,full_ex,0.0,0.96,0.5562143259458746,0.15500115911297008
561,1,Florescent,ridge,full_1fcs,1.0,1.2,0.5562143259458746,0.15500115911297008
561,1,Florescent,ridge,full_mfcs,1.0,1.2,0.5562143259458746,0.15500115911297008
561,2,Florescent,ridge,full_ex,1.0,1.3,0.11414094427073715,0.07998128409952292
561,2,Florescent,ridge,full_1fcs,1.0,1.9000000000000001,0.11414094427073715,0.07998128409952292
561,2,Florescent,ridge,full_mfcs,1.0,1.9000000000000001,0.11414094427073715,0.07998128409952292
561,3,Florescent,ridge,full_ex,1.0,0.46,0.08001069175326828,0.019871904594311048
561,3,Florescent,ridge,full_1fcs,1.0,1.3,0.08001069175326828,0.019871904594311048
561,3,Florescent,ridge,full_mfcs,1.0,1.3,0.08001069175326828,0.019871904594311048
561,4,Florescent,ridge,full_ex,1.0,0.38,0.04995424694290676,0.04877990718812764
561,4,Florescent,ridge,full_1fcs,1.0,1.28,0.04995424694290676,0.04877990718812764
561,4,Florescent,ridge,full_mfcs,1.0,1.28,0.04995424694290676,0.04877990718812764
561,5,Florescent,ridge,full_ex,1.0,0.4,0.049562912753188776,0.1034463114404773
561,5,Florescent,ridge,full_1fcs,1.0,1.3,0.049562912753188776,0.1034463114404773
561,5,Florescent,ridge,full_mfcs,1.0,1.3,0.049562912753188776,0.1034463114404773
562,1,Florescent,ridge,full_ex,1.0,0.48,0.20647255188865085,0.1162508304735487
562,1,Florescent,ridge,full_1fcs,1.0,1.46,0.20647255188865085,0.1162508304735487
562,1,Florescent,ridge,full_mfcs,1.0,1.46,0.20647255188865085,0.1162508304735487
562,2,Florescent,ridge,full_ex,1.0,0.42,0.276448244286978,0.18582731366651262
562,2,Florescent,ridge,full_1fcs,1.0,0.8,0.276448244286978,0.18582731366651262
562,2,Florescent,ridge,full_mfcs,1.0,1.2,0.276448244286978,0.18582731366651262
562,3,Florescent,ridge,full_ex,1.0,0.4,0.18585093238848047,0.03433993662259281
562,3,Florescent,ridge,full_1fcs,1.0,0.64,0.18585093238848047,0.03433993662259281
562,3,Florescent,ridge,full_mfcs,1.0,0.64,0.18585093238848047,0.03433993662259281
562,4,Florescent,ridge,full_ex,1.0,0.34,0.11010530794819498,0.10864223412556828
562,4,Florescent,ridge,full_1fcs,1.0,0.62,0.11010530794819498,0.10864223412556828
562,4,Florescent,ridge,full_mfcs,1.0,0.62,0.11010530794819498,0.10864223412556828
562,5,Florescent,ridge,full_ex,1.0,0.34,0.10961765905144452,0.19952993875713826
562,5,Florescent,ridge,full_1fcs,1.0,0.62,0.10961765905144452,0.19952993875713826
562,5,Florescent,ridge,full_mfcs,1.0,0.62,0.10961765905144452,0.19952993875713826
563,1,Florescent,ridge,full_ex,1.0,0.76,-0.05459287982968867,0.22907332133256988
563,1,Florescent,ridge,full_1fcs,1.0,0.76,-0.05459287982968867,0.22907332133256988
563,1,Florescent,ridge,full_mfcs,1.0,0.76,-0.05459287982968867,0.22907332133256988
563,2,Florescent,ridge,full_ex,1.0,0.9400000000000001,0.17251674597568142,0.10677173131780825
563,2,Florescent,ridge,full_1fcs,1.0,0.9400000000000001,0.17251674597568142,0.10677173131780825
563,2,Florescent,ridge,full_mfcs,1.0,1.3800000000000001,0.17251674597568142,0.10677173131780825
563,3,Florescent,ridge,full_ex,1.0,0.88,0.10678070776326484,0.33475948481808027
563,3,Florescent,ridge,full_1fcs,1.0,0.88,0.10678070776326484,0.33475948481808027
563,3,Florescent,ridge,full_mfcs,1.0,0.88,0.10678070776326484,0.33475948481808027
563,4,Florescent,ridge,full_ex,1.0,1.0,0.2207623140313255,0.19458237619551544
563,4,Florescent,ridge,full_1fcs,1.0,1.0,0.2207623140313255,0.19458237619551544
563,4,Florescent,ridge,full_mfcs,1.0,1.0,0.2207623140313255,0.19458237619551544
563,5,Florescent,ridge,full_ex,1.0,0.98,0.21203606528429791,0.16128126958719025
563,5,Florescent,ridge,full_1fcs,1.0,0.98,0.21203606528429791,0.16128126958719025
563,5,Florescent,ridge,full_mfcs,1.0,0.98,0.21203606528429791,0.16128126958719025
564,1,Florescent,ridge,full_ex,1.0,0.84,0.1961178472981814,0.15273074682201382
564,1,Florescent,ridge,full_1fcs,1.0,0.88,0.1961178472981814,0.15273074682201382
564,1,Florescent,ridge,full_mfcs,1.0,0.88,0.1961178472981814,0.15273074682201382
564,2,Florescent,ridge,full_ex,1.0,0.84,0.10941296193871398,0.1297103922656993
564,2,Florescent,ridge,full_1fcs,1.0,1.12,0.10941296193871398,0.1297103922656993
564,2,Florescent,ridge,full_mfcs,1.0,1.12,0.10941296193871398,0.1297103922656993
564,3,Florescent,ridge,full_ex,1.0,0.8,0.1297064331826714,0.32571695324897354
564,3,Florescent,ridge,full_1fcs,1.0,0.76,0.1297064331826714,0.32571695324897354
564,3,Florescent,ridge,full_mfcs,1.0,1.22,0.1297064331826714,0.32571695324897354
564,4,Florescent,ridge,full_ex,1.0,0.9,0.2277021341522623,0.22030958921948393
564,4,Florescent,ridge,full_1fcs,1.0,0.98,0.2277021341522623,0.22030958921948393
564,4,Florescent,ridge,full_mfcs,1.0,1.16,0.2277021341522623,0.22030958921948393
564,5,Florescent,ridge,full_ex,1.0,0.88,0.22523811274526467,0.061189709505048845
564,5,Florescent,ridge,full_1fcs,1.0,1.16,0.22523811274526467,0.061189709505048845
564,5,Florescent,ridge,full_mfcs,1.0,1.34,0.22523811274526467,0.061189709505048845
565,1,Florescent,ridge,full_ex,1.0,1.08,0.3602202924556686,0.2039550690659511
565,1,Florescent,ridge,full_1fcs,1.0,1.54,0.3602202924556686,0.2039550690659511
565,1,Florescent,ridge,full_mfcs,1.0,1.54,0.3602202924556686,0.2039550690659511
565,2,Florescent,ridge,full_ex,1.0,0.86,0.028683998695702345,0.11862551822393529
565,2,Florescent,ridge,full_1fcs,1.0,0.86,0.028683998695702345,0.11862551822393529
565,2,Florescent,ridge,full_mfcs,1.0,0.86,0.028683998695702345,0.11862551822393529
565,3,Florescent,ridge,full_ex,1.0,0.9,0.11860627867030683,0.06930266187169566
565,3,Florescent,ridge,full_1fcs,1.0,0.9,0.11860627867030683,0.06930266187169566
565,3,Florescent,ridge,full_mfcs,1.0,0.9,0.11860627867030683,0.06930266187169566
565,4,Florescent,ridge,full_ex,1.0,0.86,0.0939571072093194,0.21963126104934738
565,4,Florescent,ridge,full_1fcs,1.0,0.86,0.0939571072093194,0.21963126104934738
565,4,Florescent,ridge,full_mfcs,1.0,0.86,0.0939571072093194,0.21963126104934738
565,5,Florescent,ridge,full_ex,1.0,0.9,0.13584550437610096,0.0077359844202069955
565,5,Florescent,ridge,full_1fcs,1.0,0.9,0.13584550437610096,0.0077359844202069955
565,5,Florescent,ridge,full_mfcs,1.0,0.9,0.13584550437610096,0.0077359844202069955
566,1,Florescent,ridge,full_ex,1.0,0.92,0.1761787377193206,0.08678523085321221
566,1,Florescent,ridge,full_1fcs,1.0,1.02,0.1761787377193206,0.08678523085321221
566,1,Florescent,ridge,full_mfcs,1.0,1.02,0.1761787377193206,0.08678523085321221
566,2,Florescent,ridge,full_ex,1.0,1.4000000000000001,0.6684400248881297,0.18560582407387374
566,2,Florescent,ridge,full_1fcs,1.0,2.22,0.6684400248881297,0.18560582407387374
566,2,Florescent,ridge,full_mfcs,1.0,2.22,0.6684400248881297,0.18560582407387374
566,3,Florescent,ridge,full_ex,1.0,1.1400000000000001,0.1856830255314533,0.1216858099092861
566,3,Florescent,ridge,full_1fcs,1.0,1.16,0.1856830255314533,0.1216858099092861
566,3,Florescent,ridge,full_mfcs,1.0,1.16,0.1856830255314533,0.1216858099092861
566,4,Florescent,ridge,full_ex,1.0,0.92,0.15368697608997473,0.2635088338681986
566,4,Florescent,ridge,full_1fcs,1.0,0.92,0.15368697608997473,0.2635088338681986
566,4,Florescent,ridge,full_mfcs,1.0,0.92,0.15368697608997473,0.2635088338681986
566,5,Florescent,ridge,full_ex,1.0,0.96,0.19029231073372416,0.25584582031164105
566,5,Florescent,ridge,full_1fcs,1.0,0.96,0.19029231073372416,0.25584582031164105
566,5,Florescent,ridge,full_mfcs,1.0,0.96,0.19029231073372416,0.25584582031164105
567,1,Florescent,ridge,full_ex,0.0,0.14,-0.027870845429547035,0.23823211815451106
567,1,Florescent,ridge,full_1fcs,1.0,0.66,-0.027870845429547035,0.23823211815451106
567,1,Florescent,ridge,full_mfcs,1.0,0.66,-0.027870845429547035,0.23823211815451106
567,2,Florescent,ridge,full_ex,1.0,0.42,0.1487715731413351,0.13222692579920417
567,2,Florescent,ridge,full_1fcs,1.0,0.46,0.1487715731413351,0.13222692579920417
567,2,Florescent,ridge,full_mfcs,1.0,0.46,0.1487715731413351,0.13222692579920417
567,3,Florescent,ridge,full_ex,1.0,0.34,0.13223424255703173,0.12914534060021715
567,3,Florescent,ridge,full_1fcs,1.0,0.38,0.13223424255703173,0.12914534060021715
567,3,Florescent,ridge,full_mfcs,1.0,0.38,0.13223424255703173,0.12914534060021715
567,4,Florescent,ridge,full_ex,1.0,0.32,0.1306901331647839,0.13250561517396575
567,4,Florescent,ridge,full_1fcs,1.0,0.4,0.1306901331647839,0.13250561517396575
567,4,Florescent,ridge,full_mfcs,1.0,0.4,0.1306901331647839,0.13250561517396575
567,5,Florescent,ridge,full_ex,1.0,0.3,0.13129520459916338,0.1334031434482073
567,5,Florescent,ridge,full_1fcs,1.0,0.4,0.13129520459916338,0.1334031434482073
567,5,Florescent,ridge,full_mfcs,1.0,0.4,0.13129520459916338,0.1334031434482073
568,1,Florescent,ridge,full_ex,1.0,0.78,0.1888750059047554,0.37382118920766044
568,1,Florescent,ridge,full_1fcs,1.0,1.04,0.1888750059047554,0.37382118920766044
568,1,Florescent,ridge,full_mfcs,1.0,1.04,0.1888750059047554,0.37382118920766044
568,2,Florescent,ridge,full_ex,1.0,0.88,0.3935399231148888,0.22398133740112022
568,2,Florescent,ridge,full_1fcs,1.0,2.22,0.3935399231148888,0.22398133740112022
568,2,Florescent,ridge,full_mfcs,1.0,2.22,0.3935399231148888,0.22398133740112022
568,3,Florescent,ridge,full_ex,1.0,0.8,0.22400710270610044,0.021902735539229834
568,3,Florescent,ridge,full_1fcs,1.0,0.58,0.22400710270610044,0.021902735539229834
568,3,Florescent,ridge,full_mfcs,1.0,0.58,0.22400710270610044,0.021902735539229834
568,4,Florescent,ridge,full_ex,1.0,0.74,0.12296259740762698,0.14112152266980488
568,4,Florescent,ridge,full_1fcs,1.0,0.48,0.12296259740762698,0.14112152266980488
568,4,Florescent,ridge,full_mfcs,1.0,0.48,0.12296259740762698,0.14112152266980488
568,5,Florescent,ridge,full_ex,1.0,0.74,0.12901526587045833,0.07588441090794029
568,5,Florescent,ridge,full_1fcs,1.0,0.48,0.12901526587045833,0.07588441090794029
568,5,Florescent,ridge,full_mfcs,1.0,0.48,0.12901526587045833,0.07588441090794029
569,1,Florescent,ridge,full_ex,1.0,0.7000000000000001,0.15727777213547017,0.5768820044180767
569,1,Florescent,ridge,full_1fcs,1.0,0.86,0.15727777213547017,0.5768820044180767
569,1,Florescent,ridge,full_mfcs,1.0,0.86,0.15727777213547017,0.5768820044180767
569,2,Florescent,ridge,full_ex,1.0,0.8200000000000001,0.32657881016825513,0.0206554914752487
569,2,Florescent,ridge,full_1fcs,1.0,1.44,0.32657881016825513,0.0206554914752487
569,2,Florescent,ridge,full_mfcs,1.0,1.72,0.32657881016825513,0.0206554914752487
569,3,Florescent,ridge,full_ex,1.0,0.6,0.02071107942841616,0.13090501742457739
569,3,Florescent,ridge,full_1fcs,1.0,0.64,0.02071107942841616,0.13090501742457739
569,3,Florescent,ridge,full_mfcs,1.0,0.64,0.02071107942841616,0.13090501742457739
569,4,Florescent,ridge,full_ex,1.0,0.64,0.07580304225978897,0.05255152560882159
569,4,Florescent,ridge,full_1fcs,1.0,0.64,0.07580304225978897,0.05255152560882159
569,4,Florescent,ridge,full_mfcs,1.0,0.64,0.07580304225978897,0.05255152560882159
569,5,Florescent,ridge,full_ex,1.0,0.62,0.06805300620289219,0.08360753322853452
569,5,Florescent,ridge,full_1fcs,1.0,0.64,0.06805300620289219,0.08360753322853452
569,5,Florescent,ridge,full_mfcs,1.0,0.64,0.06805300620289219,0.08360753322853452
570,1,Florescent,ridge,full_ex,1.0,0.86,0.1882995440268245,0.1448496718511451
570,1,Florescent,ridge,full_1fcs,1.0,1.0,0.1882995440268245,0.1448496718511451
570,1,Florescent,ridge,full_mfcs,1.0,1.0,0.1882995440268245,0.1448496718511451
570,2,Florescent,ridge,full_ex,1.0,0.68,0.046849541484559776,0.1628024607054664
570,2,Florescent,ridge,full_1fcs,1.0,0.72,0.046849541484559776,0.1628024607054664
570,2,Florescent,ridge,full_mfcs,1.0,0.74,0.046849541484559776,0.1628024607054664
570,3,Florescent,ridge,full_ex,1.0,0.8,0.16278287371041447,0.24616390316975342
570,3,Florescent,ridge,full_1fcs,1.0,0.86,0.16278287371041447,0.24616390316975342
570,3,Florescent,ridge,full_mfcs,1.0,0.86,0.16278287371041447,0.24616390316975342
570,4,Florescent,ridge,full_ex,1.0,0.84,0.20446986692095306,0.23751031242297788
570,4,Florescent,ridge,full_1fcs,1.0,0.9,0.20446986692095306,0.23751031242297788
570,4,Florescent,ridge,full_mfcs,1.0,0.9,0.20446986692095306,0.23751031242297788
570,5,Florescent,ridge,full_ex,1.0,0.84,0.21548272854486483,0.18662593989195464
570,5,Florescent,ridge,full_1fcs,1.0,0.92,0.21548272854486483,0.18662593989195464
570,5,Florescent,ridge,full_mfcs,1.0,0.92,0.21548272854486483,0.18662593989195464
571,1,Florescent,ridge,full_ex,1.0,1.0,0.3945514655782616,0.13233933866649708
571,1,Florescent,ridge,full_1fcs,1.0,1.42,0.3945514655782616,0.13233933866649708
571,1,Florescent,ridge,full_mfcs,1.0,1.42,0.3945514655782616,0.13233933866649708
571,2,Florescent,ridge,full_ex,1.0,0.7000000000000001,0.11652038455047233,0.12434022914697487
571,2,Florescent,ridge,full_1fcs,1.0,0.96,0.11652038455047233,0.12434022914697487
571,2,Florescent,ridge,full_mfcs,1.0,0.96,0.11652038455047233,0.12434022914697487
571,3,Florescent,ridge,full_ex,1.0,0.78,0.12433800110717166,0.1345577165888381
571,3,Florescent,ridge,full_1fcs,1.0,0.8200000000000001,0.12433800110717166,0.1345577165888381
571,3,Florescent,ridge,full_mfcs,1.0,0.8200000000000001,0.12433800110717166,0.1345577165888381
571,4,Florescent,ridge,full_ex,1.0,0.8,0.12944713079117398,0.16602073884403365
571,4,Florescent,ridge,full_1fcs,1.0,0.8,0.12944713079117398,0.16602073884403365
571,4,Florescent,ridge,full_mfcs,1.0,0.8,0.12944713079117398,0.16602073884403365
571,5,Florescent,ridge,full_ex,1.0,0.78,0.14163717541095752,0.08185581839547859
571,5,Florescent,ridge,full_1fcs,1.0,0.78,0.14163717541095752,0.08185581839547859
571,5,Florescent,ridge,full_mfcs,1.0,0.78,0.14163717541095752,0.08185581839547859
572,1,Florescent,ridge,full_ex,1.0,0.42,-0.02029790600371168,0.08670118587478695
572,1,Florescent,ridge,full_1fcs,1.0,0.44,-0.02029790600371168,0.08670118587478695
572,1,Florescent,ridge,full_mfcs,1.0,0.44,-0.02029790600371168,0.08670118587478695
572,2,Florescent,ridge,full_ex,1.0,0.72,0.2457087779683573,0.10024802212840582
572,2,Florescent,ridge,full_1fcs,1.0,0.72,0.2457087779683573,0.10024802212840582
572,2,Florescent,ridge,full_mfcs,1.0,0.72,0.2457087779683573,0.10024802212840582
572,3,Florescent,ridge,full_ex,1.0,0.52,0.10030244012378714,0.10609323818813321
572,3,Florescent,ridge,full_1fcs,1.0,0.52,0.10030244012378714,0.10609323818813321
572,3,Florescent,ridge,full_mfcs,1.0,0.66,0.10030244012378714,0.10609323818813321
572,4,Florescent,ridge,full_ex,1.0,0.52,0.10319729745973942,0.10593642530418543
572,4,Florescent,ridge,full_1fcs,1.0,0.74,0.10319729745973942,0.10593642530418543
572,4,Florescent,ridge,full_mfcs,1.0,0.86,0.10319729745973942,0.10593642530418543
572,5,Florescent,ridge,full_ex,1.0,0.52,0.10411022618637877,0.10415294209043698
572,5,Florescent,ridge,full_1fcs,1.0,0.9,0.10411022618637877,0.10415294209043698
572,5,Florescent,ridge,full_mfcs,1.0,0.9,0.10411022618637877,0.10415294209043698
573,1,Florescent,ridge,full_ex,1.0,1.04,0.32724548902669987,0.12345899763218918
573,1,Florescent,ridge,full_1fcs,1.0,1.08,0.32724548902669987,0.12345899763218918
573,1,Florescent,ridge,full_mfcs,1.0,1.08,0.32724548902669987,0.12345899763218918
573,2,Florescent,ridge,full_ex,1.0,0.38,-0.19542681337466336,0.08582659090024702
573,2,Florescent,ridge,full_1fcs,1.0,0.68,-0.19542681337466336,0.08582659090024702
573,2,Florescent,ridge,full_mfcs,1.0,0.68,-0.19542681337466336,0.08582659090024702
573,3,Florescent,ridge,full_ex,1.0,0.66,0.08577013738217125,0.053149514113315456
573,3,Florescent,ridge,full_1fcs,1.0,0.92,0.08577013738217125,0.053149514113315456
573,3,Florescent,ridge,full_mfcs,1.0,0.92,0.08577013738217125,0.053149514113315456
573,4,Florescent,ridge,full_ex,1.0,0.66,0.0694614628250387,0.10961199363335761
573,4,Florescent,ridge,full_1fcs,1.0,0.86,0.0694614628250387,0.10961199363335761
573,4,Florescent,ridge,full_mfcs,1.0,0.86,0.0694614628250387,0.10961199363335761
573,5,Florescent,ridge,full_ex,1.0,0.68,0.08284407752174919,0.06421783941712507
573,5,Florescent,ridge,full_1fcs,1.0,0.84,0.08284407752174919,0.06421783941712507
573,5,Florescent,ridge,full_mfcs,1.0,0.84,0.08284407752174919,0.06421783941712507
574,1,Florescent,ridge,full_ex,1.0,0.46,0.0807715010831849,0.15443226268561014
574,1,Florescent,ridge,full_1fcs,1.0,0.46,0.0807715010831849,0.15443226268561014
574,1,Florescent,ridge,full_mfcs,1.0,0.46,0.0807715010831849,0.15443226268561014
574,2,Florescent,ridge,full_ex,1.0,0.68,0.08951104319512411,0.14971358723913306
574,2,Florescent,ridge,full_1fcs,1.0,0.7000000000000001,0.08951104319512411,0.14971358723913306
574,2,Florescent,ridge,full_mfcs,1.0,0.7000000000000001,0.08951104319512411,0.14971358723913306
574,3,Florescent,ridge,full_ex,1.0,0.54,0.14969083191399363,0.09378579214635399
574,3,Florescent,ridge,full_1fcs,1.0,0.54,0.14969083191399363,0.09378579214635399
574,3,Florescent,ridge,full_mfcs,1.0,0.54,0.14969083191399363,0.09378579214635399
574,4,Florescent,ridge,full_ex,1.0,0.5,0.12174359576757697,0.05937782845359212
574,4,Florescent,ridge,full_1fcs,1.0,0.5,0.12174359576757697,0.05937782845359212
574,4,Florescent,ridge,full_mfcs,1.0,0.5,0.12174359576757697,0.05937782845359212
574,5,Florescent,ridge,full_ex,1.0,0.48,0.10095762654332938,0.08435050598391432
574,5,Florescent,ridge,full_1fcs,1.0,0.48,0.10095762654332938,0.08435050598391432
574,5,Florescent,ridge,full_mfcs,1.0,0.48,0.10095762654332938,0.08435050598391432
575,1,Florescent,ridge,full_ex,1.0,0.84,0.246740590038626,0.06261905395727937
575,1,Florescent,ridge,full_1fcs,1.0,0.6,0.246740590038626,0.06261905395727937
575,1,Florescent,ridge,full_mfcs,1.0,0.6,0.246740590038626,0.06261905395727937
575,2,Florescent,ridge,full_ex,1.0,0.54,0.032251414480879745,0.07203463139441056
575,2,Florescent,ridge,full_1fcs,1.0,0.42,0.032251414480879745,0.07203463139441056
575,2,Florescent,ridge,full_mfcs,1.0,0.64,0.032251414480879745,0.07203463139441056
575,3,Florescent,ridge,full_ex,1.0,0.58,0.07202483425782782,0.07216039404334339
575,3,Florescent,ridge,full_1fcs,1.0,0.44,0.07202483425782782,0.07216039404334339
575,3,Florescent,ridge,full_mfcs,1.0,0.7000000000000001,0.07202483425782782,0.07216039404334339
575,4,Florescent,ridge,full_ex,1.0,0.58,0.07209260580416967,0.06801152225006911
575,4,Florescent,ridge,full_1fcs,1.0,0.44,0.07209260580416967,0.06801152225006911
575,4,Florescent,ridge,full_mfcs,1.0,0.7000000000000001,0.07209260580416967,0.06801152225006911
575,5,Florescent,ridge,full_ex,1.0,0.58,0.07073235630452542,0.07539963365184066
575,5,Florescent,ridge,full_1fcs,1.0,0.42,0.07073235630452542,0.07539963365184066
575,5,Florescent,ridge,full_mfcs,1.0,0.7000000000000001,0.07073235630452542,0.07539963365184066
576,1,Florescent,ridge,full_ex,1.0,1.1,0.5255284339757387,0.08622645072563978
576,1,Florescent,ridge,full_1fcs,1.0,2.22,0.5255284339757387,0.08622645072563978
576,1,Florescent,ridge,full_mfcs,1.0,2.22,0.5255284339757387,0.08622645072563978
576,2,Florescent,ridge,full_ex,1.0,0.98,0.34006157150420646,0.07793985918789645
576,2,Florescent,ridge,full_1fcs,1.0,1.28,0.34006157150420646,0.07793985918789645
576,2,Florescent,ridge,full_mfcs,1.0,1.7,0.34006157150420646,0.07793985918789645
576,3,Florescent,ridge,full_ex,1.0,0.74,0.07799186539480124,0.09688091214777036
576,3,Florescent,ridge,full_1fcs,1.0,0.74,0.07799186539480124,0.09688091214777036
576,3,Florescent,ridge,full_mfcs,1.0,0.74,0.07799186539480124,0.09688091214777036
576,4,Florescent,ridge,full_ex,1.0,0.74,0.08743545175782397,0.12811198671307644
576,4,Florescent,ridge,full_1fcs,1.0,0.74,0.08743545175782397,0.12811198671307644
576,4,Florescent,ridge,full_mfcs,1.0,0.74,0.08743545175782397,0.12811198671307644
576,5,Florescent,ridge,full_ex,1.0,0.76,0.10099339991166356,0.14307322488623567
576,5,Florescent,ridge,full_1fcs,1.0,0.76,0.10099339991166356,0.14307322488623567
576,5,Florescent,ridge,full_mfcs,1.0,0.76,0.10099339991166356,0.14307322488623567
577,1,Florescent,ridge,full_ex,1.0,0.8200000000000001,0.24428727891090535,0.06235407330607878
577,1,Florescent,ridge,full_1fcs,1.0,0.8200000000000001,0.24428727891090535,0.06235407330607878
577,1,Florescent,ridge,full_mfcs,1.0,0.8200000000000001,0.24428727891090535,0.06235407330607878
577,2,Florescent,ridge,full_ex,1.0,0.76,0.23370818576350091,0.08654171005314548
577,2,Florescent,ridge,full_1fcs,1.0,0.7000000000000001,0.23370818576350091,0.08654171005314548
577,2,Florescent,ridge,full_mfcs,1.0,1.28,0.23370818576350091,0.08654171005314548
577,3,Florescent,ridge,full_ex,1.0,0.62,0.08656119715486327,0.07316183515975082
577,3,Florescent,ridge,full_1fcs,1.0,0.58,0.08656119715486327,0.07316183515975082
577,3,Florescent,ridge,full_mfcs,1.0,0.92,0.08656119715486327,0.07316183515975082
577,4,Florescent,ridge,full_ex,1.0,0.62,0.07986195975774964,0.07399879729190144
577,4,Florescent,ridge,full_1fcs,1.0,0.58,0.07986195975774964,0.07399879729190144
577,4,Florescent,ridge,full_mfcs,1.0,0.9,0.07986195975774964,0.07399879729190144
577,5,Florescent,ridge,full_ex,1.0,0.62,0.07790765854045979,0.06707098414187507
577,5,Florescent,ridge,full_1fcs,1.0,0.58,0.07790765854045979,0.06707098414187507
577,5,Florescent,ridge,full_mfcs,1.0,0.9,0.07790765854045979,0.06707098414187507
578,1,Florescent,ridge,full_ex,1.0,0.9,0.27588906711505984,0.07255176696208722
578,1,Florescent,ridge,full_1fcs,1.0,0.7000000000000001,0.27588906711505984,0.07255176696208722
578,1,Florescent,ridge,full_mfcs,1.0,0.7000000000000001,0.27588906711505984,0.07255176696208722
578,2,Florescent,ridge,full_ex,1.0,0.76,0.1254361875316941,0.19756632716907513
578,2,Florescent,ridge,full_1fcs,1.0,0.76,0.1254361875316941,0.19756632716907513
578,2,Florescent,ridge,full_mfcs,1.0,0.84,0.1254361875316941,0.19756632716907513
578,3,Florescent,ridge,full_ex,1.0,0.8200000000000001,0.19753897022592354,0.15972503024092047
578,3,Florescent,ridge,full_1fcs,1.0,0.78,0.19753897022592354,0.15972503024092047
578,3,Florescent,ridge,full_mfcs,1.0,0.8200000000000001,0.19753897022592354,0.15972503024092047
578,4,Florescent,ridge,full_ex,1.0,0.8,0.17863558635616514,0.14184287446692273
578,4,Florescent,ridge,full_1fcs,1.0,0.62,0.17863558635616514,0.14184287446692273
578,4,Florescent,ridge,full_mfcs,1.0,0.78,0.17863558635616514,0.14184287446692273
578,5,Florescent,ridge,full_ex,1.0,0.78,0.16637289994607363,0.18194977044861058
578,5,Florescent,ridge,full_1fcs,1.0,0.56,0.16637289994607363,0.18194977044861058
578,5,Florescent,ridge,full_mfcs,1.0,0.76,0.16637289994607363,0.18194977044861058
579,1,Florescent,ridge,full_ex,1.0,1.08,0.48652937151022435,0.1705953389295088
579,1,Florescent,ridge,full_1fcs,1.0,1.3,0.48652937151022435,0.1705953389295088
579,1,Florescent,ridge,full_mfcs,1.0,1.3,0.48652937151022435,0.1705953389295088
579,2,Florescent,ridge,full_ex,1.0,0.74,-0.04411072273290796,0.22086670635217587
579,2,Florescent,ridge,full_1fcs,1.0,0.58,-0.04411072273290796,0.22086670635217587
579,2,Florescent,ridge,full_mfcs,1.0,0.58,-0.04411072273290796,0.22086670635217587
579,3,Florescent,ridge,full_ex,1.0,1.0,0.22077947290774394,0.21460036772887703
579,3,Florescent,ridge,full_1fcs,1.0,0.84,0.22077947290774394,0.21460036772887703
579,3,Florescent,ridge,full_mfcs,1.0,0.84,0.22077947290774394,0.21460036772887703
579,4,Florescent,ridge,full_ex,1.0,0.96,0.21769042895996532,0.12607512653920716
579,4,Florescent,ridge,full_1fcs,1.0,0.8200000000000001,0.21769042895996532,0.12607512653920716
579,4,Florescent,ridge,full_mfcs,1.0,0.88,0.21769042895996532,0.12607512653920716
579,5,Florescent,ridge,full_ex,1.0,0.9,0.1871553467506889,0.33722816166444264
579,5,Florescent,ridge,full_1fcs,1.0,0.78,0.1871553467506889,0.33722816166444264
579,5,Florescent,ridge,full_mfcs,1.0,0.84,0.1871553467506889,0.33722816166444264
580,1,Florescent,ridge,full_ex,1.0,0.98,0.14575325984794268,0.18277976264515144
580,1,Florescent,ridge,full_1fcs,1.0,0.98,0.14575325984794268,0.18277976264515144
580,1,Florescent,ridge,full_mfcs,1.0,0.98,0.14575325984794268,0.18277976264515144
580,2,Florescent,ridge,full_ex,1.0,1.12,0.20452539014242743,0.051072988346501244
580,2,Florescent,ridge,full_1fcs,1.0,1.18,0.20452539014242743,0.051072988346501244
580,2,Florescent,ridge,full_mfcs,1.0,1.36,0.20452539014242743,0.051072988346501244
580,3,Florescent,ridge,full_ex,1.0,0.92,0.05109959343853664,0.06081382181975287
580,3,Florescent,ridge,full_1fcs,1.0,0.92,0.05109959343853664,0.06081382181975287
580,3,Florescent,ridge,full_mfcs,1.0,0.92,0.05109959343853664,0.06081382181975287
580,4,Florescent,ridge,full_ex,1.0,0.9,0.05595628653793577,0.08601196137999695
580,4,Florescent,ridge,full_1fcs,1.0,0.9,0.05595628653793577,0.08601196137999695
580,4,Florescent,ridge,full_mfcs,1.0,0.9,0.05595628653793577,0.08601196137999695
580,5,Florescent,ridge,full_ex,1.0,0.9,0.06597426575623963,0.03630398838856271
580,5,Florescent,ridge,full_1fcs,1.0,0.9,0.06597426575623963,0.03630398838856271
580,5,Florescent,ridge,full_mfcs,1.0,0.9,0.06597426575623963,0.03630398838856271
581,1,Florescent,ridge,full_ex,1.0,0.74,0.31787876558951794,0.0345295183434427
581,1,Florescent,ridge,full_1fcs,1.0,1.54,0.31787876558951794,0.0345295183434427
581,1,Florescent,ridge,full_mfcs,1.0,1.54,0.31787876558951794,0.0345295183434427
581,2,Florescent,ridge,full_ex,1.0,0.48,-0.07472796739414551,0.1295087964493276
581,2,Florescent,ridge,full_1fcs,1.0,0.44,-0.07472796739414551,0.1295087964493276
581,2,Florescent,ridge,full_mfcs,1.0,0.44,-0.07472796739414551,0.1295087964493276
581,3,Florescent,ridge,full_ex,1.0,0.66,0.12946768267212774,0.049542067574590246
581,3,Florescent,ridge,full_1fcs,1.0,0.6,0.12946768267212774,0.049542067574590246
581,3,Florescent,ridge,full_mfcs,1.0,0.6,0.12946768267212774,0.049542067574590246
581,4,Florescent,ridge,full_ex,1.0,0.58,0.08950889787531996,0.04818243721347795
581,4,Florescent,ridge,full_1fcs,1.0,0.54,0.08950889787531996,0.04818243721347795
581,4,Florescent,ridge,full_mfcs,1.0,0.54,0.08950889787531996,0.04818243721347795
581,5,Florescent,ridge,full_ex,1.0,0.56,0.07573433546694362,0.0
581,5,Florescent,ridge,full_1fcs,1.0,0.52,0.07573433546694362,0.0
581,5,Florescent,ridge,full_mfcs,1.0,0.52,0.07573433546694362,0.0
582,1,Florescent,ridge,full_ex,1.0,1.02,0.7370368160325338,0.9209000860190946
582,1,Florescent,ridge,full_1fcs,1.0,1.9000000000000001,0.7370368160325338,0.9209000860190946
582,1,Florescent,ridge,full_mfcs,1.0,1.9000000000000001,0.7370368160325338,0.9209000860190946
582,2,Florescent,ridge,full_ex,1.0,1.02,0.7539655935396492,0.9429662639932105
582,2,Florescent,ridge,full_1fcs,1.0,1.1400000000000001,0.7539655935396492,0.9429662639932105
582,2,Florescent,ridge,full_mfcs,1.0,1.74,0.7539655935396492,0.9429662639932105
582,3,Florescent,ridge,full_ex,1.0,0.86,0.9429058548432769,0.9173776350180832
582,3,Florescent,ridge,full_1fcs,1.0,1.36,0.9429058548432769,0.9173776350180832
582,3,Florescent,ridge,full_mfcs,1.0,1.36,0.9429058548432769,0.9173776350180832
582,4,Florescent,ridge,full_ex,1.0,0.8200000000000001,0.9301437851155075,0.9918124185540307
582,4,Florescent,ridge,full_1fcs,1.0,1.46,0.9301437851155075,0.9918124185540307
582,4,Florescent,ridge,full_mfcs,1.0,1.36,0.9301437851155075,0.9918124185540307
582,5,Florescent,ridge,full_ex,1.0,0.8,0.9506978057070558,0.948680939768976
582,5,Florescent,ridge,full_1fcs,1.0,1.54,0.9506978057070558,0.948680939768976
582,5,Florescent,ridge,full_mfcs,1.0,1.46,0.9506978057070558,0.948680939768976
583,1,Florescent,ridge,full_ex,0.0,0.8,0.4072938377905583,1.0109858294811824
583,1,Florescent,ridge,full_1fcs,0.0,1.68,0.4072938377905583,1.0109858294811824
583,1,Florescent,ridge,full_mfcs,0.0,1.68,0.4072938377905583,1.0109858294811824
583,2,Florescent,ridge,full_ex,1.0,0.78,0.9981211830644074,0.9152046002741289
583,2,Florescent,ridge,full_1fcs,1.0,2.22,0.9981211830644074,0.9152046002741289
583,2,Florescent,ridge,full_mfcs,1.0,2.22,0.9981211830644074,0.9152046002741289
583,3,Florescent,ridge,full_ex,1.0,0.72,0.9152310763753184,0.8556041137125875
583,3,Florescent,ridge,full_1fcs,1.0,1.26,0.9152310763753184,0.8556041137125875
583,3,Florescent,ridge,full_mfcs,1.0,1.28,0.9152310763753184,0.8556041137125875
583,4,Florescent,ridge,full_ex,1.0,0.68,0.8854223556778935,0.8729021053069783
583,4,Florescent,ridge,full_1fcs,1.0,1.28,0.8854223556778935,0.8729021053069783
583,4,Florescent,ridge,full_mfcs,1.0,1.18,0.8854223556778935,0.8729021053069783
583,5,Florescent,ridge,full_ex,1.0,0.68,0.8812493831872841,1.0445599187897943
583,5,Florescent,ridge,full_1fcs,1.0,1.3,0.8812493831872841,1.0445599187897943
583,5,Florescent,ridge,full_mfcs,1.0,1.2,0.8812493831872841,1.0445599187897943
584,1,Florescent,ridge,full_ex,1.0,0.78,0.17564562575188183,0.1609425584350821
584,1,Florescent,ridge,full_1fcs,1.0,0.88,0.17564562575188183,0.1609425584350821
584,1,Florescent,ridge,full_mfcs,1.0,0.88,0.17564562575188183,0.1609425584350821
584,2,Florescent,ridge,full_ex,1.0,0.78,0.13140039890340346,0.10512764924323108
584,2,Florescent,ridge,full_1fcs,1.0,0.74,0.13140039890340346,0.10512764924323108
584,2,Florescent,ridge,full_mfcs,1.0,1.04,0.13140039890340346,0.10512764924323108
584,3,Florescent,ridge,full_ex,1.0,0.74,0.1051307800108362,0.13319580587286958
584,3,Florescent,ridge,full_1fcs,1.0,0.72,0.1051307800108362,0.13319580587286958
584,3,Florescent,ridge,full_mfcs,1.0,0.72,0.1051307800108362,0.13319580587286958
584,4,Florescent,ridge,full_ex,1.0,0.74,0.11916245680564634,0.09101029213660647
584,4,Florescent,ridge,full_1fcs,1.0,0.72,0.11916245680564634,0.09101029213660647
584,4,Florescent,ridge,full_mfcs,1.0,0.72,0.11916245680564634,0.09101029213660647
584,5,Florescent,ridge,full_ex,1.0,0.74,0.10977877469282823,0.13242575598636494
584,5,Florescent,ridge,full_1fcs,1.0,0.72,0.10977877469282823,0.13242575598636494
584,5,Florescent,ridge,full_mfcs,1.0,0.72,0.10977877469282823,0.13242575598636494
585,1,Florescent,ridge,full_ex,1.0,1.24,0.3827433808098993,0.12622676873098365
585,1,Florescent,ridge,full_1fcs,1.0,1.18,0.3827433808098993,0.12622676873098365
585,1,Florescent,ridge,full_mfcs,1.0,1.18,0.3827433808098993,0.12622676873098365
585,2,Florescent,ridge,full_ex,1.0,0.98,-0.04755009648139179,0.06793075090686763
585,2,Florescent,ridge,full_1fcs,1.0,1.1,-0.04755009648139179,0.06793075090686763
585,2,Florescent,ridge,full_mfcs,1.0,1.1,-0.04755009648139179,0.06793075090686763
585,3,Florescent,ridge,full_ex,1.0,1.04,0.06788654677977173,0.06478971221749114
585,3,Florescent,ridge,full_1fcs,1.0,1.06,0.06788654677977173,0.06478971221749114
585,3,Florescent,ridge,full_mfcs,1.0,1.06,0.06788654677977173,0.06478971221749114
585,4,Florescent,ridge,full_ex,1.0,1.0,0.0663384259069525,0.0803372876253301
585,4,Florescent,ridge,full_1fcs,1.0,1.0,0.0663384259069525,0.0803372876253301
585,4,Florescent,ridge,full_mfcs,1.0,1.0,0.0663384259069525,0.0803372876253301
585,5,Florescent,ridge,full_ex,1.0,0.98,0.0710041176028978,0.14225110197551316
585,5,Florescent,ridge,full_1fcs,1.0,0.98,0.0710041176028978,0.14225110197551316
585,5,Florescent,ridge,full_mfcs,1.0,0.98,0.0710041176028978,0.14225110197551316
586,1,Florescent,ridge,full_ex,1.0,0.2,0.033776398261998936,0.10323090621382107
586,1,Florescent,ridge,full_1fcs,1.0,0.24,0.033776398261998936,0.10323090621382107
586,1,Florescent,ridge,full_mfcs,1.0,0.24,0.033776398261998936,0.10323090621382107
586,2,Florescent,ridge,full_ex,1.0,0.32,0.19529610092028094,0.1181425527524105
586,2,Florescent,ridge,full_1fcs,1.0,0.66,0.19529610092028094,0.1181425527524105
586,2,Florescent,ridge,full_mfcs,1.0,1.24,0.19529610092028094,0.1181425527524105
586,3,Florescent,ridge,full_ex,1.0,0.28,0.11816412232954988,0.11461067137766912
586,3,Florescent,ridge,full_1fcs,1.0,0.4,0.11816412232954988,0.11461067137766912
586,3,Florescent,ridge,full_mfcs,1.0,0.4,0.11816412232954988,0.11461067137766912
586,4,Florescent,ridge,full_ex,1.0,0.26,0.11638764524486532,0.11268275503741189
586,4,Florescent,ridge,full_1fcs,1.0,0.4,0.11638764524486532,0.11268275503741189
586,4,Florescent,ridge,full_mfcs,1.0,0.4,0.11638764524486532,0.11268275503741189
586,5,Florescent,ridge,full_ex,1.0,0.26,0.11515279694963691,0.10353277516033343
586,5,Florescent,ridge,full_1fcs,1.0,0.4,0.11515279694963691,0.10353277516033343
586,5,Florescent,ridge,full_mfcs,1.0,0.4,0.11515279694963691,0.10353277516033343
587,1,Florescent,ridge,full_ex,1.0,0.5,0.12578980559406772,0.17647644954384026
587,1,Florescent,ridge,full_1fcs,1.0,0.62,0.12578980559406772,0.17647644954384026
587,1,Florescent,ridge,full_mfcs,1.0,0.62,0.12578980559406772,0.17647644954384026
587,2,Florescent,ridge,full_ex,1.0,0.76,0.31950724138824793,0.2194278567242855
587,2,Florescent,ridge,full_1fcs,1.0,0.76,0.31950724138824793,0.2194278567242855
587,2,Florescent,ridge,full_mfcs,1.0,1.0,0.31950724138824793,0.2194278567242855
587,3,Florescent,ridge,full_ex,1.0,0.58,0.2194573320356313,0.16212699855738175
587,3,Florescent,ridge,full_1fcs,1.0,0.58,0.2194573320356313,0.16212699855738175
587,3,Florescent,ridge,full_mfcs,1.0,0.76,0.2194573320356313,0.16212699855738175
587,4,Florescent,ridge,full_ex,1.0,0.54,0.1907963871413635,0.16323655645464305
587,4,Florescent,ridge,full_1fcs,1.0,0.56,0.1907963871413635,0.16323655645464305
587,4,Florescent,ridge,full_mfcs,1.0,0.8,0.1907963871413635,0.16323655645464305
587,5,Florescent,ridge,full_ex,1.0,0.52,0.18161067896734248,0.17912970628739797
587,5,Florescent,ridge,full_1fcs,1.0,0.6,0.18161067896734248,0.17912970628739797
587,5,Florescent,ridge,full_mfcs,1.0,1.1,0.18161067896734248,0.17912970628739797
588,1,Florescent,ridge,full_ex,0.0,0.72,0.3841928498229478,1.105123531545779
588,1,Florescent,ridge,full_1fcs,0.0,0.88,0.3841928498229478,1.105123531545779
588,1,Florescent,ridge,full_mfcs,0.0,0.88,0.3841928498229478,1.105123531545779
588,2,Florescent,ridge,full_ex,1.0,1.02,0.7908970597436655,1.0161422648368528
588,2,Florescent,ridge,full_1fcs,1.0,2.22,0.7908970597436655,1.0161422648368528
588,2,Florescent,ridge,full_mfcs,1.0,2.02,0.7908970597436655,1.0161422648368528
588,3,Florescent,ridge,full_ex,1.0,0.9400000000000001,1.0160539631349539,1.015304854125034
588,3,Florescent,ridge,full_1fcs,1.0,1.46,1.0160539631349539,1.015304854125034
588,3,Florescent,ridge,full_mfcs,1.0,1.48,1.0160539631349539,1.015304854125034
588,4,Florescent,ridge,full_ex,1.0,0.9,1.0156794820629553,0.928945971380766
588,4,Florescent,ridge,full_1fcs,1.0,1.5,1.0156794820629553,0.928945971380766
588,4,Florescent,ridge,full_mfcs,1.0,1.3,1.0156794820629553,0.928945971380766
588,5,Florescent,ridge,full_ex,1.0,0.88,0.9867720907892404,1.0297298055249526
588,5,Florescent,ridge,full_1fcs,1.0,1.48,0.9867720907892404,1.0297298055249526
588,5,Florescent,ridge,full_mfcs,1.0,1.32,0.9867720907892404,1.0297298055249526
589,1,Florescent,ridge,full_ex,1.0,0.88,0.13988616105655827,0.2088655751502444
589,1,Florescent,ridge,full_1fcs,1.0,0.96,0.13988616105655827,0.2088655751502444
589,1,Florescent,ridge,full_mfcs,1.0,0.96,0.13988616105655827,0.2088655751502444
589,2,Florescent,ridge,full_ex,1.0,0.78,0.20790407116006956,0.08056797842994452
589,2,Florescent,ridge,full_1fcs,1.0,0.78,0.20790407116006956,0.08056797842994452
589,2,Florescent,ridge,full_mfcs,1.0,1.08,0.20790407116006956,0.08056797842994452
589,3,Florescent,ridge,full_ex,1.0,0.72,0.08058854739051653,0.1375025583686883
589,3,Florescent,ridge,full_1fcs,1.0,0.72,0.08058854739051653,0.1375025583686883
589,3,Florescent,ridge,full_mfcs,1.0,0.9400000000000001,0.08058854739051653,0.1375025583686883
589,4,Florescent,ridge,full_ex,1.0,0.76,0.10904325432388468,0.17403119172140885
589,4,Florescent,ridge,full_1fcs,1.0,0.76,0.10904325432388468,0.17403119172140885
589,4,Florescent,ridge,full_mfcs,1.0,0.96,0.10904325432388468,0.17403119172140885
589,5,Florescent,ridge,full_ex,1.0,0.8,0.13070473358792234,0.06636980925784972
589,5,Florescent,ridge,full_1fcs,1.0,0.8,0.13070473358792234,0.06636980925784972
589,5,Florescent,ridge,full_mfcs,1.0,0.98,0.13070473358792234,0.06636980925784972
590,1,Florescent,ridge,full_ex,1.0,0.84,0.2838802100192401,0.5582100303142032
590,1,Florescent,ridge,full_1fcs,1.0,0.88,0.2838802100192401,0.5582100303142032
590,1,Florescent,ridge,full_mfcs,1.0,0.88,0.2838802100192401,0.5582100303142032
590,2,Florescent,ridge,full_ex,1.0,1.04,0.454288436983515,0.060421758837999114
590,2,Florescent,ridge,full_1fcs,1.0,0.86,0.454288436983515,0.060421758837999114
590,2,Florescent,ridge,full_mfcs,1.0,1.3,0.454288436983515,0.060421758837999114
590,3,Florescent,ridge,full_ex,1.0,0.62,0.060479087553153454,0.10313513354656564
590,3,Florescent,ridge,full_1fcs,1.0,0.56,0.060479087553153454,0.10313513354656564
590,3,Florescent,ridge,full_mfcs,1.0,0.6,0.060479087553153454,0.10313513354656564
590,4,Florescent,ridge,full_ex,1.0,0.62,0.08180555825101796,0.11341082928578676
590,4,Florescent,ridge,full_1fcs,1.0,0.56,0.08180555825101796,0.11341082928578676
590,4,Florescent,ridge,full_mfcs,1.0,0.62,0.08180555825101796,0.11341082928578676
590,5,Florescent,ridge,full_ex,1.0,0.62,0.0923401374053919,0.16394878882110173
590,5,Florescent,ridge,full_1fcs,1.0,0.58,0.0923401374053919,0.16394878882110173
590,5,Florescent,ridge,full_mfcs,1.0,0.62,0.0923401374053919,0.16394878882110173
591,1,Florescent,ridge,full_ex,1.0,0.34,0.19218314314899881,0.05182314036822561
591,1,Florescent,ridge,full_1fcs,1.0,0.96,0.19218314314899881,0.05182314036822561
591,1,Florescent,ridge,full_mfcs,1.0,0.96,0.19218314314899881,0.05182314036822561
591,2,Florescent,ridge,full_ex,1.0,0.36,0.02884853665059701,0.035706949268677714
591,2,Florescent,ridge,full_1fcs,1.0,0.36,0.02884853665059701,0.035706949268677714
591,2,Florescent,ridge,full_mfcs,1.0,0.36,0.02884853665059701,0.035706949268677714
591,3,Florescent,ridge,full_ex,1.0,0.22,0.03570375505849552,0.10226888755150411
591,3,Florescent,ridge,full_1fcs,1.0,0.22,0.03570375505849552,0.10226888755150411
591,3,Florescent,ridge,full_mfcs,1.0,0.22,0.03570375505849552,0.10226888755150411
591,4,Florescent,ridge,full_ex,1.0,0.26,0.06897856905486041,0.055206777057277
591,4,Florescent,ridge,full_1fcs,1.0,0.26,0.06897856905486041,0.055206777057277
591,4,Florescent,ridge,full_mfcs,1.0,0.26,0.06897856905486041,0.055206777057277
591,5,Florescent,ridge,full_ex,1.0,0.24,0.06438868461181178,0.0943416154369865
591,5,Florescent,ridge,full_1fcs,1.0,0.24,0.06438868461181178,0.0943416154369865
591,5,Florescent,ridge,full_mfcs,1.0,0.24,0.06438868461181178,0.0943416154369865
592,1,Florescent,ridge,full_ex,1.0,0.34,0.13572450531106456,0.10470317377964597
592,1,Florescent,ridge,full_1fcs,1.0,1.22,0.13572450531106456,0.10470317377964597
592,1,Florescent,ridge,full_mfcs,1.0,1.22,0.13572450531106456,0.10470317377964597
592,2,Florescent,ridge,full_ex,1.0,0.28,0.07417639694867044,0.11151895809221715
592,2,Florescent,ridge,full_1fcs,1.0,0.42,0.07417639694867044,0.11151895809221715
592,2,Florescent,ridge,full_mfcs,1.0,0.5,0.07417639694867044,0.11151895809221715
592,3,Florescent,ridge,full_ex,1.0,0.3,0.11150724676739672,0.11677023118121932
592,3,Florescent,ridge,full_1fcs,1.0,0.38,0.11150724676739672,0.11677023118121932
592,3,Florescent,ridge,full_mfcs,1.0,0.38,0.11150724676739672,0.11677023118121932
592,4,Florescent,ridge,full_ex,1.0,0.3,0.1141383262673171,0.11849206212191635
592,4,Florescent,ridge,full_1fcs,1.0,0.36,0.1141383262673171,0.11849206212191635
592,4,Florescent,ridge,full_mfcs,1.0,0.36,0.1141383262673171,0.11849206212191635
592,5,Florescent,ridge,full_ex,1.0,0.3,0.11558941980792078,0.11208529440751647
592,5,Florescent,ridge,full_1fcs,1.0,0.3,0.11558941980792078,0.11208529440751647
592,5,Florescent,ridge,full_mfcs,1.0,0.3,0.11558941980792078,0.11208529440751647
593,1,Florescent,ridge,full_ex,1.0,0.72,0.2064662094417962,0.20710318353175672
593,1,Florescent,ridge,full_1fcs,1.0,0.68,0.2064662094417962,0.20710318353175672
593,1,Florescent,ridge,full_mfcs,1.0,0.68,0.2064662094417962,0.20710318353175672
593,2,Florescent,ridge,full_ex,1.0,0.78,0.27901587414625667,0.18249034586904675
593,2,Florescent,ridge,full_1fcs,1.0,0.88,0.27901587414625667,0.18249034586904675
593,2,Florescent,ridge,full_mfcs,1.0,1.32,0.27901587414625667,0.18249034586904675
593,3,Florescent,ridge,full_ex,1.0,0.72,0.1825045462960738,0.15333407305926303
593,3,Florescent,ridge,full_1fcs,1.0,0.72,0.1825045462960738,0.15333407305926303
593,3,Florescent,ridge,full_mfcs,1.0,0.72,0.1825045462960738,0.15333407305926303
593,4,Florescent,ridge,full_ex,1.0,0.72,0.16792038261446668,0.16662978340809592
593,4,Florescent,ridge,full_1fcs,1.0,0.7000000000000001,0.16792038261446668,0.16662978340809592
593,4,Florescent,ridge,full_mfcs,1.0,0.72,0.16792038261446668,0.16662978340809592
593,5,Florescent,ridge,full_ex,1.0,0.72,0.1674902039775212,0.14418171734514623
593,5,Florescent,ridge,full_1fcs,1.0,0.7000000000000001,0.1674902039775212,0.14418171734514623
593,5,Florescent,ridge,full_mfcs,1.0,0.72,0.1674902039775212,0.14418171734514623
594,1,Florescent,ridge,full_ex,1.0,0.66,0.2979177299651712,0.12148881446791387
594,1,Florescent,ridge,full_1fcs,1.0,0.84,0.2979177299651712,0.12148881446791387
594,1,Florescent,ridge,full_mfcs,1.0,0.84,0.2979177299651712,0.12148881446791387
594,2,Florescent,ridge,full_ex,1.0,0.8200000000000001,0.5326190985298038,0.23175455360514147
594,2,Florescent,ridge,full_1fcs,1.0,1.82,0.5326190985298038,0.23175455360514147
594,2,Florescent,ridge,full_mfcs,1.0,1.98,0.5326190985298038,0.23175455360514147
594,3,Florescent,ridge,full_ex,1.0,0.72,0.23180193654445705,0.28046164389065953
594,3,Florescent,ridge,full_1fcs,1.0,0.84,0.23180193654445705,0.28046164389065953
594,3,Florescent,ridge,full_mfcs,1.0,0.84,0.23180193654445705,0.28046164389065953
594,4,Florescent,ridge,full_ex,1.0,0.72,0.2561298742213587,0.10071378658502772
594,4,Florescent,ridge,full_1fcs,1.0,0.74,0.2561298742213587,0.10071378658502772
594,4,Florescent,ridge,full_mfcs,1.0,0.74,0.2561298742213587,0.10071378658502772
594,5,Florescent,ridge,full_ex,1.0,0.68,0.20432723155813456,0.2869489796367066
594,5,Florescent,ridge,full_1fcs,1.0,0.68,0.20432723155813456,0.2869489796367066
594,5,Florescent,ridge,full_mfcs,1.0,0.68,0.20432723155813456,0.2869489796367066
595,1,Florescent,ridge,full_ex,1.0,1.06,0.6344908805372396,0.11400313583434663
595,1,Florescent,ridge,full_1fcs,1.0,2.22,0.6344908805372396,0.11400313583434663
595,1,Florescent,ridge,full_mfcs,1.0,2.22,0.6344908805372396,0.11400313583434663
595,2,Florescent,ridge,full_ex,1.0,0.9,-0.1448865963691984,0.28620073939742763
595,2,Florescent,ridge,full_1fcs,1.0,1.28,-0.1448865963691984,0.28620073939742763
595,2,Florescent,ridge,full_mfcs,1.0,1.28,-0.1448865963691984,0.28620073939742763
595,3,Florescent,ridge,full_ex,1.0,1.26,0.2860172728767071,0.1841554142667115
595,3,Florescent,ridge,full_1fcs,1.0,1.3800000000000001,0.2860172728767071,0.1841554142667115
595,3,Florescent,ridge,full_mfcs,1.0,1.3800000000000001,0.2860172728767071,0.1841554142667115
595,4,Florescent,ridge,full_ex,1.0,1.08,0.2350971837284554,0.28858478202957366
595,4,Florescent,ridge,full_1fcs,1.0,1.1,0.2350971837284554,0.28858478202957366
595,4,Florescent,ridge,full_mfcs,1.0,1.1,0.2350971837284554,0.28858478202957366
595,5,Florescent,ridge,full_ex,1.0,1.06,0.2529238531332378,0.1229776606754835
595,5,Florescent,ridge,full_1fcs,1.0,1.08,0.2529238531332378,0.1229776606754835
595,5,Florescent,ridge,full_mfcs,1.0,1.08,0.2529238531332378,0.1229776606754835
596,1,Florescent,ridge,full_ex,0.0,0.24,0.1462534771543347,1.3652083376027595
596,1,Florescent,ridge,full_1fcs,0.0,1.62,0.1462534771543347,1.3652083376027595
596,1,Florescent,ridge,full_mfcs,0.0,1.62,0.1462534771543347,1.3652083376027595
596,2,Florescent,ridge,full_ex,1.0,0.68,1.0989039677721868,1.0419457992281036
596,2,Florescent,ridge,full_1fcs,1.0,2.22,1.0989039677721868,1.0419457992281036
596,2,Florescent,ridge,full_mfcs,1.0,2.22,1.0989039677721868,1.0419457992281036
596,3,Florescent,ridge,full_ex,1.0,0.68,1.0419654744157383,0.9374958882629775
596,3,Florescent,ridge,full_1fcs,1.0,1.42,1.0419654744157383,0.9374958882629775
596,3,Florescent,ridge,full_mfcs,1.0,1.42,1.0419654744157383,0.9374958882629775
596,4,Florescent,ridge,full_ex,1.0,0.7000000000000001,0.9897397046883374,1.2118214586491598
596,4,Florescent,ridge,full_1fcs,1.0,1.44,0.9897397046883374,1.2118214586491598
596,4,Florescent,ridge,full_mfcs,1.0,1.44,0.9897397046883374,1.2118214586491598
596,5,Florescent,ridge,full_ex,1.0,0.68,1.06375843024781,0.7987225479730871
596,5,Florescent,ridge,full_1fcs,1.0,1.5,1.06375843024781,0.7987225479730871
596,5,Florescent,ridge,full_mfcs,1.0,1.5,1.06375843024781,0.7987225479730871
597,1,Florescent,ridge,full_ex,1.0,0.58,0.2882172726096083,0.07526141065829371
597,1,Florescent,ridge,full_1fcs,1.0,1.78,0.2882172726096083,0.07526141065829371
597,1,Florescent,ridge,full_mfcs,1.0,1.78,0.2882172726096083,0.07526141065829371
597,2,Florescent,ridge,full_ex,1.0,0.38,-0.012113752847321375,0.05371647624763885
597,2,Florescent,ridge,full_1fcs,1.0,0.38,-0.012113752847321375,0.05371647624763885
597,2,Florescent,ridge,full_mfcs,1.0,0.38,-0.012113752847321375,0.05371647624763885
597,3,Florescent,ridge,full_ex,1.0,0.42,0.053691571052583875,0.16849520885205327
597,3,Florescent,ridge,full_1fcs,1.0,0.42,0.053691571052583875,0.16849520885205327
597,3,Florescent,ridge,full_mfcs,1.0,0.42,0.053691571052583875,0.16849520885205327
597,4,Florescent,ridge,full_ex,1.0,0.48,0.11108252963796794,0.18522587962227305
597,4,Florescent,ridge,full_1fcs,1.0,0.48,0.11108252963796794,0.18522587962227305
597,4,Florescent,ridge,full_mfcs,1.0,0.48,0.11108252963796794,0.18522587962227305
597,5,Florescent,ridge,full_ex,1.0,0.5,0.1357938621513236,0.11961886135386336
597,5,Florescent,ridge,full_1fcs,1.0,0.5,0.1357938621513236,0.11961886135386336
597,5,Florescent,ridge,full_mfcs,1.0,0.5,0.1357938621513236,0.11961886135386336
598,1,Florescent,ridge,full_ex,1.0,0.4,0.06971428543518214,0.11707010820364398
598,1,Florescent,ridge,full_1fcs,1.0,0.7000000000000001,0.06971428543518214,0.11707010820364398
598,1,Florescent,ridge,full_mfcs,1.0,0.7000000000000001,0.06971428543518214,0.11707010820364398
598,2,Florescent,ridge,full_ex,1.0,0.42,0.10864341156146058,0.08479944482933985
598,2,Florescent,ridge,full_1fcs,1.0,0.74,0.10864341156146058,0.08479944482933985
598,2,Florescent,ridge,full_mfcs,1.0,0.98,0.10864341156146058,0.08479944482933985
598,3,Florescent,ridge,full_ex,1.0,0.4,0.08480469665982814,0.09010040895982177
598,3,Florescent,ridge,full_1fcs,1.0,0.72,0.08480469665982814,0.09010040895982177
598,3,Florescent,ridge,full_mfcs,1.0,0.72,0.08480469665982814,0.09010040895982177
598,4,Florescent,ridge,full_ex,1.0,0.4,0.08745226117239342,0.09835919274039344
598,4,Florescent,ridge,full_1fcs,1.0,0.72,0.08745226117239342,0.09835919274039344
598,4,Florescent,ridge,full_mfcs,1.0,0.72,0.08745226117239342,0.09835919274039344
598,5,Florescent,ridge,full_ex,1.0,0.4,0.09108763806164416,0.08337211293622415
598,5,Florescent,ridge,full_1fcs,1.0,0.72,0.09108763806164416,0.08337211293622415
598,5,Florescent,ridge,full_mfcs,1.0,0.72,0.09108763806164416,0.08337211293622415
599,1,Florescent,ridge,full_ex,1.0,0.7000000000000001,0.19402570470608507,0.09308935206239649
599,1,Florescent,ridge,full_1fcs,1.0,0.9400000000000001,0.19402570470608507,0.09308935206239649
599,1,Florescent,ridge,full_mfcs,1.0,0.9400000000000001,0.19402570470608507,0.09308935206239649
599,2,Florescent,ridge,full_ex,1.0,0.48,0.12175694771686214,0.21235804931527502
599,2,Florescent,ridge,full_1fcs,1.0,0.48,0.12175694771686214,0.21235804931527502
599,2,Florescent,ridge,full_mfcs,1.0,0.9400000000000001,0.12175694771686214,0.21235804931527502
599,3,Florescent,ridge,full_ex,1.0,0.58,0.21233040766682007,0.12841658386820354
599,3,Florescent,ridge,full_1fcs,1.0,0.58,0.21233040766682007,0.12841658386820354
599,3,Florescent,ridge,full_mfcs,1.0,0.58,0.21233040766682007,0.12841658386820354
599,4,Florescent,ridge,full_ex,1.0,0.56,0.1703798970978666,0.09814194684665559
599,4,Florescent,ridge,full_1fcs,1.0,0.56,0.1703798970978666,0.09814194684665559
599,4,Florescent,ridge,full_mfcs,1.0,0.56,0.1703798970978666,0.09814194684665559
599,5,Florescent,ridge,full_ex,1.0,0.54,0.14630302964609507,0.20664784066620911
599,5,Florescent,ridge,full_1fcs,1.0,0.54,0.14630302964609507,0.20664784066620911
599,5,Florescent,ridge,full_mfcs,1.0,0.54,0.14630302964609507,0.20664784066620911
600,1,Florescent,ridge,full_ex,1.0,1.08,0.34579609789890037,0.07595287342481594
600,1,Florescent,ridge,full_1fcs,1.0,1.08,0.34579609789890037,0.07595287342481594
600,1,Florescent,ridge,full_mfcs,1.0,1.08,0.34579609789890037,0.07595287342481594
600,2,Florescent,ridge,full_ex,1.0,0.86,0.06465577067415297,0.1814714610515886
600,2,Florescent,ridge,full_1fcs,1.0,0.9400000000000001,0.06465577067415297,0.1814714610515886
600,2,Florescent,ridge,full_mfcs,1.0,0.9400000000000001,0.06465577067415297,0.1814714610515886
600,3,Florescent,ridge,full_ex,1.0,1.0,0.18143673154465625,0.1793802634729986
600,3,Florescent,ridge,full_1fcs,1.0,1.0,0.18143673154465625,0.1793802634729986
600,3,Florescent,ridge,full_mfcs,1.0,1.0,0.18143673154465625,0.1793802634729986
600,4,Florescent,ridge,full_ex,1.0,0.98,0.18040865038003534,0.1813088595781854
600,4,Florescent,ridge,full_1fcs,1.0,0.96,0.18040865038003534,0.1813088595781854
600,4,Florescent,ridge,full_mfcs,1.0,0.98,0.18040865038003534,0.1813088595781854
600,5,Florescent,ridge,full_ex,1.0,0.98,0.18070869036872655,0.18058964954493462
600,5,Florescent,ridge,full_1fcs,1.0,0.96,0.18070869036872655,0.18058964954493462
600,5,Florescent,ridge,full_mfcs,1.0,0.98,0.18070869036872655,0.18058964954493462
601,1,Florescent,ridge,full_ex,1.0,0.78,0.285641112230022,0.1252056336300111
601,1,Florescent,ridge,full_1fcs,1.0,0.9,0.285641112230022,0.1252056336300111
601,1,Florescent,ridge,full_mfcs,1.0,0.9,0.285641112230022,0.1252056336300111
601,2,Florescent,ridge,full_ex,1.0,0.92,0.48901988733871427,0.08385465111078963
601,2,Florescent,ridge,full_1fcs,1.0,1.52,0.48901988733871427,0.08385465111078963
601,2,Florescent,ridge,full_mfcs,1.0,1.92,0.48901988733871427,0.08385465111078963
601,3,Florescent,ridge,full_ex,1.0,0.56,0.08392639398061419,0.14092437460790286
601,3,Florescent,ridge,full_1fcs,1.0,0.88,0.08392639398061419,0.14092437460790286
601,3,Florescent,ridge,full_mfcs,1.0,0.9,0.08392639398061419,0.14092437460790286
601,4,Florescent,ridge,full_ex,1.0,0.58,0.11242286090531246,0.0775357142231789
601,4,Florescent,ridge,full_1fcs,1.0,0.8,0.11242286090531246,0.0775357142231789
601,4,Florescent,ridge,full_mfcs,1.0,0.8,0.11242286090531246,0.0775357142231789
601,5,Florescent,ridge,full_ex,1.0,0.58,0.10079449848030583,0.08163277943631486
601,5,Florescent,ridge,full_1fcs,1.0,0.8,0.10079449848030583,0.08163277943631486
601,5,Florescent,ridge,full_mfcs,1.0,0.8,0.10079449848030583,0.08163277943631486
602,1,Florescent,ridge,full_ex,1.0,0.56,0.09549551955931633,0.04213551905916259
602,1,Florescent,ridge,full_1fcs,1.0,0.84,0.09549551955931633,0.04213551905916259
602,1,Florescent,ridge,full_mfcs,1.0,0.84,0.09549551955931633,0.04213551905916259
602,2,Florescent,ridge,full_ex,1.0,0.54,0.03429142021296899,0.19707064947081387
602,2,Florescent,ridge,full_1fcs,1.0,0.76,0.03429142021296899,0.19707064947081387
602,2,Florescent,ridge,full_mfcs,1.0,1.0,0.03429142021296899,0.19707064947081387
602,3,Florescent,ridge,full_ex,1.0,0.68,0.19704515166048137,0.1312673201582812
602,3,Florescent,ridge,full_1fcs,1.0,0.9400000000000001,0.19704515166048137,0.1312673201582812
602,3,Florescent,ridge,full_mfcs,1.0,0.9400000000000001,0.19704515166048137,0.1312673201582812
602,4,Florescent,ridge,full_ex,1.0,0.62,0.16415881197893378,0.12987307914310675
602,4,Florescent,ridge,full_1fcs,1.0,0.92,0.16415881197893378,0.12987307914310675
602,4,Florescent,ridge,full_mfcs,1.0,0.92,0.16415881197893378,0.12987307914310675
602,5,Florescent,ridge,full_ex,1.0,0.6,0.1527308311533968,0.21175869452112614
602,5,Florescent,ridge,full_1fcs,1.0,0.9,0.1527308311533968,0.21175869452112614
602,5,Florescent,ridge,full_mfcs,1.0,0.9,0.1527308311533968,0.21175869452112614
603,1,Florescent,ridge,full_ex,1.0,0.48,0.1520063031774876,0.07859922884085105
603,1,Florescent,ridge,full_1fcs,1.0,0.78,0.1520063031774876,0.07859922884085105
603,1,Florescent,ridge,full_mfcs,1.0,0.78,0.1520063031774876,0.07859922884085105
603,2,Florescent,ridge,full_ex,1.0,0.36,-0.03954203300741607,0.18415607505084647
603,2,Florescent,ridge,full_1fcs,1.0,0.58,-0.03954203300741607,0.18415607505084647
603,2,Florescent,ridge,full_mfcs,1.0,0.6,-0.03954203300741607,0.18415607505084647
603,3,Florescent,ridge,full_ex,1.0,0.58,0.18409740803407781,0.079090887592088
603,3,Florescent,ridge,full_1fcs,1.0,0.7000000000000001,0.18409740803407781,0.079090887592088
603,3,Florescent,ridge,full_mfcs,1.0,0.8200000000000001,0.18409740803407781,0.079090887592088
603,4,Florescent,ridge,full_ex,1.0,0.5,0.131601033462577,0.2034754060618057
603,4,Florescent,ridge,full_1fcs,1.0,0.76,0.131601033462577,0.2034754060618057
603,4,Florescent,ridge,full_mfcs,1.0,0.76,0.131601033462577,0.2034754060618057
603,5,Florescent,ridge,full_ex,1.0,0.52,0.15555706287942236,0.16231046139789995
603,5,Florescent,ridge,full_1fcs,1.0,0.78,0.15555706287942236,0.16231046139789995
603,5,Florescent,ridge,full_mfcs,1.0,0.78,0.15555706287942236,0.16231046139789995
604,1,Florescent,ridge,full_ex,1.0,0.6,0.14253041901883806,0.10481949301123682
604,1,Florescent,ridge,full_1fcs,1.0,0.32,0.14253041901883806,0.10481949301123682
604,1,Florescent,ridge,full_mfcs,1.0,0.32,0.14253041901883806,0.10481949301123682
604,2,Florescent,ridge,full_ex,1.0,0.7000000000000001,0.18394833274095515,0.1323926510490189
604,2,Florescent,ridge,full_1fcs,1.0,0.36,0.18394833274095515,0.1323926510490189
604,2,Florescent,ridge,full_mfcs,1.0,0.46,0.18394833274095515,0.1323926510490189
604,3,Florescent,ridge,full_ex,1.0,0.62,0.13240766734770795,0.10455925784314662
604,3,Florescent,ridge,full_1fcs,1.0,0.32,0.13240766734770795,0.10455925784314662
604,3,Florescent,ridge,full_mfcs,1.0,0.42,0.13240766734770795,0.10455925784314662
604,4,Florescent,ridge,full_ex,1.0,0.6,0.1184854906977603,0.1741502858288585
604,4,Florescent,ridge,full_1fcs,1.0,0.32,0.1184854906977603,0.1741502858288585
604,4,Florescent,ridge,full_mfcs,1.0,0.4,0.1184854906977603,0.1741502858288585
604,5,Florescent,ridge,full_ex,1.0,0.62,0.13703862059864885,0.18725687541737704
604,5,Florescent,ridge,full_1fcs,1.0,0.34,0.13703862059864885,0.18725687541737704
604,5,Florescent,ridge,full_mfcs,1.0,0.42,0.13703862059864885,0.18725687541737704
605,1,Florescent,ridge,full_ex,1.0,0.2,0.14801598134586916,0.19962010611602068
605,1,Florescent,ridge,full_1fcs,1.0,1.02,0.14801598134586916,0.19962010611602068
605,1,Florescent,ridge,full_mfcs,1.0,1.02,0.14801598134586916,0.19962010611602068
605,2,Florescent,ridge,full_ex,1.0,0.2,0.18020078859130736,0.12713815125305147
605,2,Florescent,ridge,full_1fcs,1.0,0.26,0.18020078859130736,0.12713815125305147
605,2,Florescent,ridge,full_mfcs,1.0,0.72,0.18020078859130736,0.12713815125305147
605,3,Florescent,ridge,full_ex,1.0,0.2,0.12715188015660583,0.13623302652937802
605,3,Florescent,ridge,full_1fcs,1.0,0.22,0.12715188015660583,0.13623302652937802
605,3,Florescent,ridge,full_mfcs,1.0,0.22,0.12715188015660583,0.13623302652937802
605,4,Florescent,ridge,full_ex,1.0,0.2,0.13169186587513318,0.14561413524860375
605,4,Florescent,ridge,full_1fcs,1.0,0.22,0.13169186587513318,0.14561413524860375
605,4,Florescent,ridge,full_mfcs,1.0,0.22,0.13169186587513318,0.14561413524860375
605,5,Florescent,ridge,full_ex,1.0,0.18,0.13633222202974038,0.13730914487398668
605,5,Florescent,ridge,full_1fcs,1.0,0.22,0.13633222202974038,0.13730914487398668
605,5,Florescent,ridge,full_mfcs,1.0,0.22,0.13633222202974038,0.13730914487398668
606,1,Florescent,ridge,full_ex,0.0,0.78,0.2471804528533499,0.9468637118187576
606,1,Florescent,ridge,full_1fcs,0.0,0.9400000000000001,0.2471804528533499,0.9468637118187576
606,1,Florescent,ridge,full_mfcs,0.0,0.9400000000000001,0.2471804528533499,0.9468637118187576
606,2,Florescent,ridge,full_ex,1.0,1.1400000000000001,0.5392705547887521,0.9230168305718439
606,2,Florescent,ridge,full_1fcs,1.0,1.02,0.5392705547887521,0.9230168305718439
606,2,Florescent,ridge,full_mfcs,1.0,1.1400000000000001,0.5392705547887521,0.9230168305718439
606,3,Florescent,ridge,full_ex,1.0,1.44,0.9228602375017421,0.9011158168140548
606,3,Florescent,ridge,full_1fcs,1.0,1.26,0.9228602375017421,0.9011158168140548
606,3,Florescent,ridge,full_mfcs,1.0,1.24,0.9228602375017421,0.9011158168140548
606,4,Florescent,ridge,full_ex,1.0,1.08,0.9119902458896358,0.7594324504950769
606,4,Florescent,ridge,full_1fcs,1.0,1.34,0.9119902458896358,0.7594324504950769
606,4,Florescent,ridge,full_mfcs,1.0,1.18,0.9119902458896358,0.7594324504950769
606,5,Florescent,ridge,full_ex,1.0,1.0,0.8611445663464173,0.963605616486869
606,5,Florescent,ridge,full_1fcs,1.0,1.3,0.8611445663464173,0.963605616486869
606,5,Florescent,ridge,full_mfcs,1.0,1.22,0.8611445663464173,0.963605616486869
607,1,Florescent,ridge,full_ex,1.0,0.64,0.329011801137487,0.17480633826894357
607,1,Florescent,ridge,full_1fcs,1.0,1.36,0.329011801137487,0.17480633826894357
607,1,Florescent,ridge,full_mfcs,1.0,1.36,0.329011801137487,0.17480633826894357
607,2,Florescent,ridge,full_ex,1.0,0.46,0.11807636234556236,0.17243022639350797
607,2,Florescent,ridge,full_1fcs,1.0,0.46,0.11807636234556236,0.17243022639350797
607,2,Florescent,ridge,full_mfcs,1.0,0.72,0.11807636234556236,0.17243022639350797
607,3,Florescent,ridge,full_ex,1.0,0.5,0.17241870758785738,0.1744435007832927
607,3,Florescent,ridge,full_1fcs,1.0,0.5,0.17241870758785738,0.1744435007832927
607,3,Florescent,ridge,full_mfcs,1.0,0.5,0.17241870758785738,0.1744435007832927
607,4,Florescent,ridge,full_ex,1.0,0.5,0.17343099689789968,0.14937640417989947
607,4,Florescent,ridge,full_1fcs,1.0,0.5,0.17343099689789968,0.14937640417989947
607,4,Florescent,ridge,full_mfcs,1.0,0.5,0.17343099689789968,0.14937640417989947
607,5,Florescent,ridge,full_ex,1.0,0.5,0.16541336581803673,0.19996982856289894
607,5,Florescent,ridge,full_1fcs,1.0,0.5,0.16541336581803673,0.19996982856289894
607,5,Florescent,ridge,full_mfcs,1.0,0.5,0.16541336581803673,0.19996982856289894
608,1,Florescent,ridge,full_ex,1.0,0.88,0.22920684985031253,0.06821305492524504
608,1,Florescent,ridge,full_1fcs,1.0,1.08,0.22920684985031253,0.06821305492524504
608,1,Florescent,ridge,full_mfcs,1.0,1.08,0.22920684985031253,0.06821305492524504
608,2,Florescent,ridge,full_ex,0.0,0.84,0.09484023740971029,0.8308777965942866
608,2,Florescent,ridge,full_1fcs,0.0,0.74,0.09484023740971029,0.8308777965942866
608,2,Florescent,ridge,full_mfcs,0.0,0.74,0.09484023740971029,0.8308777965942866
608,3,Florescent,ridge,full_ex,1.0,1.52,0.8306237683582466,0.5686825739033196
608,3,Florescent,ridge,full_1fcs,1.0,1.58,0.8306237683582466,0.5686825739033196
608,3,Florescent,ridge,full_mfcs,1.0,2.04,0.8306237683582466,0.5686825739033196
608,4,Florescent,ridge,full_ex,1.0,1.46,0.6996757759353098,0.5124794916293877
608,4,Florescent,ridge,full_1fcs,1.0,1.52,0.6996757759353098,0.5124794916293877
608,4,Florescent,ridge,full_mfcs,1.0,1.32,0.6996757759353098,0.5124794916293877
608,5,Florescent,ridge,full_ex,1.0,1.4000000000000001,0.6372841947039952,0.7601385058248504
608,5,Florescent,ridge,full_1fcs,1.0,1.32,0.6372841947039952,0.7601385058248504
608,5,Florescent,ridge,full_mfcs,1.0,1.3,0.6372841947039952,0.7601385058248504
609,1,Florescent,ridge,full_ex,1.0,0.8200000000000001,0.2994860542128084,0.0
609,1,Florescent,ridge,full_1fcs,1.0,0.88,0.2994860542128084,0.0
609,1,Florescent,ridge,full_mfcs,1.0,0.88,0.2994860542128084,0.0
609,2,Florescent,ridge,full_ex,1.0,0.8200000000000001,0.2879125961004817,0.010939556711933099
609,2,Florescent,ridge,full_1fcs,1.0,0.76,0.2879125961004817,0.010939556711933099
609,2,Florescent,ridge,full_mfcs,1.0,1.56,0.2879125961004817,0.010939556711933099
609,3,Florescent,ridge,full_ex,1.0,0.6,0.01097312573986126,0.0031857209130681657
609,3,Florescent,ridge,full_1fcs,1.0,0.52,0.01097312573986126,0.0031857209130681657
609,3,Florescent,ridge,full_mfcs,1.0,0.58,0.01097312573986126,0.0031857209130681657
609,4,Florescent,ridge,full_ex,1.0,0.62,0.007079659297424362,0.05866784921638143
609,4,Florescent,ridge,full_1fcs,1.0,0.52,0.007079659297424362,0.05866784921638143
609,4,Florescent,ridge,full_mfcs,1.0,0.52,0.007079659297424362,0.05866784921638143
609,5,Florescent,ridge,full_ex,1.0,0.64,0.02427502782983812,0.19818981692387555
609,5,Florescent,ridge,full_1fcs,1.0,0.52,0.02427502782983812,0.19818981692387555
609,5,Florescent,ridge,full_mfcs,1.0,0.52,0.02427502782983812,0.19818981692387555
610,1,Florescent,ridge,full_ex,1.0,0.76,0.157520616957145,0.10932175975411124
610,1,Florescent,ridge,full_1fcs,1.0,0.74,0.157520616957145,0.10932175975411124
610,1,Florescent,ridge,full_mfcs,1.0,0.74,0.157520616957145,0.10932175975411124
610,2,Florescent,ridge,full_ex,1.0,0.7000000000000001,0.11810690238160124,0.17492727451242124
610,2,Florescent,ridge,full_1fcs,1.0,0.8200000000000001,0.11810690238160124,0.17492727451242124
610,2,Florescent,ridge,full_mfcs,1.0,1.3,0.11810690238160124,0.17492727451242124
610,3,Florescent,ridge,full_ex,1.0,0.74,0.17491817318149885,0.17370772790522665
610,3,Florescent,ridge,full_1fcs,1.0,0.84,0.17491817318149885,0.17370772790522665
610,3,Florescent,ridge,full_mfcs,1.0,0.84,0.17491817318149885,0.17370772790522665
610,4,Florescent,ridge,full_ex,1.0,0.74,0.1743129990174044,0.19092421102055776
610,4,Florescent,ridge,full_1fcs,1.0,0.8200000000000001,0.1743129990174044,0.19092421102055776
610,4,Florescent,ridge,full_mfcs,1.0,0.8200000000000001,0.1743129990174044,0.19092421102055776
610,5,Florescent,ridge,full_ex,1.0,0.74,0.17984977401667715,0.18566111191225682
610,5,Florescent,ridge,full_1fcs,1.0,0.8200000000000001,0.17984977401667715,0.18566111191225682
610,5,Florescent,ridge,full_mfcs,1.0,0.8200000000000001,0.17984977401667715,0.18566111191225682
611,1,Florescent,ridge,full_ex,0.0,0.98,0.37528527414920626,0.9733791643044767
611,1,Florescent,ridge,full_1fcs,0.0,1.34,0.37528527414920626,0.9733791643044767
611,1,Florescent,ridge,full_mfcs,0.0,1.34,0.37528527414920626,0.9733791643044767
611,2,Florescent,ridge,full_ex,1.0,0.8,0.17783917687649053,0.20176375860834925
611,2,Florescent,ridge,full_1fcs,1.0,0.6,0.17783917687649053,0.20176375860834925
611,2,Florescent,ridge,full_mfcs,1.0,0.62,0.17783917687649053,0.20176375860834925
611,3,Florescent,ridge,full_ex,1.0,0.8200000000000001,0.20175917657408488,0.22590722786468476
611,3,Florescent,ridge,full_1fcs,1.0,0.68,0.20175917657408488,0.22590722786468476
611,3,Florescent,ridge,full_mfcs,1.0,0.68,0.20175917657408488,0.22590722786468476
611,4,Florescent,ridge,full_ex,1.0,0.8200000000000001,0.21383204589926594,0.18766339204238744
611,4,Florescent,ridge,full_1fcs,1.0,0.72,0.21383204589926594,0.18766339204238744
611,4,Florescent,ridge,full_mfcs,1.0,0.72,0.21383204589926594,0.18766339204238744
611,5,Florescent,ridge,full_ex,1.0,0.8200000000000001,0.2051097182204358,0.22393397095161335
611,5,Florescent,ridge,full_1fcs,1.0,0.72,0.2051097182204358,0.22393397095161335
611,5,Florescent,ridge,full_mfcs,1.0,0.72,0.2051097182204358,0.22393397095161335
612,1,Florescent,ridge,full_ex,1.0,1.2,0.5359933827032339,0.8807609758517604
612,1,Florescent,ridge,full_1fcs,0.0,0.44,0.5359933827032339,0.8807609758517604
612,1,Florescent,ridge,full_mfcs,0.0,0.44,0.5359933827032339,0.8807609758517604
612,2,Florescent,ridge,full_ex,1.0,1.26,0.9662380175378305,1.0612235908277772
612,2,Florescent,ridge,full_1fcs,1.0,2.22,0.9662380175378305,1.0612235908277772
612,2,Florescent,ridge,full_mfcs,1.0,2.22,0.9662380175378305,1.0612235908277772
612,3,Florescent,ridge,full_ex,1.0,1.26,1.0612073683254115,1.013918045344256
612,3,Florescent,ridge,full_1fcs,1.0,1.3800000000000001,1.0612073683254115,1.013918045344256
612,3,Florescent,ridge,full_mfcs,1.0,1.54,1.0612073683254115,1.013918045344256
612,4,Florescent,ridge,full_ex,1.0,1.26,1.0375647261329592,1.0617091732743806
612,4,Florescent,ridge,full_1fcs,1.0,1.46,1.0375647261329592,1.0617091732743806
612,4,Florescent,ridge,full_mfcs,1.0,1.32,1.0375647261329592,1.0617091732743806
612,5,Florescent,ridge,full_ex,1.0,1.26,1.0456124169483807,1.1243396128500702
612,5,Florescent,ridge,full_1fcs,1.0,1.5,1.0456124169483807,1.1243396128500702
612,5,Florescent,ridge,full_mfcs,1.0,1.3800000000000001,1.0456124169483807,1.1243396128500702
613,1,Florescent,ridge,full_ex,1.0,0.72,0.2378547183602694,0.10677135366267035
613,1,Florescent,ridge,full_1fcs,1.0,2.16,0.2378547183602694,0.10677135366267035
613,1,Florescent,ridge,full_mfcs,1.0,2.16,0.2378547183602694,0.10677135366267035
613,2,Florescent,ridge,full_ex,1.0,0.54,0.11366056819892446,0.09400509732424694
613,2,Florescent,ridge,full_1fcs,1.0,0.54,0.11366056819892446,0.09400509732424694
613,2,Florescent,ridge,full_mfcs,1.0,0.74,0.11366056819892446,0.09400509732424694
613,3,Florescent,ridge,full_ex,1.0,0.5,0.0940087792543025,0.09364745464273475
613,3,Florescent,ridge,full_1fcs,1.0,0.5,0.0940087792543025,0.09364745464273475
613,3,Florescent,ridge,full_mfcs,1.0,1.0,0.0940087792543025,0.09364745464273475
613,4,Florescent,ridge,full_ex,1.0,0.52,0.09382813387077348,0.09264150300616332
613,4,Florescent,ridge,full_1fcs,1.0,0.52,0.09382813387077348,0.09264150300616332
613,4,Florescent,ridge,full_mfcs,1.0,1.0,0.09382813387077348,0.09264150300616332
613,5,Florescent,ridge,full_ex,1.0,0.52,0.09343261495140301,0.09232031541644968
613,5,Florescent,ridge,full_1fcs,1.0,0.52,0.09343261495140301,0.09232031541644968
613,5,Florescent,ridge,full_mfcs,1.0,1.44,0.09343261495140301,0.09232031541644968
614,1,Florescent,ridge,full_ex,1.0,0.76,0.29916697724482205,0.12770883065727567
614,1,Florescent,ridge,full_1fcs,1.0,0.68,0.29916697724482205,0.12770883065727567
614,1,Florescent,ridge,full_mfcs,1.0,0.68,0.29916697724482205,0.12770883065727567
614,2,Florescent,ridge,full_ex,1.0,0.58,0.18101557453161143,0.17690256924987197
614,2,Florescent,ridge,full_1fcs,1.0,0.74,0.18101557453161143,0.17690256924987197
614,2,Florescent,ridge,full_mfcs,1.0,1.24,0.18101557453161143,0.17690256924987197
614,3,Florescent,ridge,full_ex,1.0,0.58,0.1769033627030856,0.27053600293131785
614,3,Florescent,ridge,full_1fcs,1.0,0.7000000000000001,0.1769033627030856,0.27053600293131785
614,3,Florescent,ridge,full_mfcs,1.0,0.7000000000000001,0.1769033627030856,0.27053600293131785
614,4,Florescent,ridge,full_ex,1.0,0.62,0.22371516663975347,0.21925503334153912
614,4,Florescent,ridge,full_1fcs,1.0,0.74,0.22371516663975347,0.21925503334153912
614,4,Florescent,ridge,full_mfcs,1.0,0.74,0.22371516663975347,0.21925503334153912
614,5,Florescent,ridge,full_ex,1.0,0.62,0.22222855115514487,0.17725754895577717
614,5,Florescent,ridge,full_1fcs,1.0,0.74,0.22222855115514487,0.17725754895577717
614,5,Florescent,ridge,full_mfcs,1.0,0.74,0.22222855115514487,0.17725754895577717
615,1,Florescent,ridge,full_ex,1.0,0.88,0.2587765018247564,0.060100989021654845
615,1,Florescent,ridge,full_1fcs,1.0,1.12,0.2587765018247564,0.060100989021654845
615,1,Florescent,ridge,full_mfcs,1.0,1.12,0.2587765018247564,0.060100989021654845
615,2,Florescent,ridge,full_ex,1.0,0.76,0.2281650804408707,0.1639880765728083
615,2,Florescent,ridge,full_1fcs,1.0,0.76,0.2281650804408707,0.1639880765728083
615,2,Florescent,ridge,full_mfcs,1.0,1.06,0.2281650804408707,0.1639880765728083
615,3,Florescent,ridge,full_ex,1.0,0.72,0.16401802161824627,0.1628180830455967
615,3,Florescent,ridge,full_1fcs,1.0,0.72,0.16401802161824627,0.1628180830455967
615,3,Florescent,ridge,full_mfcs,1.0,0.72,0.16401802161824627,0.1628180830455967
615,4,Florescent,ridge,full_ex,1.0,0.74,0.1634181923370361,0.1637423634958393
615,4,Florescent,ridge,full_1fcs,1.0,0.74,0.1634181923370361,0.1637423634958393
615,4,Florescent,ridge,full_mfcs,1.0,0.78,0.1634181923370361,0.1637423634958393
615,5,Florescent,ridge,full_ex,1.0,0.74,0.16352623257879237,0.16448400056806722
615,5,Florescent,ridge,full_1fcs,1.0,0.74,0.16352623257879237,0.16448400056806722
615,5,Florescent,ridge,full_mfcs,1.0,1.1,0.16352623257879237,0.16448400056806722
616,1,Florescent,ridge,full_ex,1.0,0.64,0.10286637998043208,0.16906338728281967
616,1,Florescent,ridge,full_1fcs,1.0,0.64,0.10286637998043208,0.16906338728281967
616,1,Florescent,ridge,full_mfcs,1.0,0.64,0.10286637998043208,0.16906338728281967
616,2,Florescent,ridge,full_ex,1.0,0.9400000000000001,0.4627897093445693,0.0880062676901696
616,2,Florescent,ridge,full_1fcs,1.0,0.9400000000000001,0.4627897093445693,0.0880062676901696
616,2,Florescent,ridge,full_mfcs,1.0,1.54,0.4627897093445693,0.0880062676901696
616,3,Florescent,ridge,full_ex,1.0,0.64,0.08810365312644367,0.09702142465094724
616,3,Florescent,ridge,full_1fcs,1.0,0.64,0.08810365312644367,0.09702142465094724
616,3,Florescent,ridge,full_mfcs,1.0,0.78,0.08810365312644367,0.09702142465094724
616,4,Florescent,ridge,full_ex,1.0,0.64,0.09256195950403631,0.13404273590818389
616,4,Florescent,ridge,full_1fcs,1.0,0.66,0.09256195950403631,0.13404273590818389
616,4,Florescent,ridge,full_mfcs,1.0,0.66,0.09256195950403631,0.13404273590818389
616,5,Florescent,ridge,full_ex,1.0,0.64,0.10638768714827426,0.08330273281136105
616,5,Florescent,ridge,full_1fcs,1.0,0.68,0.10638768714827426,0.08330273281136105
616,5,Florescent,ridge,full_mfcs,1.0,0.68,0.10638768714827426,0.08330273281136105
617,1,Florescent,ridge,full_ex,1.0,0.58,0.28076378674921076,0.17480984338163397
617,1,Florescent,ridge,full_1fcs,1.0,0.6,0.28076378674921076,0.17480984338163397
617,1,Florescent,ridge,full_mfcs,1.0,0.6,0.28076378674921076,0.17480984338163397
617,2,Florescent,ridge,full_ex,1.0,0.5,0.14352393539729358,0.27063977769387043
617,2,Florescent,ridge,full_1fcs,1.0,1.3,0.14352393539729358,0.27063977769387043
617,2,Florescent,ridge,full_mfcs,1.0,1.6,0.14352393539729358,0.27063977769387043
617,3,Florescent,ridge,full_ex,1.0,0.64,0.2706209627839781,0.308090332322744
617,3,Florescent,ridge,full_1fcs,1.0,0.7000000000000001,0.2706209627839781,0.308090332322744
617,3,Florescent,ridge,full_mfcs,1.0,0.7000000000000001,0.2706209627839781,0.308090332322744
617,4,Florescent,ridge,full_ex,1.0,0.66,0.2893542609547122,0.39278897432318216
617,4,Florescent,ridge,full_1fcs,1.0,0.72,0.2893542609547122,0.39278897432318216
617,4,Florescent,ridge,full_mfcs,1.0,0.72,0.2893542609547122,0.39278897432318216
617,5,Florescent,ridge,full_ex,1.0,0.7000000000000001,0.3238307974901448,0.18585739453972044
617,5,Florescent,ridge,full_1fcs,1.0,0.74,0.3238307974901448,0.18585739453972044
617,5,Florescent,ridge,full_mfcs,1.0,0.74,0.3238307974901448,0.18585739453972044
618,1,Florescent,ridge,full_ex,1.0,0.52,0.22573892956218683,0.10112696651067031
618,1,Florescent,ridge,full_1fcs,1.0,1.34,0.22573892956218683,0.10112696651067031
618,1,Florescent,ridge,full_mfcs,1.0,1.34,0.22573892956218683,0.10112696651067031
618,2,Florescent,ridge,full_ex,1.0,0.4,0.12637661082810223,0.11865047710742846
618,2,Florescent,ridge,full_1fcs,1.0,1.06,0.12637661082810223,0.11865047710742846
618,2,Florescent,ridge,full_mfcs,1.0,1.36,0.12637661082810223,0.11865047710742846
618,3,Florescent,ridge,full_ex,1.0,0.4,0.1186515298519431,0.21671536186827162
618,3,Florescent,ridge,full_1fcs,1.0,0.4,0.1186515298519431,0.21671536186827162
618,3,Florescent,ridge,full_mfcs,1.0,0.4,0.1186515298519431,0.21671536186827162
618,4,Florescent,ridge,full_ex,1.0,0.44,0.16768010514910014,0.023202516493683732
618,4,Florescent,ridge,full_1fcs,1.0,0.46,0.16768010514910014,0.023202516493683732
618,4,Florescent,ridge,full_mfcs,1.0,0.46,0.16768010514910014,0.023202516493683732
618,5,Florescent,ridge,full_ex,1.0,0.4,0.11952309647974177,0.11287836571514018
618,5,Florescent,ridge,full_1fcs,1.0,0.4,0.11952309647974177,0.11287836571514018
618,5,Florescent,ridge,full_mfcs,1.0,0.4,0.11952309647974177,0.11287836571514018
619,1,Florescent,ridge,full_ex,1.0,0.8,0.5034846078411024,0.2864874693207232
619,1,Florescent,ridge,full_1fcs,1.0,0.96,0.5034846078411024,0.2864874693207232
619,1,Florescent,ridge,full_mfcs,1.0,0.96,0.5034846078411024,0.2864874693207232
619,2,Florescent,ridge,full_ex,1.0,0.66,0.10304418688808431,0.09305819939645245
619,2,Florescent,ridge,full_1fcs,1.0,0.8,0.10304418688808431,0.09305819939645245
619,2,Florescent,ridge,full_mfcs,1.0,0.84,0.10304418688808431,0.09305819939645245
619,3,Florescent,ridge,full_ex,1.0,0.5,0.09306124225905077,0.06810822509272113
619,3,Florescent,ridge,full_1fcs,1.0,0.9400000000000001,0.09306124225905077,0.06810822509272113
619,3,Florescent,ridge,full_mfcs,1.0,0.98,0.09306124225905077,0.06810822509272113
619,4,Florescent,ridge,full_ex,1.0,0.46,0.08058663484452992,0.17263682970507566
619,4,Florescent,ridge,full_1fcs,1.0,0.96,0.08058663484452992,0.17263682970507566
619,4,Florescent,ridge,full_mfcs,1.0,0.96,0.08058663484452992,0.17263682970507566
619,5,Florescent,ridge,full_ex,1.0,0.5,0.1112669159525508,0.08974685800816262
619,5,Florescent,ridge,full_1fcs,1.0,0.98,0.1112669159525508,0.08974685800816262
619,5,Florescent,ridge,full_mfcs,1.0,0.98,0.1112669159525508,0.08974685800816262
620,1,Florescent,ridge,full_ex,1.0,0.8,0.34848599828140026,0.1507344704080328
620,1,Florescent,ridge,full_1fcs,1.0,1.5,0.34848599828140026,0.1507344704080328
620,1,Florescent,ridge,full_mfcs,1.0,1.5,0.34848599828140026,0.1507344704080328
620,2,Florescent,ridge,full_ex,1.0,0.62,0.2342367596471357,0.20339501817189362
620,2,Florescent,ridge,full_1fcs,1.0,0.76,0.2342367596471357,0.20339501817189362
620,2,Florescent,ridge,full_mfcs,1.0,0.8,0.2342367596471357,0.20339501817189362
620,3,Florescent,ridge,full_ex,1.0,0.54,0.20340570579907025,0.3086551236485828
620,3,Florescent,ridge,full_1fcs,1.0,0.8,0.20340570579907025,0.3086551236485828
620,3,Florescent,ridge,full_mfcs,1.0,0.8,0.20340570579907025,0.3086551236485828
620,4,Florescent,ridge,full_ex,1.0,0.6,0.25602129509077876,0.13003613557565422
620,4,Florescent,ridge,full_1fcs,1.0,0.86,0.25602129509077876,0.13003613557565422
620,4,Florescent,ridge,full_mfcs,1.0,0.86,0.25602129509077876,0.13003613557565422
620,5,Florescent,ridge,full_ex,1.0,0.6,0.21403109390638947,0.05294161018435492
620,5,Florescent,ridge,full_1fcs,1.0,0.78,0.21403109390638947,0.05294161018435492
620,5,Florescent,ridge,full_mfcs,1.0,0.78,0.21403109390638947,0.05294161018435492
621,1,Florescent,ridge,full_ex,1.0,0.56,0.08712215319297387,0.03596967519285878
621,1,Florescent,ridge,full_1fcs,1.0,0.64,0.08712215319297387,0.03596967519285878
621,1,Florescent,ridge,full_mfcs,1.0,0.64,0.08712215319297387,0.03596967519285878
621,2,Florescent,ridge,full_ex,1.0,0.6,0.18856061235611538,0.098426386297898
621,2,Florescent,ridge,full_1fcs,1.0,0.8200000000000001,0.18856061235611538,0.098426386297898
621,2,Florescent,ridge,full_mfcs,1.0,1.36,0.18856061235611538,0.098426386297898
621,3,Florescent,ridge,full_ex,1.0,0.54,0.09843856096047518,0.07932954814347888
621,3,Florescent,ridge,full_1fcs,1.0,0.54,0.09843856096047518,0.07932954814347888
621,3,Florescent,ridge,full_mfcs,1.0,0.54,0.09843856096047518,0.07932954814347888
621,4,Florescent,ridge,full_ex,1.0,0.52,0.0888846998724167,0.09531953497795971
621,4,Florescent,ridge,full_1fcs,1.0,0.52,0.0888846998724167,0.09531953497795971
621,4,Florescent,ridge,full_mfcs,1.0,0.52,0.0888846998724167,0.09531953497795971
621,5,Florescent,ridge,full_ex,1.0,0.52,0.09102954832447846,0.09077793090170803
621,5,Florescent,ridge,full_1fcs,1.0,0.52,0.09102954832447846,0.09077793090170803
621,5,Florescent,ridge,full_mfcs,1.0,0.54,0.09102954832447846,0.09077793090170803
622,1,Florescent,ridge,full_ex,0.0,1.06,0.5168523994702786,1.346968162484509
622,1,Florescent,ridge,full_1fcs,0.0,1.46,0.5168523994702786,1.346968162484509
622,1,Florescent,ridge,full_mfcs,0.0,1.46,0.5168523994702786,1.346968162484509
622,2,Florescent,ridge,full_ex,1.0,1.5,1.2052004812264483,1.3197730722009946
622,2,Florescent,ridge,full_1fcs,1.0,2.22,1.2052004812264483,1.3197730722009946
622,2,Florescent,ridge,full_mfcs,1.0,2.22,1.2052004812264483,1.3197730722009946
622,3,Florescent,ridge,full_ex,1.0,1.08,1.3197359081746105,1.3110841866625895
622,3,Florescent,ridge,full_1fcs,1.0,1.62,1.3197359081746105,1.3110841866625895
622,3,Florescent,ridge,full_mfcs,1.0,1.58,1.3197359081746105,1.3110841866625895
622,4,Florescent,ridge,full_ex,1.0,1.04,1.315410749123082,1.3232797224882142
622,4,Florescent,ridge,full_1fcs,1.0,1.7,1.315410749123082,1.3232797224882142
622,4,Florescent,ridge,full_mfcs,1.0,1.56,1.315410749123082,1.3232797224882142
622,5,Florescent,ridge,full_ex,1.0,1.02,1.31803345657721,1.286785876232958
622,5,Florescent,ridge,full_1fcs,1.0,1.74,1.31803345657721,1.286785876232958
622,5,Florescent,ridge,full_mfcs,1.0,1.58,1.31803345657721,1.286785876232958
623,1,Florescent,ridge,full_ex,1.0,0.62,0.1399076122523445,0.06632167992990949
623,1,Florescent,ridge,full_1fcs,1.0,0.5,0.1399076122523445,0.06632167992990949
623,1,Florescent,ridge,full_mfcs,1.0,0.5,0.1399076122523445,0.06632167992990949
623,2,Florescent,ridge,full_ex,1.0,0.84,0.3319208037515175,0.08659308406138175
623,2,Florescent,ridge,full_1fcs,1.0,0.58,0.3319208037515175,0.08659308406138175
623,2,Florescent,ridge,full_mfcs,1.0,1.1400000000000001,0.3319208037515175,0.08659308406138175
623,3,Florescent,ridge,full_ex,1.0,0.58,0.08663399159218328,0.12348755947109098
623,3,Florescent,ridge,full_1fcs,1.0,0.4,0.08663399159218328,0.12348755947109098
623,3,Florescent,ridge,full_mfcs,1.0,0.58,0.08663399159218328,0.12348755947109098
623,4,Florescent,ridge,full_ex,1.0,0.52,0.10505923910447484,0.15617251154456216
623,4,Florescent,ridge,full_1fcs,1.0,0.42,0.10505923910447484,0.15617251154456216
623,4,Florescent,ridge,full_mfcs,1.0,0.5,0.10505923910447484,0.15617251154456216
623,5,Florescent,ridge,full_ex,1.0,0.52,0.12209604948269834,0.1144549576411988
623,5,Florescent,ridge,full_1fcs,1.0,0.44,0.12209604948269834,0.1144549576411988
623,5,Florescent,ridge,full_mfcs,1.0,0.52,0.12209604948269834,0.1144549576411988
624,1,Florescent,ridge,full_ex,1.0,0.46,-0.004255584687279048,0.08702688630427957
624,1,Florescent,ridge,full_1fcs,1.0,0.78,-0.004255584687279048,0.08702688630427957
624,1,Florescent,ridge,full_mfcs,1.0,0.78,-0.004255584687279048,0.08702688630427957
624,2,Florescent,ridge,full_ex,1.0,0.6,0.1406631845303256,0.010038266893129852
624,2,Florescent,ridge,full_1fcs,1.0,1.18,0.1406631845303256,0.010038266893129852
624,2,Florescent,ridge,full_mfcs,1.0,1.48,0.1406631845303256,0.010038266893129852
624,3,Florescent,ridge,full_ex,1.0,0.42,0.01005790456602414,0.037336823562684945
624,3,Florescent,ridge,full_1fcs,1.0,0.46,0.01005790456602414,0.037336823562684945
624,3,Florescent,ridge,full_mfcs,1.0,0.46,0.01005790456602414,0.037336823562684945
624,4,Florescent,ridge,full_ex,1.0,0.44,0.023696338734454536,0.10162392903590856
624,4,Florescent,ridge,full_1fcs,1.0,0.48,0.023696338734454536,0.10162392903590856
624,4,Florescent,ridge,full_mfcs,1.0,0.48,0.023696338734454536,0.10162392903590856
624,5,Florescent,ridge,full_ex,1.0,0.46,0.04967090033158343,0.0
624,5,Florescent,ridge,full_1fcs,1.0,0.5,0.04967090033158343,0.0
624,5,Florescent,ridge,full_mfcs,1.0,0.5,0.04967090033158343,0.0
625,1,Florescent,ridge,full_ex,1.0,0.48,0.13637414377721332,0.08407751574268749
625,1,Florescent,ridge,full_1fcs,1.0,0.7000000000000001,0.13637414377721332,0.08407751574268749
625,1,Florescent,ridge,full_mfcs,1.0,0.7000000000000001,0.13637414377721332,0.08407751574268749
625,2,Florescent,ridge,full_ex,1.0,0.54,0.18496176456314695,0.043476713928123065
625,2,Florescent,ridge,full_1fcs,1.0,1.22,0.18496176456314695,0.043476713928123065
625,2,Florescent,ridge,full_mfcs,1.0,1.54,0.18496176456314695,0.043476713928123065
625,3,Florescent,ridge,full_ex,1.0,0.4,0.043494683492779226,0.08915706823307673
625,3,Florescent,ridge,full_1fcs,1.0,0.68,0.043494683492779226,0.08915706823307673
625,3,Florescent,ridge,full_mfcs,1.0,0.72,0.043494683492779226,0.08915706823307673
625,4,Florescent,ridge,full_ex,1.0,0.42,0.06632442591268474,0.12116035038160139
625,4,Florescent,ridge,full_1fcs,1.0,0.74,0.06632442591268474,0.12116035038160139
625,4,Florescent,ridge,full_mfcs,1.0,0.74,0.06632442591268474,0.12116035038160139
625,5,Florescent,ridge,full_ex,1.0,0.44,0.08460229349887065,0.045874938044391855
625,5,Florescent,ridge,full_1fcs,1.0,0.78,0.08460229349887065,0.045874938044391855
625,5,Florescent,ridge,full_mfcs,1.0,0.78,0.08460229349887065,0.045874938044391855
626,1,Florescent,ridge,full_ex,1.0,0.3,-0.1550631194250348,0.12372036696632982
626,1,Florescent,ridge,full_1fcs,1.0,0.44,-0.1550631194250348,0.12372036696632982
626,1,Florescent,ridge,full_mfcs,1.0,0.44,-0.1550631194250348,0.12372036696632982
626,2,Florescent,ridge,full_ex,1.0,0.86,0.4844418620659884,0.15878797071978576
626,2,Florescent,ridge,full_1fcs,1.0,2.22,0.4844418620659884,0.15878797071978576
626,2,Florescent,ridge,full_mfcs,1.0,2.22,0.4844418620659884,0.15878797071978576
626,3,Florescent,ridge,full_ex,1.0,0.64,0.15884576367992945,0.20603210066078675
626,3,Florescent,ridge,full_1fcs,1.0,0.8200000000000001,0.15884576367992945,0.20603210066078675
626,3,Florescent,ridge,full_mfcs,1.0,0.8200000000000001,0.15884576367992945,0.20603210066078675
626,4,Florescent,ridge,full_ex,1.0,0.62,0.1824368384744264,0.1714079999740619
626,4,Florescent,ridge,full_1fcs,1.0,0.68,0.1824368384744264,0.1714079999740619
626,4,Florescent,ridge,full_mfcs,1.0,0.92,0.1824368384744264,0.1714079999740619
626,5,Florescent,ridge,full_ex,1.0,0.62,0.17876077647353256,0.21803403903434992
626,5,Florescent,ridge,full_1fcs,1.0,0.68,0.17876077647353256,0.21803403903434992
626,5,Florescent,ridge,full_mfcs,1.0,1.3,0.17876077647353256,0.21803403903434992
627,1,Florescent,ridge,full_ex,1.0,0.36,0.16701449758592327,0.11714411910076938
627,1,Florescent,ridge,full_1fcs,1.0,1.24,0.16701449758592327,0.11714411910076938
627,1,Florescent,ridge,full_mfcs,1.0,1.24,0.16701449758592327,0.11714411910076938
627,2,Florescent,ridge,full_ex,1.0,0.34,0.1592964193533285,0.050727291871786484
627,2,Florescent,ridge,full_1fcs,1.0,0.84,0.1592964193533285,0.050727291871786484
627,2,Florescent,ridge,full_mfcs,1.0,1.24,0.1592964193533285,0.050727291871786484
627,3,Florescent,ridge,full_ex,1.0,0.28,0.05074885874141032,0.030395437944493814
627,3,Florescent,ridge,full_1fcs,1.0,0.28,0.05074885874141032,0.030395437944493814
627,3,Florescent,ridge,full_mfcs,1.0,0.28,0.05074885874141032,0.030395437944493814
627,4,Florescent,ridge,full_ex,1.0,0.22,0.0405731592269193,0.09984230544262875
627,4,Florescent,ridge,full_1fcs,1.0,0.22,0.0405731592269193,0.09984230544262875
627,4,Florescent,ridge,full_mfcs,1.0,0.22,0.0405731592269193,0.09984230544262875
627,5,Florescent,ridge,full_ex,1.0,0.24,0.06032823294746027,0.02759838716309505
627,5,Florescent,ridge,full_1fcs,1.0,0.24,0.06032823294746027,0.02759838716309505
627,5,Florescent,ridge,full_mfcs,1.0,0.24,0.06032823294746027,0.02759838716309505
628,1,Florescent,ridge,full_ex,1.0,1.08,0.3247486232773034,0.21979524457599872
628,1,Florescent,ridge,full_1fcs,1.0,0.66,0.3247486232773034,0.21979524457599872
628,1,Florescent,ridge,full_mfcs,1.0,0.66,0.3247486232773034,0.21979524457599872
628,2,Florescent,ridge,full_ex,1.0,1.1,0.4241023874791926,0.19790004739415373
628,2,Florescent,ridge,full_1fcs,1.0,0.64,0.4241023874791926,0.19790004739415373
628,2,Florescent,ridge,full_mfcs,1.0,1.72,0.4241023874791926,0.19790004739415373
628,3,Florescent,ridge,full_ex,1.0,0.9400000000000001,0.1979372151465035,0.2623490458257573
628,3,Florescent,ridge,full_1fcs,1.0,0.52,0.1979372151465035,0.2623490458257573
628,3,Florescent,ridge,full_mfcs,1.0,0.8200000000000001,0.1979372151465035,0.2623490458257573
628,4,Florescent,ridge,full_ex,1.0,0.98,0.23014048436022894,0.20022124002304062
628,4,Florescent,ridge,full_1fcs,1.0,0.56,0.23014048436022894,0.20022124002304062
628,4,Florescent,ridge,full_mfcs,1.0,0.84,0.23014048436022894,0.20022124002304062
628,5,Florescent,ridge,full_ex,1.0,0.98,0.22016794920579408,0.19042700783272704
628,5,Florescent,ridge,full_1fcs,1.0,0.56,0.22016794920579408,0.19042700783272704
628,5,Florescent,ridge,full_mfcs,1.0,0.8200000000000001,0.22016794920579408,0.19042700783272704
629,1,Florescent,ridge,full_ex,1.0,0.78,0.14515891395297853,0.05173313776572801
629,1,Florescent,ridge,full_1fcs,1.0,1.02,0.14515891395297853,0.05173313776572801
629,1,Florescent,ridge,full_mfcs,1.0,1.02,0.14515891395297853,0.05173313776572801
629,2,Florescent,ridge,full_ex,1.0,0.74,0.00030168093023976144,0.0907939070800147
629,2,Florescent,ridge,full_1fcs,1.0,0.8,0.00030168093023976144,0.0907939070800147
629,2,Florescent,ridge,full_mfcs,1.0,0.8,0.00030168093023976144,0.0907939070800147
629,3,Florescent,ridge,full_ex,1.0,0.84,0.09077037764533238,0.07156845938159032
629,3,Florescent,ridge,full_1fcs,1.0,0.9400000000000001,0.09077037764533238,0.07156845938159032
629,3,Florescent,ridge,full_mfcs,1.0,0.9400000000000001,0.09077037764533238,0.07156845938159032
629,4,Florescent,ridge,full_ex,1.0,0.84,0.0811706668781184,0.10799150781982157
629,4,Florescent,ridge,full_1fcs,1.0,0.96,0.0811706668781184,0.10799150781982157
629,4,Florescent,ridge,full_mfcs,1.0,0.96,0.0811706668781184,0.10799150781982157
629,5,Florescent,ridge,full_ex,1.0,0.84,0.09011017218559175,0.10230026814760738
629,5,Florescent,ridge,full_1fcs,1.0,0.98,0.09011017218559175,0.10230026814760738
629,5,Florescent,ridge,full_mfcs,1.0,0.98,0.09011017218559175,0.10230026814760738
630,1,Florescent,ridge,full_ex,1.0,0.9400000000000001,0.47622369585027297,0.17414203168202694
630,1,Florescent,ridge,full_1fcs,1.0,2.14,0.47622369585027297,0.17414203168202694
630,1,Florescent,ridge,full_mfcs,1.0,2.14,0.47622369585027297,0.17414203168202694
630,2,Florescent,ridge,full_ex,1.0,0.66,0.020701974144178632,0.1428977882612745
630,2,Florescent,ridge,full_1fcs,1.0,0.66,0.020701974144178632,0.1428977882612745
630,2,Florescent,ridge,full_mfcs,1.0,0.66,0.020701974144178632,0.1428977882612745
630,3,Florescent,ridge,full_ex,1.0,0.74,0.14287525352372793,0.1258143869720708
630,3,Florescent,ridge,full_1fcs,1.0,0.74,0.14287525352372793,0.1258143869720708
630,3,Florescent,ridge,full_mfcs,1.0,0.74,0.14287525352372793,0.1258143869720708
630,4,Florescent,ridge,full_ex,1.0,0.72,0.13434560689007516,0.21430201115049474
630,4,Florescent,ridge,full_1fcs,1.0,0.72,0.13434560689007516,0.21430201115049474
630,4,Florescent,ridge,full_mfcs,1.0,0.72,0.13434560689007516,0.21430201115049474
630,5,Florescent,ridge,full_ex,1.0,0.74,0.1609961030908465,0.18476443926377845
630,5,Florescent,ridge,full_1fcs,1.0,0.74,0.1609961030908465,0.18476443926377845
630,5,Florescent,ridge,full_mfcs,1.0,0.74,0.1609961030908465,0.18476443926377845
631,1,Florescent,ridge,full_ex,1.0,0.64,0.07538066073420724,0.07393057356373353
631,1,Florescent,ridge,full_1fcs,1.0,0.86,0.07538066073420724,0.07393057356373353
631,1,Florescent,ridge,full_mfcs,1.0,0.86,0.07538066073420724,0.07393057356373353
631,2,Florescent,ridge,full_ex,1.0,0.7000000000000001,0.22899570145778234,0.048688809365169616
631,2,Florescent,ridge,full_1fcs,1.0,0.96,0.22899570145778234,0.048688809365169616
631,2,Florescent,ridge,full_mfcs,1.0,1.02,0.22899570145778234,0.048688809365169616
631,3,Florescent,ridge,full_ex,1.0,0.54,0.04872904790948492,0.18313284411144817
631,3,Florescent,ridge,full_1fcs,1.0,0.72,0.04872904790948492,0.18313284411144817
631,3,Florescent,ridge,full_mfcs,1.0,0.72,0.04872904790948492,0.18313284411144817
631,4,Florescent,ridge,full_ex,1.0,0.6,0.11592344655196016,0.059191046625044264
631,4,Florescent,ridge,full_1fcs,1.0,0.78,0.11592344655196016,0.059191046625044264
631,4,Florescent,ridge,full_mfcs,1.0,0.78,0.11592344655196016,0.059191046625044264
631,5,Florescent,ridge,full_ex,1.0,0.58,0.09701405354088566,0.3737573426433255
631,5,Florescent,ridge,full_1fcs,1.0,0.76,0.09701405354088566,0.3737573426433255
631,5,Florescent,ridge,full_mfcs,1.0,0.76,0.09701405354088566,0.3737573426433255
632,1,Florescent,ridge,full_ex,1.0,1.18,0.5108049501787514,1.11785428632991
632,1,Florescent,ridge,full_1fcs,1.0,1.1400000000000001,0.5108049501787514,1.11785428632991
632,1,Florescent,ridge,full_mfcs,1.0,1.1400000000000001,0.5108049501787514,1.11785428632991
632,2,Florescent,ridge,full_ex,1.0,1.34,0.6968793471932004,1.299814490125216
632,2,Florescent,ridge,full_1fcs,1.0,2.12,0.6968793471932004,1.299814490125216
632,2,Florescent,ridge,full_mfcs,1.0,2.22,0.6968793471932004,1.299814490125216
632,3,Florescent,ridge,full_ex,1.0,1.36,1.2997155474070046,1.4058977383905176
632,3,Florescent,ridge,full_1fcs,1.0,1.8,1.2997155474070046,1.4058977383905176
632,3,Florescent,ridge,full_mfcs,1.0,2.22,1.2997155474070046,1.4058977383905176
632,4,Florescent,ridge,full_ex,1.0,1.3,1.352802286369281,1.4493702537123487
632,4,Florescent,ridge,full_1fcs,1.0,2.02,1.352802286369281,1.4493702537123487
632,4,Florescent,ridge,full_mfcs,1.0,1.6600000000000001,1.352802286369281,1.4493702537123487
632,5,Florescent,ridge,full_ex,1.0,1.28,1.384989847847166,1.2768040033171681
632,5,Florescent,ridge,full_1fcs,1.0,2.1,1.384989847847166,1.2768040033171681
632,5,Florescent,ridge,full_mfcs,1.0,1.72,1.384989847847166,1.2768040033171681
633,1,Florescent,ridge,full_ex,1.0,0.9,0.32729645739629687,0.16014539344949558
633,1,Florescent,ridge,full_1fcs,1.0,1.28,0.32729645739629687,0.16014539344949558
633,1,Florescent,ridge,full_mfcs,1.0,1.28,0.32729645739629687,0.16014539344949558
633,2,Florescent,ridge,full_ex,1.0,0.8,0.1873357226355301,0.08675501311074482
633,2,Florescent,ridge,full_1fcs,1.0,0.68,0.1873357226355301,0.08675501311074482
633,2,Florescent,ridge,full_mfcs,1.0,0.68,0.1873357226355301,0.08675501311074482
633,3,Florescent,ridge,full_ex,1.0,0.68,0.08678561190775724,0.08689565756403159
633,3,Florescent,ridge,full_1fcs,1.0,0.54,0.08678561190775724,0.08689565756403159
633,3,Florescent,ridge,full_mfcs,1.0,0.54,0.08678561190775724,0.08689565756403159
633,4,Florescent,ridge,full_ex,1.0,0.7000000000000001,0.08684062636444129,0.08553411254498416
633,4,Florescent,ridge,full_1fcs,1.0,0.52,0.08684062636444129,0.08553411254498416
633,4,Florescent,ridge,full_mfcs,1.0,0.52,0.08684062636444129,0.08553411254498416
633,5,Florescent,ridge,full_ex,1.0,0.72,0.08640516592849293,0.08120628893118388
633,5,Florescent,ridge,full_1fcs,1.0,0.52,0.08640516592849293,0.08120628893118388
633,5,Florescent,ridge,full_mfcs,1.0,0.52,0.08640516592849293,0.08120628893118388
634,1,Florescent,ridge,full_ex,1.0,0.68,-0.1327431306692828,0.025385320584020352
634,1,Florescent,ridge,full_1fcs,1.0,0.68,-0.1327431306692828,0.025385320584020352
634,1,Florescent,ridge,full_mfcs,1.0,0.68,-0.1327431306692828,0.025385320584020352
634,2,Florescent,ridge,full_ex,1.0,0.9400000000000001,0.20201293188793704,0.12640795589874826
634,2,Florescent,ridge,full_1fcs,1.0,0.9400000000000001,0.20201293188793704,0.12640795589874826
634,2,Florescent,ridge,full_mfcs,1.0,1.44,0.20201293188793704,0.12640795589874826
634,3,Florescent,ridge,full_ex,1.0,0.86,0.12642644962161662,0.11285721205559626
634,3,Florescent,ridge,full_1fcs,1.0,0.84,0.12642644962161662,0.11285721205559626
634,3,Florescent,ridge,full_mfcs,1.0,0.84,0.12642644962161662,0.11285721205559626
634,4,Florescent,ridge,full_ex,1.0,0.86,0.11964266073181107,0.04448143481843053
634,4,Florescent,ridge,full_1fcs,1.0,0.86,0.11964266073181107,0.04448143481843053
634,4,Florescent,ridge,full_mfcs,1.0,0.86,0.11964266073181107,0.04448143481843053
634,5,Florescent,ridge,full_ex,1.0,0.84,0.09459096189143772,0.15876647832604177
634,5,Florescent,ridge,full_1fcs,1.0,0.84,0.09459096189143772,0.15876647832604177
634,5,Florescent,ridge,full_mfcs,1.0,0.84,0.09459096189143772,0.15876647832604177
635,1,Florescent,ridge,full_ex,1.0,0.68,0.27026717742931494,0.180028966960709
635,1,Florescent,ridge,full_1fcs,1.0,0.98,0.27026717742931494,0.180028966960709
635,1,Florescent,ridge,full_mfcs,1.0,0.98,0.27026717742931494,0.180028966960709
635,2,Florescent,ridge,full_ex,1.0,0.74,0.2910187282328598,0.11898326062803766
635,2,Florescent,ridge,full_1fcs,1.0,0.78,0.2910187282328598,0.11898326062803766
635,2,Florescent,ridge,full_mfcs,1.0,0.86,0.2910187282328598,0.11898326062803766
635,3,Florescent,ridge,full_ex,1.0,0.6,0.11903550932917581,0.14670989337651497
635,3,Florescent,ridge,full_1fcs,1.0,0.86,0.11903550932917581,0.14670989337651497
635,3,Florescent,ridge,full_mfcs,1.0,1.0,0.11903550932917581,0.14670989337651497
635,4,Florescent,ridge,full_ex,1.0,0.64,0.13287059979501006,0.10748266440187393
635,4,Florescent,ridge,full_1fcs,1.0,1.0,0.13287059979501006,0.10748266440187393
635,4,Florescent,ridge,full_mfcs,1.0,1.0,0.13287059979501006,0.10748266440187393
635,5,Florescent,ridge,full_ex,1.0,0.64,0.1244088115647679,0.243569592874263
635,5,Florescent,ridge,full_1fcs,1.0,0.98,0.1244088115647679,0.243569592874263
635,5,Florescent,ridge,full_mfcs,1.0,0.98,0.1244088115647679,0.243569592874263
636,1,Florescent,ridge,full_ex,1.0,0.7000000000000001,0.07719512589297911,0.10810057117779562
636,1,Florescent,ridge,full_1fcs,1.0,0.74,0.07719512589297911,0.10810057117779562
636,1,Florescent,ridge,full_mfcs,1.0,0.74,0.07719512589297911,0.10810057117779562
636,2,Florescent,ridge,full_ex,1.0,0.6,0.017195166457398083,0.3221839551029632
636,2,Florescent,ridge,full_1fcs,1.0,0.66,0.017195166457398083,0.3221839551029632
636,2,Florescent,ridge,full_mfcs,1.0,0.66,0.017195166457398083,0.3221839551029632
636,3,Florescent,ridge,full_ex,1.0,0.9,0.32209241284753776,0.3336881220793536
636,3,Florescent,ridge,full_1fcs,1.0,0.96,0.32209241284753776,0.3336881220793536
636,3,Florescent,ridge,full_mfcs,1.0,0.96,0.32209241284753776,0.3336881220793536
636,4,Florescent,ridge,full_ex,1.0,0.9,0.3278893972224066,0.24637754774599313
636,4,Florescent,ridge,full_1fcs,1.0,0.98,0.3278893972224066,0.24637754774599313
636,4,Florescent,ridge,full_mfcs,1.0,0.98,0.3278893972224066,0.24637754774599313
636,5,Florescent,ridge,full_ex,1.0,0.88,0.30072149968966866,0.18950911202841583
636,5,Florescent,ridge,full_1fcs,1.0,0.9400000000000001,0.30072149968966866,0.18950911202841583
636,5,Florescent,ridge,full_mfcs,1.0,0.9400000000000001,0.30072149968966866,0.18950911202841583
637,1,Florescent,ridge,full_ex,1.0,0.98,0.4229503938586634,0.24155822139097197
637,1,Florescent,ridge,full_1fcs,1.0,1.5,0.4229503938586634,0.24155822139097197
637,1,Florescent,ridge,full_mfcs,1.0,1.5,0.4229503938586634,0.24155822139097197
637,2,Florescent,ridge,full_ex,1.0,0.9,0.17928441221643734,0.09257250484344717
637,2,Florescent,ridge,full_1fcs,1.0,1.06,0.17928441221643734,0.09257250484344717
637,2,Florescent,ridge,full_mfcs,1.0,1.06,0.17928441221643734,0.09257250484344717
637,3,Florescent,ridge,full_ex,1.0,0.76,0.09258984942844366,0.1144317817713829
637,3,Florescent,ridge,full_1fcs,1.0,0.9400000000000001,0.09258984942844366,0.1144317817713829
637,3,Florescent,ridge,full_mfcs,1.0,1.02,0.09258984942844366,0.1144317817713829
637,4,Florescent,ridge,full_ex,1.0,0.74,0.10350972325624735,0.13268613409925623
637,4,Florescent,ridge,full_1fcs,1.0,1.04,0.10350972325624735,0.13268613409925623
637,4,Florescent,ridge,full_mfcs,1.0,1.04,0.10350972325624735,0.13268613409925623
637,5,Florescent,ridge,full_ex,1.0,0.74,0.11323454500301836,0.09473474822737438
637,5,Florescent,ridge,full_1fcs,1.0,1.06,0.11323454500301836,0.09473474822737438
637,5,Florescent,ridge,full_mfcs,1.0,1.06,0.11323454500301836,0.09473474822737438
638,1,Florescent,ridge,full_ex,1.0,0.78,0.04472876515429164,0.12848177100319438
638,1,Florescent,ridge,full_1fcs,1.0,0.74,0.04472876515429164,0.12848177100319438
638,1,Florescent,ridge,full_mfcs,1.0,0.74,0.04472876515429164,0.12848177100319438
638,2,Florescent,ridge,full_ex,1.0,0.78,0.18736558534439876,0.15500688142092314
638,2,Florescent,ridge,full_1fcs,1.0,0.62,0.18736558534439876,0.15500688142092314
638,2,Florescent,ridge,full_mfcs,1.0,0.62,0.18736558534439876,0.15500688142092314
638,3,Florescent,ridge,full_ex,1.0,0.8200000000000001,0.15501772676573405,0.164652012441843
638,3,Florescent,ridge,full_1fcs,1.0,0.62,0.15501772676573405,0.164652012441843
638,3,Florescent,ridge,full_mfcs,1.0,0.62,0.15501772676573405,0.164652012441843
638,4,Florescent,ridge,full_ex,1.0,0.84,0.15983406221161867,0.1993862999023725
638,4,Florescent,ridge,full_1fcs,1.0,0.64,0.15983406221161867,0.1993862999023725
638,4,Florescent,ridge,full_mfcs,1.0,0.64,0.15983406221161867,0.1993862999023725
638,5,Florescent,ridge,full_ex,1.0,0.88,0.17301666818638606,0.20181742783902698
638,5,Florescent,ridge,full_1fcs,1.0,0.66,0.17301666818638606,0.20181742783902698
638,5,Florescent,ridge,full_mfcs,1.0,0.66,0.17301666818638606,0.20181742783902698
639,1,Florescent,ridge,full_ex,0.0,0.72,0.752738703050862,0.09495592020502022
639,1,Florescent,ridge,full_1fcs,1.0,1.18,0.752738703050862,0.09495592020502022
639,1,Florescent,ridge,full_mfcs,1.0,1.18,0.752738703050862,0.09495592020502022
639,2,Florescent,ridge,full_ex,0.0,0.9,0.5020333631859243,1.2580895211310015
639,2,Florescent,ridge,full_1fcs,0.0,1.94,0.5020333631859243,1.2580895211310015
639,2,Florescent,ridge,full_mfcs,1.0,2.22,0.5020333631859243,1.2580895211310015
639,3,Florescent,ridge,full_ex,1.0,1.0,1.2579819870887365,1.2795013481403705
639,3,Florescent,ridge,full_1fcs,1.0,1.8,1.2579819870887365,1.2795013481403705
639,3,Florescent,ridge,full_mfcs,1.0,2.22,1.2579819870887365,1.2795013481403705
639,4,Florescent,ridge,full_ex,1.0,0.92,1.2687409023841911,1.3036298081386308
639,4,Florescent,ridge,full_1fcs,1.0,1.92,1.2687409023841911,1.3036298081386308
639,4,Florescent,ridge,full_mfcs,1.0,1.54,1.2687409023841911,1.3036298081386308
639,5,Florescent,ridge,full_ex,1.0,0.9,1.2803699862216442,1.2621805903499754
639,5,Florescent,ridge,full_1fcs,1.0,1.96,1.2803699862216442,1.2621805903499754
639,5,Florescent,ridge,full_mfcs,1.0,1.6,1.2803699862216442,1.2621805903499754
640,1,Florescent,ridge,full_ex,0.0,1.0,0.4180799066760338,1.0403946654835527
640,1,Florescent,ridge,full_1fcs,1.0,1.08,0.4180799066760338,1.0403946654835527
640,1,Florescent,ridge,full_mfcs,1.0,1.08,0.4180799066760338,1.0403946654835527
640,2,Florescent,ridge,full_ex,1.0,1.2,0.7273560131466509,1.020187697154552
640,2,Florescent,ridge,full_1fcs,1.0,1.04,0.7273560131466509,1.020187697154552
640,2,Florescent,ridge,full_mfcs,1.0,1.28,0.7273560131466509,1.020187697154552
640,3,Florescent,ridge,full_ex,1.0,1.24,1.0200775454749644,0.8931986468624212
640,3,Florescent,ridge,full_1fcs,1.0,1.48,1.0200775454749644,0.8931986468624212
640,3,Florescent,ridge,full_mfcs,1.0,1.48,1.0200775454749644,0.8931986468624212
640,4,Florescent,ridge,full_ex,1.0,1.16,0.956650030116498,0.7701316500620138
640,4,Florescent,ridge,full_1fcs,1.0,1.4000000000000001,0.956650030116498,0.7701316500620138
640,4,Florescent,ridge,full_mfcs,1.0,1.32,0.956650030116498,0.7701316500620138
640,5,Florescent,ridge,full_ex,1.0,1.1400000000000001,0.8944850343682382,0.8386372694381315
640,5,Florescent,ridge,full_1fcs,1.0,1.42,0.8944850343682382,0.8386372694381315
640,5,Florescent,ridge,full_mfcs,1.0,1.34,0.8944850343682382,0.8386372694381315
641,1,Florescent,ridge,full_ex,1.0,0.9400000000000001,0.29606563850751433,0.10831092832525954
641,1,Florescent,ridge,full_1fcs,1.0,1.08,0.29606563850751433,0.10831092832525954
641,1,Florescent,ridge,full_mfcs,1.0,1.08,0.29606563850751433,0.10831092832525954
641,2,Florescent,ridge,full_ex,1.0,0.66,0.018583478823925664,0.18214665040984576
641,2,Florescent,ridge,full_1fcs,1.0,0.66,0.018583478823925664,0.18214665040984576
641,2,Florescent,ridge,full_mfcs,1.0,0.66,0.018583478823925664,0.18214665040984576
641,3,Florescent,ridge,full_ex,1.0,0.84,0.1820893973120902,0.1471942954193615
641,3,Florescent,ridge,full_1fcs,1.0,0.84,0.1820893973120902,0.1471942954193615
641,3,Florescent,ridge,full_mfcs,1.0,0.84,0.1820893973120902,0.1471942954193615
641,4,Florescent,ridge,full_ex,1.0,0.84,0.1646449005411501,0.14393919008174477
641,4,Florescent,ridge,full_1fcs,1.0,0.84,0.1646449005411501,0.14393919008174477
641,4,Florescent,ridge,full_mfcs,1.0,0.84,0.1646449005411501,0.14393919008174477
641,5,Florescent,ridge,full_ex,1.0,0.84,0.1577438025489246,0.17335512051021773
641,5,Florescent,ridge,full_1fcs,1.0,0.84,0.1577438025489246,0.17335512051021773
641,5,Florescent,ridge,full_mfcs,1.0,0.84,0.1577438025489246,0.17335512051021773
642,1,Florescent,ridge,full_ex,1.0,0.62,0.12030488740168141,0.04969972399974956
642,1,Florescent,ridge,full_1fcs,1.0,0.92,0.12030488740168141,0.04969972399974956
642,1,Florescent,ridge,full_mfcs,1.0,0.92,0.12030488740168141,0.04969972399974956
642,2,Florescent,ridge,full_ex,1.0,0.46,0.046341469309318775,0.4450190837774452
642,2,Florescent,ridge,full_1fcs,1.0,0.98,0.046341469309318775,0.4450190837774452
642,2,Florescent,ridge,full_mfcs,1.0,1.3800000000000001,0.046341469309318775,0.4450190837774452
642,3,Florescent,ridge,full_ex,1.0,0.88,0.44489849499123457,0.590246696474068
642,3,Florescent,ridge,full_1fcs,1.0,0.88,0.44489849499123457,0.590246696474068
642,3,Florescent,ridge,full_mfcs,1.0,1.58,0.44489849499123457,0.590246696474068
642,4,Florescent,ridge,full_ex,1.0,0.8200000000000001,0.5175616031324954,0.5852931977645258
642,4,Florescent,ridge,full_1fcs,1.0,1.08,0.5175616031324954,0.5852931977645258
642,4,Florescent,ridge,full_mfcs,1.0,1.32,0.5175616031324954,0.5852931977645258
642,5,Florescent,ridge,full_ex,1.0,0.84,0.5401365245608687,0.47334643415397365
642,5,Florescent,ridge,full_1fcs,1.0,1.2,0.5401365245608687,0.47334643415397365
642,5,Florescent,ridge,full_mfcs,1.0,1.76,0.5401365245608687,0.47334643415397365
643,1,Florescent,ridge,full_ex,1.0,0.7000000000000001,0.06817330467687335,0.15335590292380405
643,1,Florescent,ridge,full_1fcs,1.0,0.74,0.06817330467687335,0.15335590292380405
643,1,Florescent,ridge,full_mfcs,1.0,0.74,0.06817330467687335,0.15335590292380405
643,2,Florescent,ridge,full_ex,1.0,0.76,0.16898545952916352,0.19894677913926562
643,2,Florescent,ridge,full_1fcs,1.0,1.62,0.16898545952916352,0.19894677913926562
643,2,Florescent,ridge,full_mfcs,1.0,1.62,0.16898545952916352,0.19894677913926562
643,3,Florescent,ridge,full_ex,1.0,0.68,0.19893073229908773,0.2604723230522241
643,3,Florescent,ridge,full_1fcs,1.0,0.78,0.19893073229908773,0.2604723230522241
643,3,Florescent,ridge,full_mfcs,1.0,0.9,0.19893073229908773,0.2604723230522241
643,4,Florescent,ridge,full_ex,1.0,0.72,0.22969328527776658,0.26159332441190297
643,4,Florescent,ridge,full_1fcs,1.0,0.98,0.22969328527776658,0.26159332441190297
643,4,Florescent,ridge,full_mfcs,1.0,1.1,0.22969328527776658,0.26159332441190297
643,5,Florescent,ridge,full_ex,1.0,0.74,0.24032473262320966,0.21314991979217518
643,5,Florescent,ridge,full_1fcs,1.0,1.1400000000000001,0.24032473262320966,0.21314991979217518
643,5,Florescent,ridge,full_mfcs,1.0,1.1400000000000001,0.24032473262320966,0.21314991979217518
644,1,Florescent,ridge,full_ex,1.0,0.6,0.10156354476914518,0.23019738414041552
644,1,Florescent,ridge,full_1fcs,1.0,0.98,0.10156354476914518,0.23019738414041552
644,1,Florescent,ridge,full_mfcs,1.0,0.98,0.10156354476914518,0.23019738414041552
644,2,Florescent,ridge,full_ex,1.0,0.5,0.015797157367598066,0.2247918528130072
644,2,Florescent,ridge,full_1fcs,1.0,0.74,0.015797157367598066,0.2247918528130072
644,2,Florescent,ridge,full_mfcs,1.0,0.8200000000000001,0.015797157367598066,0.2247918528130072
644,3,Florescent,ridge,full_ex,1.0,0.7000000000000001,0.2247413931290486,0.19890922117260074
644,3,Florescent,ridge,full_1fcs,1.0,0.98,0.2247413931290486,0.19890922117260074
644,3,Florescent,ridge,full_mfcs,1.0,0.98,0.2247413931290486,0.19890922117260074
644,4,Florescent,ridge,full_ex,1.0,0.68,0.21182686656983188,0.21984460367104314
644,4,Florescent,ridge,full_1fcs,1.0,0.98,0.21182686656983188,0.21984460367104314
644,4,Florescent,ridge,full_mfcs,1.0,0.98,0.21182686656983188,0.21984460367104314
644,5,Florescent,ridge,full_ex,1.0,0.68,0.2144992304791278,0.2142131958171071
644,5,Florescent,ridge,full_1fcs,1.0,1.0,0.2144992304791278,0.2142131958171071
644,5,Florescent,ridge,full_mfcs,1.0,1.0,0.2144992304791278,0.2142131958171071
645,1,Florescent,ridge,full_ex,1.0,0.72,0.21602309831769,0.13392069755715444
645,1,Florescent,ridge,full_1fcs,1.0,1.12,0.21602309831769,0.13392069755715444
645,1,Florescent,ridge,full_mfcs,1.0,1.12,0.21602309831769,0.13392069755715444
645,2,Florescent,ridge,full_ex,1.0,0.68,0.09248173445685406,0.009658757328464523
645,2,Florescent,ridge,full_1fcs,1.0,0.9400000000000001,0.09248173445685406,0.009658757328464523
645,2,Florescent,ridge,full_mfcs,1.0,1.32,0.09248173445685406,0.009658757328464523
645,3,Florescent,ridge,full_ex,1.0,0.56,0.009670717215713054,0.002306746291618325
645,3,Florescent,ridge,full_1fcs,1.0,0.88,0.009670717215713054,0.002306746291618325
645,3,Florescent,ridge,full_mfcs,1.0,0.88,0.009670717215713054,0.002306746291618325
645,4,Florescent,ridge,full_ex,1.0,0.54,0.0059889976173812046,0.06749209738064672
645,4,Florescent,ridge,full_1fcs,1.0,0.88,0.0059889976173812046,0.06749209738064672
645,4,Florescent,ridge,full_mfcs,1.0,0.88,0.0059889976173812046,0.06749209738064672
645,5,Florescent,ridge,full_ex,1.0,0.56,0.026489043973143236,0.0
645,5,Florescent,ridge,full_1fcs,1.0,0.9,0.026489043973143236,0.0
645,5,Florescent,ridge,full_mfcs,1.0,0.9,0.026489043973143236,0.0
646,1,Florescent,ridge,full_ex,1.0,0.5,0.1741372491147905,0.0607073392608285
646,1,Florescent,ridge,full_1fcs,1.0,0.66,0.1741372491147905,0.0607073392608285
646,1,Florescent,ridge,full_mfcs,1.0,0.66,0.1741372491147905,0.0607073392608285
646,2,Florescent,ridge,full_ex,1.0,0.44,0.06253285026853193,0.20941369910967256
646,2,Florescent,ridge,full_1fcs,1.0,0.48,0.06253285026853193,0.20941369910967256
646,2,Florescent,ridge,full_mfcs,1.0,0.56,0.06253285026853193,0.20941369910967256
646,3,Florescent,ridge,full_ex,1.0,0.58,0.20935647117174416,0.22607018024832273
646,3,Florescent,ridge,full_1fcs,1.0,0.64,0.20935647117174416,0.22607018024832273
646,3,Florescent,ridge,full_mfcs,1.0,0.64,0.20935647117174416,0.22607018024832273
646,4,Florescent,ridge,full_ex,1.0,0.6,0.2177116973880664,0.19399244304913557
646,4,Florescent,ridge,full_1fcs,1.0,0.64,0.2177116973880664,0.19399244304913557
646,4,Florescent,ridge,full_mfcs,1.0,0.64,0.2177116973880664,0.19399244304913557
646,5,Florescent,ridge,full_ex,1.0,0.58,0.2098063063788943,0.22833206640764
646,5,Florescent,ridge,full_1fcs,1.0,0.64,0.2098063063788943,0.22833206640764
646,5,Florescent,ridge,full_mfcs,1.0,0.64,0.2098063063788943,0.22833206640764
647,1,Florescent,ridge,full_ex,1.0,0.58,0.16525222020062053,0.3483796894875723
647,1,Florescent,ridge,full_1fcs,1.0,0.7000000000000001,0.16525222020062053,0.3483796894875723
647,1,Florescent,ridge,full_mfcs,1.0,0.7000000000000001,0.16525222020062053,0.3483796894875723
647,2,Florescent,ridge,full_ex,1.0,0.72,0.3361445537704668,0.0831516084154354
647,2,Florescent,ridge,full_1fcs,1.0,0.9400000000000001,0.3361445537704668,0.0831516084154354
647,2,Florescent,ridge,full_mfcs,1.0,1.56,0.3361445537704668,0.0831516084154354
647,3,Florescent,ridge,full_ex,1.0,0.5,0.08322281307496951,0.08496605434559203
647,3,Florescent,ridge,full_1fcs,1.0,0.6,0.08322281307496951,0.08496605434559203
647,3,Florescent,ridge,full_mfcs,1.0,1.3800000000000001,0.08322281307496951,0.08496605434559203
647,4,Florescent,ridge,full_ex,1.0,0.5,0.08409431103487025,0.07856157629997262
647,4,Florescent,ridge,full_1fcs,1.0,0.9,0.08409431103487025,0.07856157629997262
647,4,Florescent,ridge,full_mfcs,1.0,1.16,0.08409431103487025,0.07856157629997262
647,5,Florescent,ridge,full_ex,1.0,0.48,0.08225023917523902,0.07739924741125563
647,5,Florescent,ridge,full_1fcs,1.0,1.16,0.08225023917523902,0.07739924741125563
647,5,Florescent,ridge,full_mfcs,1.0,1.4000000000000001,0.08225023917523902,0.07739924741125563
648,1,Florescent,ridge,full_ex,1.0,0.98,0.2777430221997454,0.0
648,1,Florescent,ridge,full_1fcs,1.0,0.88,0.2777430221997454,0.0
648,1,Florescent,ridge,full_mfcs,1.0,0.88,0.2777430221997454,0.0
648,2,Florescent,ridge,full_ex,1.0,0.62,0.09778994631722485,0.18058439925858327
648,2,Florescent,ridge,full_1fcs,1.0,0.62,0.09778994631722485,0.18058439925858327
648,2,Florescent,ridge,full_mfcs,1.0,1.3,0.09778994631722485,0.18058439925858327
648,3,Florescent,ridge,full_ex,1.0,0.72,0.18056856601015536,0.3044549628570899
648,3,Florescent,ridge,full_1fcs,1.0,0.72,0.18056856601015536,0.3044549628570899
648,3,Florescent,ridge,full_mfcs,1.0,0.96,0.18056856601015536,0.3044549628570899
648,4,Florescent,ridge,full_ex,1.0,0.78,0.24250584099522116,0.36778577673275115
648,4,Florescent,ridge,full_1fcs,1.0,0.8,0.24250584099522116,0.36778577673275115
648,4,Florescent,ridge,full_mfcs,1.0,0.98,0.24250584099522116,0.36778577673275115
648,5,Florescent,ridge,full_ex,1.0,0.8200000000000001,0.2842631572369637,0.08659923239089373
648,5,Florescent,ridge,full_1fcs,1.0,0.88,0.2842631572369637,0.08659923239089373
648,5,Florescent,ridge,full_mfcs,1.0,1.22,0.2842631572369637,0.08659923239089373
649,1,Florescent,ridge,full_ex,1.0,0.86,0.3510907171304717,0.1154244923791938
649,1,Florescent,ridge,full_1fcs,1.0,0.86,0.3510907171304717,0.1154244923791938
649,1,Florescent,ridge,full_mfcs,1.0,0.86,0.3510907171304717,0.1154244923791938
649,2,Florescent,ridge,full_ex,1.0,0.86,0.23290801398748756,0.13978319457061575
649,2,Florescent,ridge,full_1fcs,1.0,0.84,0.23290801398748756,0.13978319457061575
649,2,Florescent,ridge,full_mfcs,1.0,0.9400000000000001,0.23290801398748756,0.13978319457061575
649,3,Florescent,ridge,full_ex,1.0,0.76,0.13981074540118232,0.10843497346579609
649,3,Florescent,ridge,full_1fcs,1.0,0.72,0.13981074540118232,0.10843497346579609
649,3,Florescent,ridge,full_mfcs,1.0,0.72,0.13981074540118232,0.10843497346579609
649,4,Florescent,ridge,full_ex,1.0,0.74,0.12412518039478035,0.14608451994811136
649,4,Florescent,ridge,full_1fcs,1.0,0.7000000000000001,0.12412518039478035,0.14608451994811136
649,4,Florescent,ridge,full_mfcs,1.0,0.74,0.12412518039478035,0.14608451994811136
649,5,Florescent,ridge,full_ex,1.0,0.74,0.13144423825516674,0.17427410346861974
649,5,Florescent,ridge,full_1fcs,1.0,0.72,0.13144423825516674,0.17427410346861974
649,5,Florescent,ridge,full_mfcs,1.0,0.74,0.13144423825516674,0.17427410346861974
650,1,Florescent,ridge,full_ex,1.0,0.58,0.13682554925826143,0.16492645997182534
650,1,Florescent,ridge,full_1fcs,1.0,0.9,0.13682554925826143,0.16492645997182534
650,1,Florescent,ridge,full_mfcs,1.0,0.9,0.13682554925826143,0.16492645997182534
650,2,Florescent,ridge,full_ex,1.0,0.6,0.18731725115444608,0.1270134970794762
650,2,Florescent,ridge,full_1fcs,1.0,0.64,0.18731725115444608,0.1270134970794762
650,2,Florescent,ridge,full_mfcs,1.0,1.04,0.18731725115444608,0.1270134970794762
650,3,Florescent,ridge,full_ex,1.0,0.56,0.12702653638681258,0.17291528935273337
650,3,Florescent,ridge,full_1fcs,1.0,0.58,0.12702653638681258,0.17291528935273337
650,3,Florescent,ridge,full_mfcs,1.0,0.58,0.12702653638681258,0.17291528935273337
650,4,Florescent,ridge,full_ex,1.0,0.58,0.14996843200323176,0.1320877188685382
650,4,Florescent,ridge,full_1fcs,1.0,0.6,0.14996843200323176,0.1320877188685382
650,4,Florescent,ridge,full_mfcs,1.0,0.6,0.14996843200323176,0.1320877188685382
650,5,Florescent,ridge,full_ex,1.0,0.58,0.14400862394163383,0.1404193734441768
650,5,Florescent,ridge,full_1fcs,1.0,0.6,0.14400862394163383,0.1404193734441768
650,5,Florescent,ridge,full_mfcs,1.0,0.6,0.14400862394163383,0.1404193734441768
651,1,Florescent,ridge,full_ex,1.0,0.5,-0.01340639370935163,0.0961288036110944
651,1,Florescent,ridge,full_1fcs,1.0,0.64,-0.01340639370935163,0.0961288036110944
651,1,Florescent,ridge,full_mfcs,1.0,0.64,-0.01340639370935163,0.0961288036110944
651,2,Florescent,ridge,full_ex,1.0,0.38,-0.1337924210228671,0.047778571316454056
651,2,Florescent,ridge,full_1fcs,1.0,0.56,-0.1337924210228671,0.047778571316454056
651,2,Florescent,ridge,full_mfcs,1.0,1.04,-0.1337924210228671,0.047778571316454056
651,3,Florescent,ridge,full_ex,1.0,0.56,0.04774041783313383,0.061420803616824705
651,3,Florescent,ridge,full_1fcs,1.0,0.72,0.04774041783313383,0.061420803616824705
651,3,Florescent,ridge,full_mfcs,1.0,1.0,0.04774041783313383,0.061420803616824705
651,4,Florescent,ridge,full_ex,1.0,0.58,0.05457989198504218,0.06389563663524984
651,4,Florescent,ridge,full_1fcs,1.0,1.0,0.05457989198504218,0.06389563663524984
651,4,Florescent,ridge,full_mfcs,1.0,1.0,0.05457989198504218,0.06389563663524984
651,5,Florescent,ridge,full_ex,1.0,0.58,0.05768492267022433,0.07059870409034351
651,5,Florescent,ridge,full_1fcs,1.0,1.0,0.05768492267022433,0.07059870409034351
651,5,Florescent,ridge,full_mfcs,1.0,1.0,0.05768492267022433,0.07059870409034351
652,1,Florescent,ridge,full_ex,1.0,0.32,0.10408019049453338,0.14586472737941455
652,1,Florescent,ridge,full_1fcs,1.0,1.1400000000000001,0.10408019049453338,0.14586472737941455
652,1,Florescent,ridge,full_mfcs,1.0,1.1400000000000001,0.10408019049453338,0.14586472737941455
652,2,Florescent,ridge,full_ex,1.0,0.36,0.11322817854958438,0.08199578743414167
652,2,Florescent,ridge,full_1fcs,1.0,0.36,0.11322817854958438,0.08199578743414167
652,2,Florescent,ridge,full_mfcs,1.0,0.5,0.11322817854958438,0.08199578743414167
652,3,Florescent,ridge,full_ex,1.0,0.32,0.08200501892831463,0.1354591628588629
652,3,Florescent,ridge,full_1fcs,1.0,0.32,0.08200501892831463,0.1354591628588629
652,3,Florescent,ridge,full_mfcs,1.0,0.32,0.08200501892831463,0.1354591628588629
652,4,Florescent,ridge,full_ex,1.0,0.34,0.10872814039136011,0.016347676504799
652,4,Florescent,ridge,full_1fcs,1.0,0.34,0.10872814039136011,0.016347676504799
652,4,Florescent,ridge,full_mfcs,1.0,0.34,0.10872814039136011,0.016347676504799
652,5,Florescent,ridge,full_ex,1.0,0.3,0.07793768694869187,0.19777998491458668
652,5,Florescent,ridge,full_1fcs,1.0,0.3,0.07793768694869187,0.19777998491458668
652,5,Florescent,ridge,full_mfcs,1.0,0.3,0.07793768694869187,0.19777998491458668
653,1,Florescent,ridge,full_ex,1.0,1.08,0.3815042158776183,0.08433879927012623
653,1,Florescent,ridge,full_1fcs,1.0,1.12,0.3815042158776183,0.08433879927012623
653,1,Florescent,ridge,full_mfcs,1.0,1.12,0.3815042158776183,0.08433879927012623
653,2,Florescent,ridge,full_ex,1.0,0.84,0.24897976601540187,0.07843956704772129
653,2,Florescent,ridge,full_1fcs,1.0,0.64,0.24897976601540187,0.07843956704772129
653,2,Florescent,ridge,full_mfcs,1.0,0.78,0.24897976601540187,0.07843956704772129
653,3,Florescent,ridge,full_ex,1.0,0.74,0.0784975150631662,0.09079141044610903
653,3,Florescent,ridge,full_1fcs,1.0,0.68,0.0784975150631662,0.09079141044610903
653,3,Florescent,ridge,full_mfcs,1.0,0.74,0.0784975150631662,0.09079141044610903
653,4,Florescent,ridge,full_ex,1.0,0.78,0.08464341823916874,0.09364616843211114
653,4,Florescent,ridge,full_1fcs,1.0,0.78,0.08464341823916874,0.09364616843211114
653,4,Florescent,ridge,full_mfcs,1.0,0.78,0.08464341823916874,0.09364616843211114
653,5,Florescent,ridge,full_ex,1.0,0.78,0.08764399499831933,0.09377701896286719
653,5,Florescent,ridge,full_1fcs,1.0,0.78,0.08764399499831933,0.09377701896286719
653,5,Florescent,ridge,full_mfcs,1.0,0.78,0.08764399499831933,0.09377701896286719
654,1,Florescent,ridge,full_ex,1.0,0.64,0.05258371413250518,0.06219969893762127
654,1,Florescent,ridge,full_1fcs,1.0,0.68,0.05258371413250518,0.06219969893762127
654,1,Florescent,ridge,full_mfcs,1.0,0.68,0.05258371413250518,0.06219969893762127
654,2,Florescent,ridge,full_ex,1.0,0.62,0.07369742703202903,0.07433356135386555
654,2,Florescent,ridge,full_1fcs,1.0,0.6,0.07369742703202903,0.07433356135386555
654,2,Florescent,ridge,full_mfcs,1.0,0.6,0.07369742703202903,0.07433356135386555
654,3,Florescent,ridge,full_ex,1.0,0.6,0.07433335195133317,0.0726261398903333
654,3,Florescent,ridge,full_1fcs,1.0,0.58,0.07433335195133317,0.0726261398903333
654,3,Florescent,ridge,full_mfcs,1.0,0.58,0.07433335195133317,0.0726261398903333
654,4,Florescent,ridge,full_ex,1.0,0.6,0.07347988643921145,0.0776263966667042
654,4,Florescent,ridge,full_1fcs,1.0,0.58,0.07347988643921145,0.0776263966667042
654,4,Florescent,ridge,full_mfcs,1.0,0.58,0.07347988643921145,0.0776263966667042
654,5,Florescent,ridge,full_ex,1.0,0.6,0.07486190482156019,0.0750692300493211
654,5,Florescent,ridge,full_1fcs,1.0,0.6,0.07486190482156019,0.0750692300493211
654,5,Florescent,ridge,full_mfcs,1.0,0.6,0.07486190482156019,0.0750692300493211
655,1,Florescent,ridge,full_ex,1.0,1.3800000000000001,0.7142309361942393,1.0761100318049976
655,1,Florescent,ridge,full_1fcs,1.0,1.54,0.7142309361942393,1.0761100318049976
655,1,Florescent,ridge,full_mfcs,1.0,1.54,0.7142309361942393,1.0761100318049976
655,2,Florescent,ridge,full_ex,1.0,1.32,0.9206206921096859,0.4148148500300636
655,2,Florescent,ridge,full_1fcs,1.0,1.52,0.9206206921096859,0.4148148500300636
655,2,Florescent,ridge,full_mfcs,1.0,1.84,0.9206206921096859,0.4148148500300636
655,3,Florescent,ridge,full_ex,1.0,1.16,0.4149659279400992,0.7659521933411452
655,3,Florescent,ridge,full_1fcs,1.0,1.44,0.4149659279400992,0.7659521933411452
655,3,Florescent,ridge,full_mfcs,1.0,1.44,0.4149659279400992,0.7659521933411452
655,4,Florescent,ridge,full_ex,1.0,1.26,0.5904328479179735,1.0237360242734526
655,4,Florescent,ridge,full_1fcs,1.0,1.34,0.5904328479179735,1.0237360242734526
655,4,Florescent,ridge,full_mfcs,1.0,1.3,0.5904328479179735,1.0237360242734526
655,5,Florescent,ridge,full_ex,1.0,1.32,0.7348528569196475,1.02931719334672
655,5,Florescent,ridge,full_1fcs,1.0,1.42,0.7348528569196475,1.02931719334672
655,5,Florescent,ridge,full_mfcs,1.0,1.4000000000000001,0.7348528569196475,1.02931719334672
656,1,Florescent,ridge,full_ex,1.0,1.28,0.47395655654410657,0.23200653039241853
656,1,Florescent,ridge,full_1fcs,1.0,2.1,0.47395655654410657,0.23200653039241853
656,1,Florescent,ridge,full_mfcs,1.0,2.1,0.47395655654410657,0.23200653039241853
656,2,Florescent,ridge,full_ex,1.0,1.06,0.14092543180549433,0.21269970776550715
656,2,Florescent,ridge,full_1fcs,1.0,0.76,0.14092543180549433,0.21269970776550715
656,2,Florescent,ridge,full_mfcs,1.0,0.76,0.14092543180549433,0.21269970776550715
656,3,Florescent,ridge,full_ex,1.0,1.08,0.2126733657582155,0.1571898222073887
656,3,Florescent,ridge,full_1fcs,1.0,0.84,0.2126733657582155,0.1571898222073887
656,3,Florescent,ridge,full_mfcs,1.0,0.86,0.2126733657582155,0.1571898222073887
656,4,Florescent,ridge,full_ex,1.0,1.04,0.18493668569717808,0.21731246996056164
656,4,Florescent,ridge,full_1fcs,1.0,0.86,0.18493668569717808,0.21731246996056164
656,4,Florescent,ridge,full_mfcs,1.0,0.86,0.18493668569717808,0.21731246996056164
656,5,Florescent,ridge,full_ex,1.0,1.04,0.19572729320609372,0.19228436996926648
656,5,Florescent,ridge,full_1fcs,1.0,0.88,0.19572729320609372,0.19228436996926648
656,5,Florescent,ridge,full_mfcs,1.0,0.88,0.19572729320609372,0.19228436996926648
657,1,Florescent,ridge,full_ex,0.0,0.56,-0.01576188914481634,0.7054663179939796
657,1,Florescent,ridge,full_1fcs,0.0,0.56,-0.01576188914481634,0.7054663179939796
657,1,Florescent,ridge,full_mfcs,0.0,0.56,-0.01576188914481634,0.7054663179939796
657,2,Florescent,ridge,full_ex,1.0,0.62,0.02031408774149096,0.022063965033788047
657,2,Florescent,ridge,full_1fcs,1.0,0.56,0.02031408774149096,0.022063965033788047
657,2,Florescent,ridge,full_mfcs,1.0,0.96,0.02031408774149096,0.022063965033788047
657,3,Florescent,ridge,full_ex,1.0,0.62,0.022063587946770602,0.07122217346622803
657,3,Florescent,ridge,full_1fcs,1.0,0.58,0.022063587946770602,0.07122217346622803
657,3,Florescent,ridge,full_mfcs,1.0,0.58,0.022063587946770602,0.07122217346622803
657,4,Florescent,ridge,full_ex,1.0,0.64,0.04664023207748891,0.06678377179877677
657,4,Florescent,ridge,full_1fcs,1.0,0.62,0.04664023207748891,0.06678377179877677
657,4,Florescent,ridge,full_mfcs,1.0,0.62,0.04664023207748891,0.06678377179877677
657,5,Florescent,ridge,full_ex,1.0,0.64,0.05335426293561703,0.0742187632751319
657,5,Florescent,ridge,full_1fcs,1.0,0.62,0.05335426293561703,0.0742187632751319
657,5,Florescent,ridge,full_mfcs,1.0,0.62,0.05335426293561703,0.0742187632751319
658,1,Florescent,ridge,full_ex,0.0,0.76,0.6805157367320487,0.10982064541165772
658,1,Florescent,ridge,full_1fcs,0.0,1.26,0.6805157367320487,0.10982064541165772
658,1,Florescent,ridge,full_mfcs,0.0,1.26,0.6805157367320487,0.10982064541165772
658,2,Florescent,ridge,full_ex,1.0,0.86,0.10425510420844313,0.09463194354374804
658,2,Florescent,ridge,full_1fcs,1.0,0.56,0.10425510420844313,0.09463194354374804
658,2,Florescent,ridge,full_mfcs,1.0,1.02,0.10425510420844313,0.09463194354374804
658,3,Florescent,ridge,full_ex,1.0,0.48,0.0946349152374409,0.11821012300633109
658,3,Florescent,ridge,full_1fcs,1.0,0.46,0.0946349152374409,0.11821012300633109
658,3,Florescent,ridge,full_mfcs,1.0,0.48,0.0946349152374409,0.11821012300633109
658,4,Florescent,ridge,full_ex,1.0,0.46,0.1064206987968444,0.10245914880364923
658,4,Florescent,ridge,full_1fcs,1.0,0.46,0.1064206987968444,0.10245914880364923
658,4,Florescent,ridge,full_mfcs,1.0,0.46,0.1064206987968444,0.10245914880364923
658,5,Florescent,ridge,full_ex,1.0,0.48,0.10510031808889014,0.09884130850171408
658,5,Florescent,ridge,full_1fcs,1.0,0.48,0.10510031808889014,0.09884130850171408
658,5,Florescent,ridge,full_mfcs,1.0,0.5,0.10510031808889014,0.09884130850171408
659,1,Florescent,ridge,full_ex,1.0,0.6,0.02326324567890765,0.23940859348248744
659,1,Florescent,ridge,full_1fcs,1.0,0.58,0.02326324567890765,0.23940859348248744
659,1,Florescent,ridge,full_mfcs,1.0,0.58,0.02326324567890765,0.23940859348248744
659,2,Florescent,ridge,full_ex,1.0,0.92,0.25260691721972,0.0
659,2,Florescent,ridge,full_1fcs,1.0,0.96,0.25260691721972,0.0
659,2,Florescent,ridge,full_mfcs,1.0,2.14,0.25260691721972,0.0
659,3,Florescent,ridge,full_ex,1.0,0.56,5.7661395632952264e-05,0.24199362934028576
659,3,Florescent,ridge,full_1fcs,1.0,0.56,5.7661395632952264e-05,0.24199362934028576
659,3,Florescent,ridge,full_mfcs,1.0,0.56,5.7661395632952264e-05,0.24199362934028576
659,4,Florescent,ridge,full_ex,1.0,0.68,0.12101183739569873,0.22821032454707044
659,4,Florescent,ridge,full_1fcs,1.0,0.68,0.12101183739569873,0.22821032454707044
659,4,Florescent,ridge,full_mfcs,1.0,0.68,0.12101183739569873,0.22821032454707044
659,5,Florescent,ridge,full_ex,1.0,0.7000000000000001,0.15674194717422185,0.0
659,5,Florescent,ridge,full_1fcs,1.0,0.7000000000000001,0.15674194717422185,0.0
659,5,Florescent,ridge,full_mfcs,1.0,0.7000000000000001,0.15674194717422185,0.0
660,1,Florescent,ridge,full_ex,0.0,1.18,0.6952520300550045,1.479882118341782
660,1,Florescent,ridge,full_1fcs,1.0,2.22,0.6952520300550045,1.479882118341782
660,1,Florescent,ridge,full_mfcs,1.0,2.22,0.6952520300550045,1.479882118341782
660,2,Florescent,ridge,full_ex,1.0,1.16,0.8218361267671576,0.5419496049292191
660,2,Florescent,ridge,full_1fcs,1.0,2.22,0.8218361267671576,0.5419496049292191
660,2,Florescent,ridge,full_mfcs,1.0,2.22,0.8218361267671576,0.5419496049292191
660,3,Florescent,ridge,full_ex,1.0,1.1400000000000001,0.541998992789199,0.5407167466812618
660,3,Florescent,ridge,full_1fcs,1.0,1.24,0.541998992789199,0.5407167466812618
660,3,Florescent,ridge,full_mfcs,1.0,1.24,0.541998992789199,0.5407167466812618
660,4,Florescent,ridge,full_ex,1.0,1.1400000000000001,0.5413579263054671,0.5406386445417609
660,4,Florescent,ridge,full_1fcs,1.0,1.28,0.5413579263054671,0.5406386445417609
660,4,Florescent,ridge,full_mfcs,1.0,1.28,0.5413579263054671,0.5406386445417609
660,5,Florescent,ridge,full_ex,1.0,1.1400000000000001,0.5411181798226687,0.5420200024991965
660,5,Florescent,ridge,full_1fcs,1.0,1.28,0.5411181798226687,0.5420200024991965
660,5,Florescent,ridge,full_mfcs,1.0,1.28,0.5411181798226687,0.5420200024991965
661,1,Florescent,ridge,full_ex,1.0,0.9,0.1632912730551524,0.15218235553969417
661,1,Florescent,ridge,full_1fcs,1.0,0.5,0.1632912730551524,0.15218235553969417
661,1,Florescent,ridge,full_mfcs,1.0,0.5,0.1632912730551524,0.15218235553969417
661,2,Florescent,ridge,full_ex,1.0,0.88,0.2834531850885003,0.09853091446209288
661,2,Florescent,ridge,full_1fcs,1.0,0.64,0.2834531850885003,0.09853091446209288
661,2,Florescent,ridge,full_mfcs,1.0,0.74,0.2834531850885003,0.09853091446209288
661,3,Florescent,ridge,full_ex,1.0,0.74,0.09856632581506691,0.09677074040653907
661,3,Florescent,ridge,full_1fcs,1.0,0.46,0.09856632581506691,0.09677074040653907
661,3,Florescent,ridge,full_mfcs,1.0,0.52,0.09856632581506691,0.09677074040653907
661,4,Florescent,ridge,full_ex,1.0,0.76,0.09766861907989521,0.09812290851099177
661,4,Florescent,ridge,full_1fcs,1.0,0.46,0.09766861907989521,0.09812290851099177
661,4,Florescent,ridge,full_mfcs,1.0,0.56,0.09766861907989521,0.09812290851099177
661,5,Florescent,ridge,full_ex,1.0,0.76,0.09782003922308007,0.09927880435919824
661,5,Florescent,ridge,full_1fcs,1.0,0.46,0.09782003922308007,0.09927880435919824
661,5,Florescent,ridge,full_mfcs,1.0,0.68,0.09782003922308007,0.09927880435919824
662,1,Florescent,ridge,full_ex,1.0,0.56,0.17215642973981887,0.08802764726942586
662,1,Florescent,ridge,full_1fcs,1.0,1.08,0.17215642973981887,0.08802764726942586
662,1,Florescent,ridge,full_mfcs,1.0,1.08,0.17215642973981887,0.08802764726942586
662,2,Florescent,ridge,full_ex,0.0,0.72,0.45750810241041245,0.06144460723322947
662,2,Florescent,ridge,full_1fcs,1.0,2.12,0.45750810241041245,0.06144460723322947
662,2,Florescent,ridge,full_mfcs,1.0,2.22,0.45750810241041245,0.06144460723322947
662,3,Florescent,ridge,full_ex,1.0,0.46,0.06151713382956334,0.05884120980160076
662,3,Florescent,ridge,full_1fcs,1.0,0.86,0.06151713382956334,0.05884120980160076
662,3,Florescent,ridge,full_mfcs,1.0,0.86,0.06151713382956334,0.05884120980160076
662,4,Florescent,ridge,full_ex,1.0,0.42,0.06017929432971923,0.05820931115445241
662,4,Florescent,ridge,full_1fcs,1.0,0.42,0.06017929432971923,0.05820931115445241
662,4,Florescent,ridge,full_mfcs,1.0,0.46,0.06017929432971923,0.05820931115445241
662,5,Florescent,ridge,full_ex,1.0,0.42,0.05952267335798298,0.0695830884700992
662,5,Florescent,ridge,full_1fcs,1.0,0.42,0.05952267335798298,0.0695830884700992
662,5,Florescent,ridge,full_mfcs,1.0,0.46,0.05952267335798298,0.0695830884700992
663,1,Florescent,ridge,full_ex,0.0,0.84,0.2487638765389424,1.1604384582645424
663,1,Florescent,ridge,full_1fcs,0.0,1.18,0.2487638765389424,1.1604384582645424
663,1,Florescent,ridge,full_mfcs,0.0,1.18,0.2487638765389424,1.1604384582645424
663,2,Florescent,ridge,full_ex,1.0,1.3,0.9967291233816402,0.7169119439424391
663,2,Florescent,ridge,full_1fcs,1.0,2.22,0.9967291233816402,0.7169119439424391
663,2,Florescent,ridge,full_mfcs,1.0,2.22,0.9967291233816402,0.7169119439424391
663,3,Florescent,ridge,full_ex,1.0,1.32,0.7169723201138358,0.7104892646541242
663,3,Florescent,ridge,full_1fcs,1.0,1.28,0.7169723201138358,0.7104892646541242
663,3,Florescent,ridge,full_mfcs,1.0,1.28,0.7169723201138358,0.7104892646541242
663,4,Florescent,ridge,full_ex,1.0,1.28,0.713731142133145,0.8038709827931857
663,4,Florescent,ridge,full_1fcs,1.0,1.22,0.713731142133145,0.8038709827931857
663,4,Florescent,ridge,full_mfcs,1.0,1.12,0.713731142133145,0.8038709827931857
663,5,Florescent,ridge,full_ex,1.0,1.26,0.7437755943244444,0.8147108674087397
663,5,Florescent,ridge,full_1fcs,1.0,1.28,0.7437755943244444,0.8147108674087397
663,5,Florescent,ridge,full_mfcs,1.0,1.22,0.7437755943244444,0.8147108674087397
664,1,Florescent,ridge,full_ex,1.0,0.68,0.3144800154651385,0.22001596012048433
664,1,Florescent,ridge,full_1fcs,1.0,1.9000000000000001,0.3144800154651385,0.22001596012048433
664,1,Florescent,ridge,full_mfcs,1.0,1.9000000000000001,0.3144800154651385,0.22001596012048433
664,2,Florescent,ridge,full_ex,1.0,0.6,0.22928712815087232,0.20037389925264346
664,2,Florescent,ridge,full_1fcs,1.0,0.72,0.22928712815087232,0.20037389925264346
664,2,Florescent,ridge,full_mfcs,1.0,1.3,0.22928712815087232,0.20037389925264346
664,3,Florescent,ridge,full_ex,1.0,0.58,0.2003785468950104,0.1408719373430958
664,3,Florescent,ridge,full_1fcs,1.0,0.56,0.2003785468950104,0.1408719373430958
664,3,Florescent,ridge,full_mfcs,1.0,0.58,0.2003785468950104,0.1408719373430958
664,4,Florescent,ridge,full_ex,1.0,0.54,0.170627633651085,0.1801549528144929
664,4,Florescent,ridge,full_1fcs,1.0,0.54,0.170627633651085,0.1801549528144929
664,4,Florescent,ridge,full_mfcs,1.0,0.54,0.170627633651085,0.1801549528144929
664,5,Florescent,ridge,full_ex,1.0,0.54,0.17380323652524982,0.1465346713470292
664,5,Florescent,ridge,full_1fcs,1.0,0.54,0.17380323652524982,0.1465346713470292
664,5,Florescent,ridge,full_mfcs,1.0,0.56,0.17380323652524982,0.1465346713470292
665,1,Florescent,ridge,full_ex,1.0,0.66,0.16189076601726482,0.08320793682946184
665,1,Florescent,ridge,full_1fcs,1.0,0.8200000000000001,0.16189076601726482,0.08320793682946184
665,1,Florescent,ridge,full_mfcs,1.0,0.8200000000000001,0.16189076601726482,0.08320793682946184
665,2,Florescent,ridge,full_ex,1.0,0.58,0.10424246073620551,0.06276262168214364
665,2,Florescent,ridge,full_1fcs,1.0,0.8200000000000001,0.10424246073620551,0.06276262168214364
665,2,Florescent,ridge,full_mfcs,1.0,1.16,0.10424246073620551,0.06276262168214364
665,3,Florescent,ridge,full_ex,1.0,0.46,0.06277101576228834,0.05176400073996329
665,3,Florescent,ridge,full_1fcs,1.0,0.8200000000000001,0.06277101576228834,0.05176400073996329
665,3,Florescent,ridge,full_mfcs,1.0,0.8200000000000001,0.06277101576228834,0.05176400073996329
665,4,Florescent,ridge,full_ex,1.0,0.44,0.05726806516662047,0.045847721420451876
665,4,Florescent,ridge,full_1fcs,1.0,0.78,0.05726806516662047,0.045847721420451876
665,4,Florescent,ridge,full_mfcs,1.0,0.8200000000000001,0.05726806516662047,0.045847721420451876
665,5,Florescent,ridge,full_ex,1.0,0.44,0.05346154073859165,0.05825471678764077
665,5,Florescent,ridge,full_1fcs,1.0,0.58,0.05346154073859165,0.05825471678764077
665,5,Florescent,ridge,full_mfcs,1.0,0.8200000000000001,0.05346154073859165,0.05825471678764077
666,1,Florescent,ridge,full_ex,1.0,0.96,0.273814499706379,0.1444134921326719
666,1,Florescent,ridge,full_1fcs,1.0,1.36,0.273814499706379,0.1444134921326719
666,1,Florescent,ridge,full_mfcs,1.0,1.36,0.273814499706379,0.1444134921326719
666,2,Florescent,ridge,full_ex,1.0,0.74,0.038216334037587125,0.1925475557801944
666,2,Florescent,ridge,full_1fcs,1.0,0.8200000000000001,0.038216334037587125,0.1925475557801944
666,2,Florescent,ridge,full_mfcs,1.0,1.0,0.038216334037587125,0.1925475557801944
666,3,Florescent,ridge,full_ex,1.0,0.88,0.19249388785764193,0.2034583974754369
666,3,Florescent,ridge,full_1fcs,1.0,0.96,0.19249388785764193,0.2034583974754369
666,3,Florescent,ridge,full_mfcs,1.0,1.02,0.19249388785764193,0.2034583974754369
666,4,Florescent,ridge,full_ex,1.0,0.88,0.19797518928856583,0.17710684241253485
666,4,Florescent,ridge,full_1fcs,1.0,1.1,0.19797518928856583,0.17710684241253485
666,4,Florescent,ridge,full_mfcs,1.0,1.1,0.19797518928856583,0.17710684241253485
666,5,Florescent,ridge,full_ex,1.0,0.88,0.19101988016751828,0.20102635583896164
666,5,Florescent,ridge,full_1fcs,1.0,1.08,0.19101988016751828,0.20102635583896164
666,5,Florescent,ridge,full_mfcs,1.0,1.08,0.19101988016751828,0.20102635583896164
667,1,Florescent,ridge,full_ex,1.0,0.62,0.2264326545285717,0.16183321016005087
667,1,Florescent,ridge,full_1fcs,1.0,0.46,0.2264326545285717,0.16183321016005087
667,1,Florescent,ridge,full_mfcs,1.0,0.46,0.2264326545285717,0.16183321016005087
667,2,Florescent,ridge,full_ex,1.0,0.64,0.2306694095278466,0.12747457528059244
667,2,Florescent,ridge,full_1fcs,1.0,0.46,0.2306694095278466,0.12747457528059244
667,2,Florescent,ridge,full_mfcs,1.0,0.54,0.2306694095278466,0.12747457528059244
667,3,Florescent,ridge,full_ex,1.0,0.5,0.12750292359706555,0.1220424314216068
667,3,Florescent,ridge,full_1fcs,1.0,0.36,0.12750292359706555,0.1220424314216068
667,3,Florescent,ridge,full_mfcs,1.0,0.36,0.12750292359706555,0.1220424314216068
667,4,Florescent,ridge,full_ex,1.0,0.5,0.124773052568856,0.1271366153653318
667,4,Florescent,ridge,full_1fcs,1.0,0.36,0.124773052568856,0.1271366153653318
667,4,Florescent,ridge,full_mfcs,1.0,0.36,0.124773052568856,0.1271366153653318
667,5,Florescent,ridge,full_ex,1.0,0.5,0.1255608346794124,0.10624044228578382
667,5,Florescent,ridge,full_1fcs,1.0,0.36,0.1255608346794124,0.10624044228578382
667,5,Florescent,ridge,full_mfcs,1.0,0.36,0.1255608346794124,0.10624044228578382
668,1,Florescent,ridge,full_ex,0.0,0.76,0.41065709001633005,0.9471893853733878
668,1,Florescent,ridge,full_1fcs,1.0,2.22,0.41065709001633005,0.9471893853733878
668,1,Florescent,ridge,full_mfcs,1.0,2.22,0.41065709001633005,0.9471893853733878
668,2,Florescent,ridge,full_ex,1.0,0.98,0.8397031043456303,0.7838548585075631
668,2,Florescent,ridge,full_1fcs,1.0,2.22,0.8397031043456303,0.7838548585075631
668,2,Florescent,ridge,full_mfcs,1.0,2.22,0.8397031043456303,0.7838548585075631
668,3,Florescent,ridge,full_ex,1.0,0.7000000000000001,0.7838699836775063,0.883790006524741
668,3,Florescent,ridge,full_1fcs,1.0,1.12,0.7838699836775063,0.883790006524741
668,3,Florescent,ridge,full_mfcs,1.0,1.12,0.7838699836775063,0.883790006524741
668,4,Florescent,ridge,full_ex,1.0,0.66,0.8338232289453253,0.795185722349728
668,4,Florescent,ridge,full_1fcs,1.0,1.26,0.8338232289453253,0.795185722349728
668,4,Florescent,ridge,full_mfcs,1.0,1.08,0.8338232289453253,0.795185722349728
668,5,Florescent,ridge,full_ex,1.0,0.66,0.8209452229626423,0.8842838391131147
668,5,Florescent,ridge,full_1fcs,1.0,1.28,0.8209452229626423,0.8842838391131147
668,5,Florescent,ridge,full_mfcs,1.0,1.12,0.8209452229626423,0.8842838391131147
669,1,Florescent,ridge,full_ex,1.0,0.28,0.10617738674191354,0.008617650628714571
669,1,Florescent,ridge,full_1fcs,1.0,1.4000000000000001,0.10617738674191354,0.008617650628714571
669,1,Florescent,ridge,full_mfcs,1.0,1.4000000000000001,0.10617738674191354,0.008617650628714571
669,2,Florescent,ridge,full_ex,1.0,0.34,0.12410558787010821,0.13607643632761657
669,2,Florescent,ridge,full_1fcs,1.0,0.7000000000000001,0.12410558787010821,0.13607643632761657
669,2,Florescent,ridge,full_mfcs,1.0,0.7000000000000001,0.12410558787010821,0.13607643632761657
669,3,Florescent,ridge,full_ex,0.0,0.28,0.13607265513965477,0.3928703405173213
669,3,Florescent,ridge,full_1fcs,1.0,0.66,0.13607265513965477,0.3928703405173213
669,3,Florescent,ridge,full_mfcs,1.0,0.76,0.13607265513965477,0.3928703405173213
669,4,Florescent,ridge,full_ex,1.0,0.44,0.26445121618949463,0.2797973203842854
669,4,Florescent,ridge,full_1fcs,1.0,0.88,0.26445121618949463,0.2797973203842854
669,4,Florescent,ridge,full_mfcs,1.0,0.86,0.26445121618949463,0.2797973203842854
669,5,Florescent,ridge,full_ex,1.0,0.42,0.2695660455494813,0.30793339413207266
669,5,Florescent,ridge,full_1fcs,1.0,0.9,0.2695660455494813,0.30793339413207266
669,5,Florescent,ridge,full_mfcs,1.0,0.9,0.2695660455494813,0.30793339413207266
670,1,Florescent,ridge,full_ex,1.0,0.58,0.0943651672969005,0.15883992801780386
670,1,Florescent,ridge,full_1fcs,1.0,0.68,0.0943651672969005,0.15883992801780386
670,1,Florescent,ridge,full_mfcs,1.0,0.68,0.0943651672969005,0.15883992801780386
670,2,Florescent,ridge,full_ex,1.0,0.62,0.18903483307208424,0.1687449762610829
670,2,Florescent,ridge,full_1fcs,1.0,0.98,0.18903483307208424,0.1687449762610829
670,2,Florescent,ridge,full_mfcs,1.0,1.3800000000000001,0.18903483307208424,0.1687449762610829
670,3,Florescent,ridge,full_ex,1.0,0.6,0.168747980027281,0.05891300604176976
670,3,Florescent,ridge,full_1fcs,1.0,0.68,0.168747980027281,0.05891300604176976
670,3,Florescent,ridge,full_mfcs,1.0,0.68,0.168747980027281,0.05891300604176976
670,4,Florescent,ridge,full_ex,1.0,0.56,0.11383455840501189,0.1714213770833191
670,4,Florescent,ridge,full_1fcs,1.0,0.62,0.11383455840501189,0.1714213770833191
670,4,Florescent,ridge,full_mfcs,1.0,0.64,0.11383455840501189,0.1714213770833191
670,5,Florescent,ridge,full_ex,1.0,0.58,0.1330292172789741,0.16010217086317252
670,5,Florescent,ridge,full_1fcs,1.0,0.64,0.1330292172789741,0.16010217086317252
670,5,Florescent,ridge,full_mfcs,1.0,0.66,0.1330292172789741,0.16010217086317252
671,1,Florescent,ridge,full_ex,0.0,0.68,0.48321367730318915,0.05735124052338794
671,1,Florescent,ridge,full_1fcs,1.0,2.22,0.48321367730318915,0.05735124052338794
671,1,Florescent,ridge,full_mfcs,1.0,2.22,0.48321367730318915,0.05735124052338794
671,2,Florescent,ridge,full_ex,1.0,0.62,0.17706193042187143,0.15224797977183066
671,2,Florescent,ridge,full_1fcs,1.0,1.26,0.17706193042187143,0.15224797977183066
671,2,Florescent,ridge,full_mfcs,1.0,1.26,0.17706193042187143,0.15224797977183066
671,3,Florescent,ridge,full_ex,1.0,0.56,0.1522570869322242,0.15820525872909796
671,3,Florescent,ridge,full_1fcs,1.0,0.56,0.1522570869322242,0.15820525872909796
671,3,Florescent,ridge,full_mfcs,1.0,0.6,0.1522570869322242,0.15820525872909796
671,4,Florescent,ridge,full_ex,1.0,0.54,0.15523062695935794,0.15662224905325056
671,4,Florescent,ridge,full_1fcs,1.0,0.54,0.15523062695935794,0.15662224905325056
671,4,Florescent,ridge,full_mfcs,1.0,0.66,0.15523062695935794,0.15662224905325056
671,5,Florescent,ridge,full_ex,1.0,0.54,0.15569444422635534,0.15062714468227728
671,5,Florescent,ridge,full_1fcs,1.0,0.54,0.15569444422635534,0.15062714468227728
671,5,Florescent,ridge,full_mfcs,1.0,0.8200000000000001,0.15569444422635534,0.15062714468227728
672,1,Florescent,ridge,full_ex,1.0,0.6,0.1586645749676365,0.10869080543412107
672,1,Florescent,ridge,full_1fcs,1.0,0.64,0.1586645749676365,0.10869080543412107
672,1,Florescent,ridge,full_mfcs,1.0,0.64,0.1586645749676365,0.10869080543412107
672,2,Florescent,ridge,full_ex,1.0,0.52,0.04939844685750359,0.18079792375334763
672,2,Florescent,ridge,full_1fcs,1.0,0.6,0.04939844685750359,0.18079792375334763
672,2,Florescent,ridge,full_mfcs,1.0,0.6,0.04939844685750359,0.18079792375334763
672,3,Florescent,ridge,full_ex,1.0,0.62,0.18075953564706787,0.067604134445371
672,3,Florescent,ridge,full_1fcs,1.0,0.7000000000000001,0.18075953564706787,0.067604134445371
672,3,Florescent,ridge,full_mfcs,1.0,0.7000000000000001,0.18075953564706787,0.067604134445371
672,4,Florescent,ridge,full_ex,1.0,0.58,0.12419010078823248,0.03410722314327856
672,4,Florescent,ridge,full_1fcs,1.0,0.62,0.12419010078823248,0.03410722314327856
672,4,Florescent,ridge,full_mfcs,1.0,0.62,0.12419010078823248,0.03410722314327856
672,5,Florescent,ridge,full_ex,1.0,0.54,0.09416539964735406,0.08000643543491986
672,5,Florescent,ridge,full_1fcs,1.0,0.58,0.09416539964735406,0.08000643543491986
672,5,Florescent,ridge,full_mfcs,1.0,0.58,0.09416539964735406,0.08000643543491986
673,1,Florescent,ridge,full_ex,1.0,1.1,0.3731654455217517,0.11461381765247385
673,1,Florescent,ridge,full_1fcs,1.0,1.06,0.3731654455217517,0.11461381765247385
673,1,Florescent,ridge,full_mfcs,1.0,1.06,0.3731654455217517,0.11461381765247385
673,2,Florescent,ridge,full_ex,1.0,1.36,0.644480813479064,0.107535685286686
673,2,Florescent,ridge,full_1fcs,1.0,1.72,0.644480813479064,0.107535685286686
673,2,Florescent,ridge,full_mfcs,1.0,2.02,0.644480813479064,0.107535685286686
673,3,Florescent,ridge,full_ex,1.0,0.84,0.10763929116384191,0.09614158179661267
673,3,Florescent,ridge,full_1fcs,1.0,1.2,0.10763929116384191,0.09614158179661267
673,3,Florescent,ridge,full_mfcs,1.0,1.2,0.10763929116384191,0.09614158179661267
673,4,Florescent,ridge,full_ex,1.0,0.86,0.10189099116662452,0.10774637683708506
673,4,Florescent,ridge,full_1fcs,1.0,0.86,0.10189099116662452,0.10774637683708506
673,4,Florescent,ridge,full_mfcs,1.0,0.86,0.10189099116662452,0.10774637683708506
673,5,Florescent,ridge,full_ex,1.0,0.86,0.1038426608378185,0.09910805156945333
673,5,Florescent,ridge,full_1fcs,1.0,0.86,0.1038426608378185,0.09910805156945333
673,5,Florescent,ridge,full_mfcs,1.0,0.86,0.1038426608378185,0.09910805156945333
674,1,Florescent,ridge,full_ex,1.0,0.54,0.007969465611603164,0.058080596525869936
674,1,Florescent,ridge,full_1fcs,1.0,0.96,0.007969465611603164,0.058080596525869936
674,1,Florescent,ridge,full_mfcs,1.0,0.96,0.007969465611603164,0.058080596525869936
674,2,Florescent,ridge,full_ex,1.0,0.46,0.09942484148481531,0.08505763437036146
674,2,Florescent,ridge,full_1fcs,1.0,0.98,0.09942484148481531,0.08505763437036146
674,2,Florescent,ridge,full_mfcs,1.0,1.36,0.09942484148481531,0.08505763437036146
674,3,Florescent,ridge,full_ex,1.0,0.44,0.08506004254754679,0.08497901371931463
674,3,Florescent,ridge,full_1fcs,1.0,0.98,0.08506004254754679,0.08497901371931463
674,3,Florescent,ridge,full_mfcs,1.0,0.98,0.08506004254754679,0.08497901371931463
674,4,Florescent,ridge,full_ex,1.0,0.46,0.0850195315275666,0.08692301127366299
674,4,Florescent,ridge,full_1fcs,1.0,0.98,0.0850195315275666,0.08692301127366299
674,4,Florescent,ridge,full_mfcs,1.0,0.98,0.0850195315275666,0.08692301127366299
674,5,Florescent,ridge,full_ex,1.0,0.46,0.08565398932200377,0.0869174185338121
674,5,Florescent,ridge,full_1fcs,1.0,1.0,0.08565398932200377,0.0869174185338121
674,5,Florescent,ridge,full_mfcs,1.0,1.0,0.08565398932200377,0.0869174185338121
675,1,Florescent,ridge,full_ex,1.0,0.68,0.1786488539248461,0.14792984417854402
675,1,Florescent,ridge,full_1fcs,1.0,0.74,0.1786488539248461,0.14792984417854402
675,1,Florescent,ridge,full_mfcs,1.0,0.74,0.1786488539248461,0.14792984417854402
675,2,Florescent,ridge,full_ex,1.0,0.6,0.14459716216499274,0.08163803087248431
675,2,Florescent,ridge,full_1fcs,1.0,0.58,0.14459716216499274,0.08163803087248431
675,2,Florescent,ridge,full_mfcs,1.0,1.22,0.14459716216499274,0.08163803087248431
675,3,Florescent,ridge,full_ex,1.0,0.5,0.08165490670602119,0.08425594510938059
675,3,Florescent,ridge,full_1fcs,1.0,0.58,0.08165490670602119,0.08425594510938059
675,3,Florescent,ridge,full_mfcs,1.0,0.66,0.08165490670602119,0.08425594510938059
675,4,Florescent,ridge,full_ex,1.0,0.5,0.08295525158535906,0.08363119769206462
675,4,Florescent,ridge,full_1fcs,1.0,0.66,0.08295525158535906,0.08363119769206462
675,4,Florescent,ridge,full_mfcs,1.0,0.66,0.08295525158535906,0.08363119769206462
675,5,Florescent,ridge,full_ex,1.0,0.5,0.08318054681954792,0.08391131235766477
675,5,Florescent,ridge,full_1fcs,1.0,0.66,0.08318054681954792,0.08391131235766477
675,5,Florescent,ridge,full_mfcs,1.0,0.66,0.08318054681954792,0.08391131235766477
676,1,Florescent,ridge,full_ex,1.0,0.84,0.24504201751377175,0.4772000436912689
676,1,Florescent,ridge,full_1fcs,1.0,0.96,0.24504201751377175,0.4772000436912689
676,1,Florescent,ridge,full_mfcs,1.0,0.96,0.24504201751377175,0.4772000436912689
676,2,Florescent,ridge,full_ex,0.0,0.9,0.30716950497972256,0.8996360306238584
676,2,Florescent,ridge,full_1fcs,1.0,1.12,0.30716950497972256,0.8996360306238584
676,2,Florescent,ridge,full_mfcs,1.0,1.3800000000000001,0.30716950497972256,0.8996360306238584
676,3,Florescent,ridge,full_ex,1.0,1.16,0.8995548350146333,0.9021644303399378
676,3,Florescent,ridge,full_1fcs,1.0,1.3,0.8995548350146333,0.9021644303399378
676,3,Florescent,ridge,full_mfcs,1.0,1.54,0.8995548350146333,0.9021644303399378
676,4,Florescent,ridge,full_ex,1.0,1.16,0.9008595432628697,0.8772267199510719
676,4,Florescent,ridge,full_1fcs,1.0,1.4000000000000001,0.9008595432628697,0.8772267199510719
676,4,Florescent,ridge,full_mfcs,1.0,1.28,0.9008595432628697,0.8772267199510719
676,5,Florescent,ridge,full_ex,1.0,1.1400000000000001,0.8929822953918386,0.8968889855469928
676,5,Florescent,ridge,full_1fcs,1.0,1.42,0.8929822953918386,0.8968889855469928
676,5,Florescent,ridge,full_mfcs,1.0,1.3800000000000001,0.8929822953918386,0.8968889855469928
677,1,Florescent,ridge,full_ex,1.0,0.78,0.3879397274693518,0.13912963815671056
677,1,Florescent,ridge,full_1fcs,1.0,0.84,0.3879397274693518,0.13912963815671056
677,1,Florescent,ridge,full_mfcs,1.0,0.84,0.3879397274693518,0.13912963815671056
677,2,Florescent,ridge,full_ex,1.0,0.8200000000000001,0.32909406966542964,0.18997478349620084
677,2,Florescent,ridge,full_1fcs,1.0,1.3,0.32909406966542964,0.18997478349620084
677,2,Florescent,ridge,full_mfcs,1.0,1.6400000000000001,0.32909406966542964,0.18997478349620084
677,3,Florescent,ridge,full_ex,1.0,0.66,0.18999249471916707,0.17936288422703034
677,3,Florescent,ridge,full_1fcs,1.0,0.7000000000000001,0.18999249471916707,0.17936288422703034
677,3,Florescent,ridge,full_mfcs,1.0,0.7000000000000001,0.18999249471916707,0.17936288422703034
677,4,Florescent,ridge,full_ex,1.0,0.66,0.1846780278068183,0.18065085141935008
677,4,Florescent,ridge,full_1fcs,1.0,0.7000000000000001,0.1846780278068183,0.18065085141935008
677,4,Florescent,ridge,full_mfcs,1.0,0.7000000000000001,0.1846780278068183,0.18065085141935008
677,5,Florescent,ridge,full_ex,1.0,0.66,0.18333569264940847,0.17142114351574678
677,5,Florescent,ridge,full_1fcs,1.0,0.7000000000000001,0.18333569264940847,0.17142114351574678
677,5,Florescent,ridge,full_mfcs,1.0,0.7000000000000001,0.18333569264940847,0.17142114351574678
678,1,Florescent,ridge,full_ex,1.0,1.0,0.4345049687834767,0.09847855049794633
678,1,Florescent,ridge,full_1fcs,1.0,0.9400000000000001,0.4345049687834767,0.09847855049794633
678,1,Florescent,ridge,full_mfcs,1.0,0.9400000000000001,0.4345049687834767,0.09847855049794633
678,2,Florescent,ridge,full_ex,1.0,1.08,0.6998452674132691,0.6491667551078477
678,2,Florescent,ridge,full_1fcs,1.0,2.06,0.6998452674132691,0.6491667551078477
678,2,Florescent,ridge,full_mfcs,1.0,2.22,0.6998452674132691,0.6491667551078477
678,3,Florescent,ridge,full_ex,1.0,1.1,0.6491806094470968,0.6496540781587443
678,3,Florescent,ridge,full_1fcs,1.0,0.9400000000000001,0.6491806094470968,0.6496540781587443
678,3,Florescent,ridge,full_mfcs,1.0,1.0,0.6491806094470968,0.6496540781587443
678,4,Florescent,ridge,full_ex,1.0,1.1,0.6494173114380659,0.6417441974578519
678,4,Florescent,ridge,full_1fcs,1.0,1.0,0.6494173114380659,0.6417441974578519
678,4,Florescent,ridge,full_mfcs,1.0,1.0,0.6494173114380659,0.6417441974578519
678,5,Florescent,ridge,full_ex,1.0,1.1,0.646859839894524,0.6346265821053786
678,5,Florescent,ridge,full_1fcs,1.0,1.0,0.646859839894524,0.6346265821053786
678,5,Florescent,ridge,full_mfcs,1.0,1.0,0.646859839894524,0.6346265821053786
679,1,Florescent,ridge,full_ex,1.0,0.9,0.12801870114163502,0.0785170748720858
679,1,Florescent,ridge,full_1fcs,1.0,0.78,0.12801870114163502,0.0785170748720858
679,1,Florescent,ridge,full_mfcs,1.0,0.78,0.12801870114163502,0.0785170748720858
679,2,Florescent,ridge,full_ex,1.0,0.88,-0.17465822442351076,0.13413452991903582
679,2,Florescent,ridge,full_1fcs,1.0,0.96,-0.17465822442351076,0.13413452991903582
679,2,Florescent,ridge,full_mfcs,1.0,0.96,-0.17465822442351076,0.13413452991903582
679,3,Florescent,ridge,full_ex,1.0,1.08,0.13403544627466502,0.13566838994904593
679,3,Florescent,ridge,full_1fcs,1.0,0.98,0.13403544627466502,0.13566838994904593
679,3,Florescent,ridge,full_mfcs,1.0,0.98,0.13403544627466502,0.13566838994904593
679,4,Florescent,ridge,full_ex,1.0,1.04,0.1348517870995344,0.12416760559062107
679,4,Florescent,ridge,full_1fcs,1.0,0.86,0.1348517870995344,0.12416760559062107
679,4,Florescent,ridge,full_mfcs,1.0,0.86,0.1348517870995344,0.12416760559062107
679,5,Florescent,ridge,full_ex,1.0,1.02,0.131290774263939,0.15841413903170853
679,5,Florescent,ridge,full_1fcs,1.0,0.8,0.131290774263939,0.15841413903170853
679,5,Florescent,ridge,full_mfcs,1.0,0.8,0.131290774263939,0.15841413903170853
680,1,Florescent,ridge,full_ex,1.0,0.6,0.17412010458507407,0.195941517980787
680,1,Florescent,ridge,full_1fcs,1.0,0.92,0.17412010458507407,0.195941517980787
680,1,Florescent,ridge,full_mfcs,1.0,0.92,0.17412010458507407,0.195941517980787
680,2,Florescent,ridge,full_ex,1.0,0.66,0.1679836976324015,0.20253028662544165
680,2,Florescent,ridge,full_1fcs,1.0,0.98,0.1679836976324015,0.20253028662544165
680,2,Florescent,ridge,full_mfcs,1.0,1.3,0.1679836976324015,0.20253028662544165
680,3,Florescent,ridge,full_ex,1.0,0.66,0.2025237885450562,0.18462697535311795
680,3,Florescent,ridge,full_1fcs,1.0,0.66,0.2025237885450562,0.18462697535311795
680,3,Florescent,ridge,full_mfcs,1.0,0.66,0.2025237885450562,0.18462697535311795
680,4,Florescent,ridge,full_ex,1.0,0.64,0.19357622360883303,0.17155714929938654
680,4,Florescent,ridge,full_1fcs,1.0,0.64,0.19357622360883303,0.17155714929938654
680,4,Florescent,ridge,full_mfcs,1.0,0.64,0.19357622360883303,0.17155714929938654
680,5,Florescent,ridge,full_ex,1.0,0.62,0.18623699241956687,0.19562767551714066
680,5,Florescent,ridge,full_1fcs,1.0,0.62,0.18623699241956687,0.19562767551714066
680,5,Florescent,ridge,full_mfcs,1.0,0.62,0.18623699241956687,0.19562767551714066
681,1,Florescent,ridge,full_ex,1.0,0.48,0.05597461940237998,0.12037668764159017
681,1,Florescent,ridge,full_1fcs,1.0,0.74,0.05597461940237998,0.12037668764159017
681,1,Florescent,ridge,full_mfcs,1.0,0.74,0.05597461940237998,0.12037668764159017
681,2,Florescent,ridge,full_ex,1.0,0.6,0.19374964343210127,0.09448058500809604
681,2,Florescent,ridge,full_1fcs,1.0,0.74,0.19374964343210127,0.09448058500809604
681,2,Florescent,ridge,full_mfcs,1.0,0.74,0.19374964343210127,0.09448058500809604
681,3,Florescent,ridge,full_ex,1.0,0.52,0.09451441805203956,0.11819977528344139
681,3,Florescent,ridge,full_1fcs,1.0,0.62,0.09451441805203956,0.11819977528344139
681,3,Florescent,ridge,full_mfcs,1.0,0.62,0.09451441805203956,0.11819977528344139
681,4,Florescent,ridge,full_ex,1.0,0.54,0.1063550782029647,0.11099231568302133
681,4,Florescent,ridge,full_1fcs,1.0,0.64,0.1063550782029647,0.11099231568302133
681,4,Florescent,ridge,full_mfcs,1.0,0.64,0.1063550782029647,0.11099231568302133
681,5,Florescent,ridge,full_ex,1.0,0.54,0.10790064838167568,0.08190972661252
681,5,Florescent,ridge,full_1fcs,1.0,0.64,0.10790064838167568,0.08190972661252
681,5,Florescent,ridge,full_mfcs,1.0,0.64,0.10790064838167568,0.08190972661252
682,1,Florescent,ridge,full_ex,1.0,1.16,0.4526944372876055,0.05671813173089301
682,1,Florescent,ridge,full_1fcs,1.0,1.46,0.4526944372876055,0.05671813173089301
682,1,Florescent,ridge,full_mfcs,1.0,1.46,0.4526944372876055,0.05671813173089301
682,2,Florescent,ridge,full_ex,1.0,1.02,0.5145692863626714,0.07763420553304054
682,2,Florescent,ridge,full_1fcs,1.0,1.86,0.5145692863626714,0.07763420553304054
682,2,Florescent,ridge,full_mfcs,1.0,2.16,0.5145692863626714,0.07763420553304054
682,3,Florescent,ridge,full_ex,1.0,0.9,0.07770757808397198,0.07095186799135711
682,3,Florescent,ridge,full_1fcs,1.0,0.96,0.07770757808397198,0.07095186799135711
682,3,Florescent,ridge,full_mfcs,1.0,0.96,0.07770757808397198,0.07095186799135711
682,4,Florescent,ridge,full_ex,1.0,0.78,0.07433000667513998,0.08239576922653417
682,4,Florescent,ridge,full_1fcs,1.0,0.9,0.07433000667513998,0.08239576922653417
682,4,Florescent,ridge,full_mfcs,1.0,0.9,0.07433000667513998,0.08239576922653417
682,5,Florescent,ridge,full_ex,1.0,0.8,0.07701844368144863,0.07562561599632038
682,5,Florescent,ridge,full_1fcs,1.0,0.9,0.07701844368144863,0.07562561599632038
682,5,Florescent,ridge,full_mfcs,1.0,0.9,0.07701844368144863,0.07562561599632038
683,1,Florescent,ridge,full_ex,0.0,0.52,0.24111580100098629,0.9484363739713387
683,1,Florescent,ridge,full_1fcs,0.0,1.8800000000000001,0.24111580100098629,0.9484363739713387
683,1,Florescent,ridge,full_mfcs,0.0,1.8800000000000001,0.24111580100098629,0.9484363739713387
683,2,Florescent,ridge,full_ex,0.0,0.6,0.5521192724029024,1.2484558458824266
683,2,Florescent,ridge,full_1fcs,1.0,2.22,0.5521192724029024,1.2484558458824266
683,2,Florescent,ridge,full_mfcs,1.0,2.22,0.5521192724029024,1.2484558458824266
683,3,Florescent,ridge,full_ex,1.0,0.72,1.248337108484834,1.2593585979143334
683,3,Florescent,ridge,full_1fcs,1.0,2.12,1.248337108484834,1.2593585979143334
683,3,Florescent,ridge,full_mfcs,1.0,2.22,1.248337108484834,1.2593585979143334
683,4,Florescent,ridge,full_ex,1.0,0.68,1.2538473833200978,1.1852691474600134
683,4,Florescent,ridge,full_1fcs,1.0,2.12,1.2538473833200978,1.1852691474600134
683,4,Florescent,ridge,full_mfcs,1.0,1.6,1.2538473833200978,1.1852691474600134
683,5,Florescent,ridge,full_ex,1.0,0.66,1.2309892708229593,1.2073753007937635
683,5,Florescent,ridge,full_1fcs,1.0,2.04,1.2309892708229593,1.2073753007937635
683,5,Florescent,ridge,full_mfcs,1.0,1.58,1.2309892708229593,1.2073753007937635
684,1,Florescent,ridge,full_ex,1.0,0.54,-0.018846454827324992,0.09786595767823233
684,1,Florescent,ridge,full_1fcs,1.0,0.54,-0.018846454827324992,0.09786595767823233
684,1,Florescent,ridge,full_mfcs,1.0,0.54,-0.018846454827324992,0.09786595767823233
684,2,Florescent,ridge,full_ex,1.0,0.66,0.20744540109527207,0.14174281796114252
684,2,Florescent,ridge,full_1fcs,1.0,0.66,0.20744540109527207,0.14174281796114252
684,2,Florescent,ridge,full_mfcs,1.0,0.74,0.20744540109527207,0.14174281796114252
684,3,Florescent,ridge,full_ex,1.0,0.62,0.14177209559812595,0.1328556970722096
684,3,Florescent,ridge,full_1fcs,1.0,0.62,0.14177209559812595,0.1328556970722096
684,3,Florescent,ridge,full_mfcs,1.0,0.68,0.14177209559812595,0.1328556970722096
684,4,Florescent,ridge,full_ex,1.0,0.62,0.13731488986256704,0.11772020776241073
684,4,Florescent,ridge,full_1fcs,1.0,0.62,0.13731488986256704,0.11772020776241073
684,4,Florescent,ridge,full_mfcs,1.0,0.8,0.13731488986256704,0.11772020776241073
684,5,Florescent,ridge,full_ex,1.0,0.64,0.13078429962401053,0.11582212231738655
684,5,Florescent,ridge,full_1fcs,1.0,0.64,0.13078429962401053,0.11582212231738655
684,5,Florescent,ridge,full_mfcs,1.0,0.84,0.13078429962401053,0.11582212231738655
685,1,Florescent,ridge,full_ex,1.0,0.28,0.3267571492132537,0.21264515276409668
685,1,Florescent,ridge,full_1fcs,1.0,2.22,0.3267571492132537,0.21264515276409668
685,1,Florescent,ridge,full_mfcs,1.0,2.22,0.3267571492132537,0.21264515276409668
685,2,Florescent,ridge,full_ex,1.0,0.34,0.17222967771878672,0.1310150865131298
685,2,Florescent,ridge,full_1fcs,1.0,0.96,0.17222967771878672,0.1310150865131298
685,2,Florescent,ridge,full_mfcs,1.0,1.48,0.17222967771878672,0.1310150865131298
685,3,Florescent,ridge,full_ex,1.0,0.28,0.13102323587152553,0.1840704637159183
685,3,Florescent,ridge,full_1fcs,1.0,0.46,0.13102323587152553,0.1840704637159183
685,3,Florescent,ridge,full_mfcs,1.0,1.1,0.13102323587152553,0.1840704637159183
685,4,Florescent,ridge,full_ex,1.0,0.28,0.15754422727805997,0.13865453349769907
685,4,Florescent,ridge,full_1fcs,1.0,0.6,0.15754422727805997,0.13865453349769907
685,4,Florescent,ridge,full_mfcs,1.0,0.86,0.15754422727805997,0.13865453349769907
685,5,Florescent,ridge,full_ex,1.0,0.28,0.15124807774524066,0.10391674148293395
685,5,Florescent,ridge,full_1fcs,1.0,0.68,0.15124807774524066,0.10391674148293395
685,5,Florescent,ridge,full_mfcs,1.0,1.2,0.15124807774524066,0.10391674148293395
686,1,Florescent,ridge,full_ex,1.0,0.78,0.21383377680630705,0.18295764817190943
686,1,Florescent,ridge,full_1fcs,1.0,1.22,0.21383377680630705,0.18295764817190943
686,1,Florescent,ridge,full_mfcs,1.0,1.22,0.21383377680630705,0.18295764817190943
686,2,Florescent,ridge,full_ex,1.0,0.78,0.16124557986282406,0.20103734098322573
686,2,Florescent,ridge,full_1fcs,1.0,0.8200000000000001,0.16124557986282406,0.20103734098322573
686,2,Florescent,ridge,full_mfcs,1.0,1.3,0.16124557986282406,0.20103734098322573
686,3,Florescent,ridge,full_ex,1.0,0.8200000000000001,0.20103102200204112,0.08532494095050455
686,3,Florescent,ridge,full_1fcs,1.0,0.68,0.20103102200204112,0.08532494095050455
686,3,Florescent,ridge,full_mfcs,1.0,0.76,0.20103102200204112,0.08532494095050455
686,4,Florescent,ridge,full_ex,1.0,0.76,0.14318257540823176,0.15193070318810364
686,4,Florescent,ridge,full_1fcs,1.0,0.68,0.14318257540823176,0.15193070318810364
686,4,Florescent,ridge,full_mfcs,1.0,0.76,0.14318257540823176,0.15193070318810364
686,5,Florescent,ridge,full_ex,1.0,0.76,0.14609846362725776,0.16181819611198855
686,5,Florescent,ridge,full_1fcs,1.0,0.68,0.14609846362725776,0.16181819611198855
686,5,Florescent,ridge,full_mfcs,1.0,0.76,0.14609846362725776,0.16181819611198855
687,1,Florescent,ridge,full_ex,1.0,0.74,0.43066956054125444,0.1702021475370899
687,1,Florescent,ridge,full_1fcs,1.0,1.86,0.43066956054125444,0.1702021475370899
687,1,Florescent,ridge,full_mfcs,1.0,1.86,0.43066956054125444,0.1702021475370899
687,2,Florescent,ridge,full_ex,1.0,0.72,0.19317184715554514,0.16355621866778444
687,2,Florescent,ridge,full_1fcs,1.0,0.78,0.19317184715554514,0.16355621866778444
687,2,Florescent,ridge,full_mfcs,1.0,0.78,0.19317184715554514,0.16355621866778444
687,3,Florescent,ridge,full_ex,1.0,0.5,0.16356602869425718,0.15442408247800732
687,3,Florescent,ridge,full_1fcs,1.0,0.7000000000000001,0.16356602869425718,0.15442408247800732
687,3,Florescent,ridge,full_mfcs,1.0,0.7000000000000001,0.16356602869425718,0.15442408247800732
687,4,Florescent,ridge,full_ex,1.0,0.52,0.15899581276617775,0.19033645925364667
687,4,Florescent,ridge,full_1fcs,1.0,0.84,0.15899581276617775,0.19033645925364667
687,4,Florescent,ridge,full_mfcs,1.0,0.8200000000000001,0.15899581276617775,0.19033645925364667
687,5,Florescent,ridge,full_ex,1.0,0.54,0.1694415411835336,0.15606309645323607
687,5,Florescent,ridge,full_1fcs,1.0,0.86,0.1694415411835336,0.15606309645323607
687,5,Florescent,ridge,full_mfcs,1.0,0.86,0.1694415411835336,0.15606309645323607
688,1,Florescent,ridge,full_ex,1.0,0.58,0.21156057423988933,0.06724501740811048
688,1,Florescent,ridge,full_1fcs,1.0,0.96,0.21156057423988933,0.06724501740811048
688,1,Florescent,ridge,full_mfcs,1.0,0.96,0.21156057423988933,0.06724501740811048
688,2,Florescent,ridge,full_ex,1.0,0.44,0.12957836531003544,0.0
688,2,Florescent,ridge,full_1fcs,1.0,0.44,0.12957836531003544,0.0
688,2,Florescent,ridge,full_mfcs,1.0,0.88,0.12957836531003544,0.0
688,3,Florescent,ridge,full_ex,1.0,0.32,3.679942541778445e-05,0.039193115769108666
688,3,Florescent,ridge,full_1fcs,1.0,0.32,3.679942541778445e-05,0.039193115769108666
688,3,Florescent,ridge,full_mfcs,1.0,0.32,3.679942541778445e-05,0.039193115769108666
688,4,Florescent,ridge,full_ex,1.0,0.34,0.019612177166072782,0.0
688,4,Florescent,ridge,full_1fcs,1.0,0.34,0.019612177166072782,0.0
688,4,Florescent,ridge,full_mfcs,1.0,0.34,0.019612177166072782,0.0
688,5,Florescent,ridge,full_ex,1.0,0.34,0.013075403754514643,0.0
688,5,Florescent,ridge,full_1fcs,1.0,0.34,0.013075403754514643,0.0
688,5,Florescent,ridge,full_mfcs,1.0,0.34,0.013075403754514643,0.0
689,1,Florescent,ridge,full_ex,1.0,0.9,0.11417340597388621,0.10107738896827738
689,1,Florescent,ridge,full_1fcs,1.0,0.88,0.11417340597388621,0.10107738896827738
689,1,Florescent,ridge,full_mfcs,1.0,0.88,0.11417340597388621,0.10107738896827738
689,2,Florescent,ridge,full_ex,1.0,1.0,0.14709310361920397,0.27852952980920714
689,2,Florescent,ridge,full_1fcs,1.0,1.0,0.14709310361920397,0.27852952980920714
689,2,Florescent,ridge,full_mfcs,1.0,1.3800000000000001,0.14709310361920397,0.27852952980920714
689,3,Florescent,ridge,full_ex,1.0,1.12,0.27851332104033216,0.08299553038976917
689,3,Florescent,ridge,full_1fcs,1.0,1.02,0.27851332104033216,0.08299553038976917
689,3,Florescent,ridge,full_mfcs,1.0,1.04,0.27851332104033216,0.08299553038976917
689,4,Florescent,ridge,full_ex,1.0,1.02,0.1807604539095906,0.16348897770244603
689,4,Florescent,ridge,full_1fcs,1.0,0.92,0.1807604539095906,0.16348897770244603
689,4,Florescent,ridge,full_mfcs,1.0,0.92,0.1807604539095906,0.16348897770244603
689,5,Florescent,ridge,full_ex,1.0,1.0,0.17500353185212444,0.17000843463695434
689,5,Florescent,ridge,full_1fcs,1.0,0.92,0.17500353185212444,0.17000843463695434
689,5,Florescent,ridge,full_mfcs,1.0,0.92,0.17500353185212444,0.17000843463695434
690,1,Florescent,ridge,full_ex,1.0,0.42,0.09715385452023474,0.10650352733212187
690,1,Florescent,ridge,full_1fcs,1.0,0.62,0.09715385452023474,0.10650352733212187
690,1,Florescent,ridge,full_mfcs,1.0,0.62,0.09715385452023474,0.10650352733212187
690,2,Florescent,ridge,full_ex,1.0,0.56,0.18524884846661782,0.12384148520103089
690,2,Florescent,ridge,full_1fcs,1.0,0.66,0.18524884846661782,0.12384148520103089
690,2,Florescent,ridge,full_mfcs,1.0,1.0,0.18524884846661782,0.12384148520103089
690,3,Florescent,ridge,full_ex,1.0,0.48,0.12385440280994815,0.0750588941059872
690,3,Florescent,ridge,full_1fcs,1.0,0.48,0.12385440280994815,0.0750588941059872
690,3,Florescent,ridge,full_mfcs,1.0,0.8,0.12385440280994815,0.0750588941059872
690,4,Florescent,ridge,full_ex,1.0,0.44,0.09945921487474393,0.0602172934184744
690,4,Florescent,ridge,full_1fcs,1.0,0.6,0.09945921487474393,0.0602172934184744
690,4,Florescent,ridge,full_mfcs,1.0,0.8,0.09945921487474393,0.0602172934184744
690,5,Florescent,ridge,full_ex,1.0,0.42,0.08637949172992727,0.046978901835426315
690,5,Florescent,ridge,full_1fcs,1.0,0.62,0.08637949172992727,0.046978901835426315
690,5,Florescent,ridge,full_mfcs,1.0,1.1400000000000001,0.08637949172992727,0.046978901835426315
691,1,Florescent,ridge,full_ex,1.0,0.7000000000000001,0.3303240880589615,0.10990139578438399
691,1,Florescent,ridge,full_1fcs,1.0,1.76,0.3303240880589615,0.10990139578438399
691,1,Florescent,ridge,full_mfcs,1.0,1.76,0.3303240880589615,0.10990139578438399
691,2,Florescent,ridge,full_ex,1.0,0.76,0.27772399171677786,0.12010231435042412
691,2,Florescent,ridge,full_1fcs,1.0,0.86,0.27772399171677786,0.12010231435042412
691,2,Florescent,ridge,full_mfcs,1.0,1.04,0.27772399171677786,0.12010231435042412
691,3,Florescent,ridge,full_ex,1.0,0.54,0.12015661768982241,0.11984835954034594
691,3,Florescent,ridge,full_1fcs,1.0,0.54,0.12015661768982241,0.11984835954034594
691,3,Florescent,ridge,full_mfcs,1.0,0.88,0.12015661768982241,0.11984835954034594
691,4,Florescent,ridge,full_ex,1.0,0.58,0.12000251516998543,0.11912418418203374
691,4,Florescent,ridge,full_1fcs,1.0,0.72,0.12000251516998543,0.11912418418203374
691,4,Florescent,ridge,full_mfcs,1.0,0.9,0.12000251516998543,0.11912418418203374
691,5,Florescent,ridge,full_ex,1.0,0.58,0.11970977180332194,0.1202570631605475
691,5,Florescent,ridge,full_1fcs,1.0,0.86,0.11970977180332194,0.1202570631605475
691,5,Florescent,ridge,full_mfcs,1.0,1.02,0.11970977180332194,0.1202570631605475
692,1,Florescent,ridge,full_ex,1.0,0.58,0.05194610762238783,0.06697892393890141
692,1,Florescent,ridge,full_1fcs,1.0,0.8,0.05194610762238783,0.06697892393890141
692,1,Florescent,ridge,full_mfcs,1.0,0.8,0.05194610762238783,0.06697892393890141
692,2,Florescent,ridge,full_ex,1.0,0.6,0.026233639508458525,0.16324898786433106
692,2,Florescent,ridge,full_1fcs,1.0,0.6,0.026233639508458525,0.16324898786433106
692,2,Florescent,ridge,full_mfcs,1.0,0.6,0.026233639508458525,0.16324898786433106
692,3,Florescent,ridge,full_ex,1.0,0.72,0.16320162290464782,0.09017279595490092
692,3,Florescent,ridge,full_1fcs,1.0,0.72,0.16320162290464782,0.09017279595490092
692,3,Florescent,ridge,full_mfcs,1.0,0.72,0.16320162290464782,0.09017279595490092
692,4,Florescent,ridge,full_ex,1.0,0.66,0.12669352187083055,0.21010827088033918
692,4,Florescent,ridge,full_1fcs,1.0,0.66,0.12669352187083055,0.21010827088033918
692,4,Florescent,ridge,full_mfcs,1.0,0.66,0.12669352187083055,0.21010827088033918
692,5,Florescent,ridge,full_ex,1.0,0.68,0.15449523350114744,0.19727019027672854
692,5,Florescent,ridge,full_1fcs,1.0,0.68,0.15449523350114744,0.19727019027672854
692,5,Florescent,ridge,full_mfcs,1.0,0.68,0.15449523350114744,0.19727019027672854
693,1,Florescent,ridge,full_ex,1.0,0.86,0.2917854839619023,0.11225551549992649
693,1,Florescent,ridge,full_1fcs,1.0,1.1400000000000001,0.2917854839619023,0.11225551549992649
693,1,Florescent,ridge,full_mfcs,1.0,1.1400000000000001,0.2917854839619023,0.11225551549992649
693,2,Florescent,ridge,full_ex,1.0,0.64,0.13270860078165078,0.09255645688678694
693,2,Florescent,ridge,full_1fcs,1.0,0.86,0.13270860078165078,0.09255645688678694
693,2,Florescent,ridge,full_mfcs,1.0,1.3,0.13270860078165078,0.09255645688678694
693,3,Florescent,ridge,full_ex,1.0,0.64,0.09256287842725185,0.0959571553955402
693,3,Florescent,ridge,full_1fcs,1.0,0.7000000000000001,0.09256287842725185,0.0959571553955402
693,3,Florescent,ridge,full_mfcs,1.0,0.7000000000000001,0.09256287842725185,0.0959571553955402
693,4,Florescent,ridge,full_ex,1.0,0.66,0.09425988118778142,0.0457737264045655
693,4,Florescent,ridge,full_1fcs,1.0,0.7000000000000001,0.09425988118778142,0.0457737264045655
693,4,Florescent,ridge,full_mfcs,1.0,0.7000000000000001,0.09425988118778142,0.0457737264045655
693,5,Florescent,ridge,full_ex,1.0,0.64,0.07809869128651808,0.0832483782759256
693,5,Florescent,ridge,full_1fcs,1.0,0.68,0.07809869128651808,0.0832483782759256
693,5,Florescent,ridge,full_mfcs,1.0,0.68,0.07809869128651808,0.0832483782759256
694,1,Florescent,ridge,full_ex,1.0,0.9400000000000001,0.5887311970374582,0.14899125948671305
694,1,Florescent,ridge,full_1fcs,1.0,1.22,0.5887311970374582,0.14899125948671305
694,1,Florescent,ridge,full_mfcs,1.0,1.22,0.5887311970374582,0.14899125948671305
694,2,Florescent,ridge,full_ex,1.0,0.54,0.04294894835488863,0.06231313232287413
694,2,Florescent,ridge,full_1fcs,1.0,0.54,0.04294894835488863,0.06231313232287413
694,2,Florescent,ridge,full_mfcs,1.0,1.08,0.04294894835488863,0.06231313232287413
694,3,Florescent,ridge,full_ex,1.0,0.54,0.062310667668017385,0.08832909733359108
694,3,Florescent,ridge,full_1fcs,1.0,0.54,0.062310667668017385,0.08832909733359108
694,3,Florescent,ridge,full_mfcs,1.0,0.74,0.062310667668017385,0.08832909733359108
694,4,Florescent,ridge,full_ex,1.0,0.54,0.0753190545487708,0.08352629588369392
694,4,Florescent,ridge,full_1fcs,1.0,0.68,0.0753190545487708,0.08352629588369392
694,4,Florescent,ridge,full_mfcs,1.0,0.74,0.0753190545487708,0.08352629588369392
694,5,Florescent,ridge,full_ex,1.0,0.54,0.07805468558286353,0.08029051596992745
694,5,Florescent,ridge,full_1fcs,1.0,0.74,0.07805468558286353,0.08029051596992745
694,5,Florescent,ridge,full_mfcs,1.0,0.74,0.07805468558286353,0.08029051596992745
695,1,Florescent,ridge,full_ex,1.0,0.54,0.18204467967347054,0.07202806470967762
695,1,Florescent,ridge,full_1fcs,1.0,0.74,0.18204467967347054,0.07202806470967762
695,1,Florescent,ridge,full_mfcs,1.0,0.74,0.18204467967347054,0.07202806470967762
695,2,Florescent,ridge,full_ex,1.0,0.56,-0.0054840122908780525,0.10417994542273439
695,2,Florescent,ridge,full_1fcs,1.0,0.9,-0.0054840122908780525,0.10417994542273439
695,2,Florescent,ridge,full_mfcs,1.0,0.9,-0.0054840122908780525,0.10417994542273439
695,3,Florescent,ridge,full_ex,1.0,0.62,0.10415214292855592,0.14643586191032998
695,3,Florescent,ridge,full_1fcs,1.0,1.0,0.10415214292855592,0.14643586191032998
695,3,Florescent,ridge,full_mfcs,1.0,1.02,0.10415214292855592,0.14643586191032998
695,4,Florescent,ridge,full_ex,1.0,0.62,0.12529132208992055,0.12313052225048299
695,4,Florescent,ridge,full_1fcs,1.0,1.04,0.12529132208992055,0.12313052225048299
695,4,Florescent,ridge,full_mfcs,1.0,1.04,0.12529132208992055,0.12313052225048299
695,5,Florescent,ridge,full_ex,1.0,0.62,0.12457111635483775,0.1003057180225549
695,5,Florescent,ridge,full_1fcs,1.0,1.04,0.12457111635483775,0.1003057180225549
695,5,Florescent,ridge,full_mfcs,1.0,1.04,0.12457111635483775,0.1003057180225549
696,1,Florescent,ridge,full_ex,1.0,1.04,0.3783080536200812,0.08937491198062103
696,1,Florescent,ridge,full_1fcs,0.0,0.4,0.3783080536200812,0.08937491198062103
696,1,Florescent,ridge,full_mfcs,0.0,0.4,0.3783080536200812,0.08937491198062103
696,2,Florescent,ridge,full_ex,1.0,0.98,0.32054292671764495,0.067708802939938
696,2,Florescent,ridge,full_1fcs,0.0,0.38,0.32054292671764495,0.067708802939938
696,2,Florescent,ridge,full_mfcs,0.0,0.6,0.32054292671764495,0.067708802939938
696,3,Florescent,ridge,full_ex,1.0,0.74,0.06775097698971919,0.14656948537811332
696,3,Florescent,ridge,full_1fcs,1.0,0.28,0.06775097698971919,0.14656948537811332
696,3,Florescent,ridge,full_mfcs,1.0,0.36,0.06775097698971919,0.14656948537811332
696,4,Florescent,ridge,full_ex,1.0,0.78,0.10715694407521605,0.12448013485786003
696,4,Florescent,ridge,full_1fcs,1.0,0.32,0.10715694407521605,0.12448013485786003
696,4,Florescent,ridge,full_mfcs,1.0,0.4,0.10715694407521605,0.12448013485786003
696,5,Florescent,ridge,full_ex,1.0,0.78,0.11293101990392802,0.12009161125461702
696,5,Florescent,ridge,full_1fcs,1.0,0.32,0.11293101990392802,0.12009161125461702
696,5,Florescent,ridge,full_mfcs,1.0,0.42,0.11293101990392802,0.12009161125461702
697,1,Florescent,ridge,full_ex,1.0,0.72,0.2136473813778573,0.12467428687105461
697,1,Florescent,ridge,full_1fcs,1.0,0.84,0.2136473813778573,0.12467428687105461
697,1,Florescent,ridge,full_mfcs,1.0,0.84,0.2136473813778573,0.12467428687105461
697,2,Florescent,ridge,full_ex,1.0,1.04,0.334962371907821,0.07766343698209074
697,2,Florescent,ridge,full_1fcs,1.0,1.04,0.334962371907821,0.07766343698209074
697,2,Florescent,ridge,full_mfcs,1.0,1.22,0.334962371907821,0.07766343698209074
697,3,Florescent,ridge,full_ex,1.0,0.6,0.07775404601374258,0.06953642295653109
697,3,Florescent,ridge,full_1fcs,1.0,0.6,0.07775404601374258,0.06953642295653109
697,3,Florescent,ridge,full_mfcs,1.0,0.76,0.07775404601374258,0.06953642295653109
697,4,Florescent,ridge,full_ex,1.0,0.56,0.07364595808088754,0.07322988804500946
697,4,Florescent,ridge,full_1fcs,1.0,0.48,0.07364595808088754,0.07322988804500946
697,4,Florescent,ridge,full_mfcs,1.0,0.86,0.07364595808088754,0.07322988804500946
697,5,Florescent,ridge,full_ex,1.0,0.56,0.07350728435284273,0.07617342898321419
697,5,Florescent,ridge,full_1fcs,1.0,0.46,0.07350728435284273,0.07617342898321419
697,5,Florescent,ridge,full_mfcs,1.0,1.0,0.07350728435284273,0.07617342898321419
698,1,Florescent,ridge,full_ex,1.0,0.92,0.34831216102240103,0.16487968411520723
698,1,Florescent,ridge,full_1fcs,0.0,0.14,0.34831216102240103,0.16487968411520723
698,1,Florescent,ridge,full_mfcs,0.0,0.14,0.34831216102240103,0.16487968411520723
698,2,Florescent,ridge,full_ex,1.0,0.44,-0.18833708563901963,0.08292646111974705
698,2,Florescent,ridge,full_1fcs,0.0,0.02,-0.18833708563901963,0.08292646111974705
698,2,Florescent,ridge,full_mfcs,1.0,0.72,-0.18833708563901963,0.08292646111974705
698,3,Florescent,ridge,full_ex,1.0,0.7000000000000001,0.08286259461865385,0.012424087690052682
698,3,Florescent,ridge,full_1fcs,1.0,0.16,0.08286259461865385,0.012424087690052682
698,3,Florescent,ridge,full_mfcs,1.0,0.9,0.08286259461865385,0.012424087690052682
698,4,Florescent,ridge,full_ex,1.0,0.66,0.04764748766585867,0.033589237643664914
698,4,Florescent,ridge,full_1fcs,1.0,0.14,0.04764748766585867,0.033589237643664914
698,4,Florescent,ridge,full_mfcs,1.0,0.78,0.04764748766585867,0.033589237643664914
698,5,Florescent,ridge,full_ex,1.0,0.66,0.042961772148265624,0.035274256775292515
698,5,Florescent,ridge,full_1fcs,1.0,0.14,0.042961772148265624,0.035274256775292515
698,5,Florescent,ridge,full_mfcs,1.0,0.74,0.042961772148265624,0.035274256775292515
699,1,Florescent,ridge,full_ex,1.0,0.86,0.2770498330631846,0.1417503235672851
699,1,Florescent,ridge,full_1fcs,1.0,0.58,0.2770498330631846,0.1417503235672851
699,1,Florescent,ridge,full_mfcs,1.0,0.58,0.2770498330631846,0.1417503235672851
699,2,Florescent,ridge,full_ex,1.0,0.78,0.28000202323450174,0.06296275054726566
699,2,Florescent,ridge,full_1fcs,1.0,0.72,0.28000202323450174,0.06296275054726566
699,2,Florescent,ridge,full_mfcs,1.0,0.9400000000000001,0.28000202323450174,0.06296275054726566
699,3,Florescent,ridge,full_ex,1.0,0.6,0.0630290157731475,0.08230519663234917
699,3,Florescent,ridge,full_1fcs,1.0,0.6,0.0630290157731475,0.08230519663234917
699,3,Florescent,ridge,full_mfcs,1.0,0.74,0.0630290157731475,0.08230519663234917
699,4,Florescent,ridge,full_ex,1.0,0.64,0.07266563465399506,0.07255002675876415
699,4,Florescent,ridge,full_1fcs,1.0,0.44,0.07266563465399506,0.07255002675876415
699,4,Florescent,ridge,full_mfcs,1.0,0.72,0.07266563465399506,0.07255002675876415
699,5,Florescent,ridge,full_ex,1.0,0.64,0.07262710261205427,0.08142697560359896
699,5,Florescent,ridge,full_1fcs,1.0,0.36,0.07262710261205427,0.08142697560359896
699,5,Florescent,ridge,full_mfcs,1.0,0.72,0.07262710261205427,0.08142697560359896
